0.000000	0.295787	0.297237	0.293915	0.293769	0.311101	0.306351	0.298568	0.285635	0.300724	0.305091	0.288764	0.306422	0.297225	0.300780	0.299541	0.310987	0.307628	0.298384	0.298657	0.308810	0.303636	0.296441	0.325591	0.298551	0.294634	0.304172	0.304106	0.296347	0.295650	0.291959	0.302936	0.301149	0.307895	0.306243	0.309495	0.308111	0.308714	0.295265	0.309186	0.311470	0.305305	0.299111	0.308651	0.305736	0.309694	0.298193	0.306873	0.296193	0.307445	0.309800	0.299809	0.296046	0.302556	0.298964	0.304774	0.298561	0.301164	0.304309	0.306337	0.297118	0.303535	0.305410	0.298916	0.304930	0.305815	0.310248	0.298777	0.304794	0.298533	0.301095	0.289457	0.319719	0.296395	0.299828	0.312113	0.303004	0.309189	0.313452	0.298066	0.310264	0.327969	0.298126	0.311614	0.294764	0.308630	0.298723	0.304287	0.302629	0.303194	0.312459	0.304607	0.305360	
0.295787	0.000000	0.300769	0.301785	0.299236	0.305614	0.300564	0.299148	0.296519	0.295569	0.304720	0.299684	0.304551	0.302088	0.299979	0.296484	0.309922	0.306360	0.310349	0.304293	0.306771	0.310113	0.299143	0.320178	0.299328	0.287733	0.296136	0.303509	0.299758	0.296895	0.295400	0.307716	0.295908	0.306501	0.308713	0.298369	0.304914	0.303687	0.302101	0.306803	0.289545	0.298243	0.293912	0.303771	0.289940	0.296265	0.290566	0.280211	0.295040	0.292963	0.300098	0.298112	0.295323	0.308063	0.304758	0.296207	0.295416	0.298278	0.304518	0.301778	0.293288	0.299165	0.301612	0.313211	0.304930	0.312736	0.310306	0.303240	0.310981	0.293357	0.295760	0.297060	0.319150	0.303083	0.302896	0.308497	0.297611	0.310575	0.318357	0.295702	0.300026	0.323147	0.309608	0.304651	0.300442	0.301415	0.300804	0.305031	0.308608	0.291185	0.305923	0.296219	0.302856	
0.297237	0.300769	0.000000	0.293087	0.290459	0.318634	0.299169	0.295167	0.294203	0.300995	0.313106	0.298352	0.299422	0.301432	0.295863	0.293626	0.300387	0.317633	0.315857	0.306021	0.317133	0.320483	0.307391	0.316368	0.292692	0.293267	0.304309	0.298025	0.295158	0.298768	0.295914	0.302738	0.305388	0.310188	0.310646	0.314015	0.314173	0.310666	0.303765	0.315353	0.314746	0.301087	0.298475	0.305188	0.315147	0.313997	0.312400	0.316010	0.300248	0.290763	0.294605	0.301943	0.295941	0.300939	0.296680	0.300072	0.298071	0.297348	0.296753	0.306481	0.289985	0.291674	0.316375	0.311870	0.311581	0.315595	0.317115	0.309511	0.318626	0.295369	0.302766	0.301524	0.315261	0.297480	0.304321	0.310927	0.314030	0.311988	0.316076	0.309095	0.312776	0.333147	0.308539	0.317654	0.307748	0.306640	0.304139	0.307618	0.313888	0.307992	0.316789	0.308135	0.302949	
0.293915	0.301785	0.293087	0.000000	0.288323	0.312563	0.305097	0.295666	0.296259	0.302477	0.310641	0.294948	0.310898	0.308367	0.301198	0.303538	0.302641	0.320263	0.315647	0.302735	0.314717	0.308268	0.307349	0.321772	0.295468	0.295732	0.312804	0.300297	0.310353	0.303882	0.303512	0.303858	0.305050	0.312703	0.312732	0.307755	0.316028	0.301445	0.297881	0.314997	0.312297	0.308201	0.296209	0.310410	0.308829	0.312103	0.316086	0.318037	0.301057	0.293696	0.304781	0.251832	0.294338	0.303074	0.300513	0.301878	0.305670	0.297270	0.302778	0.308139	0.296926	0.301973	0.314618	0.312028	0.316050	0.310073	0.322110	0.308800	0.312143	0.301563	0.299998	0.305133	0.313309	0.299045	0.298883	0.309950	0.311541	0.300481	0.305832	0.304121	0.317437	0.335318	0.311436	0.313717	0.307250	0.305585	0.302739	0.316249	0.310809	0.311199	0.306085	0.317518	0.308014	
0.293769	0.299236	0.290459	0.288323	0.000000	0.302347	0.293694	0.296554	0.294060	0.289283	0.306224	0.289367	0.303930	0.294321	0.297724	0.285752	0.302423	0.312390	0.313285	0.306013	0.308547	0.310131	0.295239	0.318974	0.290321	0.290239	0.295663	0.299585	0.287643	0.292975	0.299548	0.295539	0.303662	0.303607	0.297721	0.303227	0.309532	0.307737	0.299376	0.308088	0.307611	0.296029	0.299835	0.309086	0.302739	0.304868	0.307575	0.305451	0.290444	0.286507	0.298510	0.300740	0.292837	0.304634	0.293286	0.296818	0.293988	0.299563	0.289370	0.299334	0.286515	0.295215	0.311179	0.313114	0.310795	0.313627	0.307268	0.309865	0.313872	0.301793	0.295727	0.292408	0.308356	0.292253	0.290318	0.298640	0.306697	0.303054	0.308829	0.303432	0.303328	0.327659	0.308762	0.305680	0.297263	0.305697	0.301587	0.311520	0.303268	0.299272	0.300763	0.305986	0.302874	
0.311101	0.305614	0.318634	0.312563	0.302347	0.000000	0.294014	0.303517	0.301929	0.304834	0.286834	0.312225	0.313259	0.288181	0.301917	0.314754	0.301267	0.283471	0.276066	0.285383	0.268304	0.280129	0.272620	0.329819	0.278807	0.312165	0.287982	0.315815	0.314651	0.305525	0.298710	0.312138	0.277022	0.257029	0.275656	0.269023	0.259198	0.302419	0.287568	0.257128	0.274484	0.300627	0.294517	0.303838	0.253780	0.285158	0.279083	0.285033	0.304061	0.322031	0.297435	0.309500	0.308645	0.316215	0.304276	0.315511	0.311194	0.312300	0.316024	0.302991	0.316739	0.304322	0.276213	0.293858	0.282603	0.286164	0.276970	0.276008	0.283623	0.310370	0.310658	0.303614	0.327042	0.311043	0.276625	0.269967	0.286765	0.290815	0.292310	0.278311	0.272574	0.323953	0.296410	0.270322	0.272924	0.304836	0.302645	0.291335	0.287005	0.277746	0.269791	0.290116	0.321102	
0.306351	0.300564	0.299169	0.305097	0.293694	0.294014	0.000000	0.297859	0.300702	0.291779	0.296033	0.299117	0.304970	0.300933	0.292254	0.300757	0.305789	0.301941	0.308838	0.303050	0.302522	0.314379	0.302483	0.319596	0.293518	0.299442	0.295388	0.304795	0.296736	0.300442	0.300833	0.300341	0.302985	0.301254	0.300428	0.294264	0.293625	0.308497	0.302803	0.295265	0.300420	0.301316	0.304546	0.304941	0.293728	0.302192	0.300564	0.301559	0.297028	0.300998	0.299351	0.303766	0.300399	0.305223	0.294091	0.294756	0.299338	0.292836	0.297683	0.299942	0.289633	0.297827	0.315431	0.307642	0.311883	0.314154	0.303816	0.303340	0.307183	0.299026	0.295403	0.292680	0.314580	0.302361	0.294874	0.305732	0.300203	0.310951	0.308933	0.307839	0.295605	0.325585	0.309726	0.309285	0.304414	0.312911	0.294866	0.317323	0.305256	0.297704	0.308106	0.306328	0.301654	
0.298568	0.299148	0.295167	0.295666	0.296554	0.303517	0.297859	0.000000	0.284541	0.294358	0.305524	0.292747	0.298226	0.294718	0.283239	0.295789	0.299669	0.304076	0.307939	0.302760	0.307945	0.309603	0.299334	0.311467	0.287774	0.292225	0.297195	0.296160	0.297308	0.289930	0.290454	0.299282	0.307866	0.302421	0.309660	0.302948	0.312239	0.308524	0.304271	0.306807	0.303818	0.299314	0.300609	0.305519	0.305731	0.308467	0.306349	0.316746	0.294753	0.299638	0.297927	0.303897	0.295598	0.298643	0.297631	0.298452	0.295976	0.297755	0.282235	0.293076	0.285235	0.292086	0.306177	0.307978	0.303442	0.307576	0.312842	0.298949	0.308441	0.295952	0.292791	0.291189	0.316759	0.300996	0.300414	0.304904	0.307030	0.296913	0.310890	0.298936	0.299263	0.325976	0.304563	0.304784	0.302429	0.310822	0.301607	0.307579	0.308610	0.303229	0.298761	0.305483	0.302999	
0.285635	0.296519	0.294203	0.296259	0.294060	0.301929	0.300702	0.284541	0.000000	0.287321	0.298703	0.290932	0.296417	0.295085	0.282281	0.289907	0.304877	0.304891	0.316981	0.309361	0.305037	0.304954	0.296756	0.309594	0.284303	0.289173	0.299589	0.294127	0.297145	0.292893	0.286847	0.297795	0.297933	0.298033	0.307670	0.301099	0.300747	0.303715	0.292866	0.306229	0.310358	0.294114	0.293723	0.299306	0.305987	0.309036	0.303754	0.303194	0.291819	0.292414	0.293349	0.299082	0.284628	0.299975	0.286457	0.290659	0.292518	0.288843	0.291496	0.291834	0.281184	0.290256	0.314915	0.305469	0.306855	0.310124	0.314846	0.308859	0.312182	0.292551	0.289576	0.293666	0.313788	0.300980	0.300873	0.307197	0.306386	0.298472	0.313862	0.308639	0.298184	0.323930	0.310566	0.307385	0.304959	0.305275	0.289374	0.306646	0.302881	0.301080	0.303788	0.301070	0.295062	
0.300724	0.295569	0.300995	0.302477	0.289283	0.304834	0.291779	0.294358	0.287321	0.000000	0.303807	0.297497	0.302200	0.296998	0.295958	0.292333	0.299771	0.311742	0.311851	0.312520	0.306022	0.314888	0.303402	0.314424	0.294471	0.294874	0.291732	0.291533	0.297937	0.287868	0.295071	0.299515	0.299967	0.306743	0.294329	0.291336	0.305877	0.305209	0.296195	0.308690	0.303084	0.295814	0.296793	0.298152	0.304608	0.310797	0.298318	0.305177	0.289910	0.295842	0.295198	0.297818	0.292971	0.304025	0.295009	0.292893	0.290860	0.283561	0.294938	0.302060	0.283927	0.295868	0.316794	0.315244	0.303968	0.315417	0.312117	0.306511	0.318142	0.287279	0.284097	0.295963	0.308720	0.292882	0.303546	0.304488	0.301415	0.295088	0.301220	0.301147	0.301567	0.330011	0.317010	0.307558	0.294691	0.309179	0.302361	0.311467	0.303788	0.293242	0.308412	0.310495	0.293314	
0.305091	0.304720	0.313106	0.310641	0.306224	0.286834	0.296033	0.305524	0.298703	0.303807	0.000000	0.308950	0.314903	0.295320	0.297327	0.311588	0.319226	0.290609	0.295054	0.277670	0.283508	0.287089	0.261749	0.331235	0.291309	0.312281	0.299278	0.314085	0.306739	0.315216	0.300696	0.303858	0.283196	0.280836	0.305053	0.303051	0.279685	0.302582	0.293436	0.285177	0.286424	0.298372	0.293215	0.307041	0.275294	0.294437	0.286850	0.286081	0.306619	0.311793	0.296350	0.307180	0.311259	0.316705	0.300124	0.310751	0.308804	0.301283	0.312237	0.296389	0.306646	0.305586	0.295085	0.285035	0.291313	0.284486	0.278860	0.287578	0.283555	0.306119	0.304604	0.308762	0.322656	0.309867	0.293547	0.285118	0.281367	0.299900	0.306082	0.290993	0.281574	0.314168	0.299050	0.295715	0.287568	0.299308	0.294787	0.301463	0.291675	0.292727	0.300082	0.284110	0.313294	
0.288764	0.299684	0.298352	0.294948	0.289367	0.312225	0.299117	0.292747	0.290932	0.297497	0.308950	0.000000	0.298607	0.303964	0.292612	0.300749	0.300692	0.315183	0.322492	0.310995	0.317932	0.313693	0.307064	0.314524	0.299956	0.295137	0.301260	0.294399	0.293580	0.296085	0.296622	0.300529	0.301019	0.315055	0.304172	0.307441	0.314035	0.311853	0.301558	0.315123	0.309206	0.306027	0.302893	0.305965	0.307677	0.316900	0.310149	0.314903	0.300716	0.289881	0.293098	0.294285	0.302158	0.300220	0.297164	0.300157	0.292396	0.295451	0.298659	0.297653	0.291641	0.290768	0.315990	0.317149	0.315483	0.313603	0.315177	0.310680	0.318734	0.297692	0.290644	0.285544	0.311739	0.303076	0.294668	0.305691	0.306717	0.304815	0.312951	0.304709	0.304137	0.325234	0.310802	0.308633	0.307119	0.311624	0.303807	0.311734	0.305594	0.297125	0.307096	0.307900	0.300221	
0.306422	0.304551	0.299422	0.310898	0.303930	0.313259	0.304970	0.298226	0.296417	0.302200	0.314903	0.298607	0.000000	0.314150	0.302374	0.300883	0.305145	0.319966	0.315718	0.311018	0.317863	0.324268	0.311299	0.318232	0.301241	0.275991	0.304806	0.289138	0.295307	0.302642	0.294685	0.303562	0.311407	0.317125	0.306700	0.312960	0.315498	0.321577	0.309883	0.319466	0.314542	0.306033	0.304772	0.307568	0.312179	0.319269	0.318697	0.325608	0.304889	0.301029	0.305943	0.302617	0.305031	0.304279	0.301295	0.303882	0.297387	0.299336	0.296151	0.305279	0.295784	0.298393	0.317029	0.324122	0.314803	0.324190	0.323363	0.313925	0.319190	0.295539	0.300439	0.308246	0.311312	0.306674	0.304226	0.313589	0.313006	0.313171	0.317074	0.311879	0.313467	0.327646	0.312236	0.321006	0.315890	0.311709	0.304678	0.309914	0.309664	0.317250	0.322012	0.313643	0.290569	
0.297225	0.302088	0.301432	0.308367	0.294321	0.288181	0.300933	0.294718	0.295085	0.296998	0.295320	0.303964	0.314150	0.000000	0.291727	0.305734	0.308788	0.287591	0.293551	0.291886	0.294236	0.290225	0.286134	0.327501	0.299836	0.300001	0.298411	0.314062	0.300166	0.300520	0.293648	0.310012	0.288349	0.284068	0.304158	0.292608	0.293964	0.292678	0.310893	0.294488	0.291600	0.294178	0.295066	0.309650	0.290640	0.303609	0.285183	0.292719	0.302709	0.309061	0.304476	0.313858	0.308419	0.301177	0.298058	0.311373	0.309061	0.294891	0.299251	0.308175	0.304135	0.301720	0.289686	0.286831	0.296027	0.293048	0.289713	0.287295	0.288846	0.307693	0.301703	0.299323	0.318394	0.311185	0.292980	0.305136	0.300852	0.304011	0.305279	0.280376	0.293747	0.326259	0.306085	0.308770	0.289377	0.311286	0.301486	0.256372	0.296066	0.285109	0.302496	0.300072	0.302614	
0.300780	0.299979	0.295863	0.301198	0.297724	0.301917	0.292254	0.283239	0.282281	0.295958	0.297327	0.292612	0.302374	0.291727	0.000000	0.301693	0.298294	0.296560	0.299657	0.295659	0.294740	0.301605	0.290102	0.313837	0.281368	0.297415	0.302353	0.298701	0.295164	0.286629	0.287941	0.301832	0.298124	0.298807	0.304452	0.305194	0.300237	0.299109	0.300644	0.304323	0.301447	0.295797	0.300265	0.303473	0.302582	0.302346	0.300673	0.301291	0.299233	0.298291	0.300316	0.303710	0.298155	0.294813	0.296553	0.297250	0.297115	0.291465	0.293014	0.293811	0.289017	0.290870	0.299754	0.300407	0.300523	0.298990	0.308346	0.301805	0.303720	0.294664	0.291422	0.288263	0.309145	0.303921	0.295666	0.302645	0.295372	0.298822	0.307742	0.295537	0.296824	0.323684	0.310179	0.303851	0.302478	0.302953	0.292547	0.298097	0.304020	0.301082	0.307031	0.300568	0.299888	
0.299541	0.296484	0.293626	0.303538	0.285752	0.314754	0.300757	0.295789	0.289907	0.292333	0.311588	0.300749	0.300883	0.305734	0.301693	0.000000	0.301891	0.320318	0.322790	0.319337	0.319395	0.316195	0.316093	0.318487	0.297760	0.293577	0.303521	0.295111	0.296280	0.293001	0.295404	0.296675	0.308114	0.315730	0.305853	0.306918	0.312250	0.314509	0.303412	0.317831	0.313874	0.301109	0.301850	0.302383	0.314859	0.321499	0.306828	0.316726	0.298565	0.291419	0.292976	0.303967	0.295987	0.305511	0.287159	0.299103	0.291436	0.296428	0.295516	0.300591	0.291549	0.298394	0.326871	0.321338	0.313853	0.321782	0.313338	0.313932	0.322641	0.300306	0.290053	0.298034	0.309272	0.299032	0.301346	0.312840	0.309710	0.302429	0.315679	0.312021	0.307452	0.325176	0.314168	0.310723	0.312165	0.311428	0.305633	0.310642	0.314395	0.309510	0.315518	0.308407	0.292417	
0.310987	0.309922	0.300387	0.302641	0.302423	0.301267	0.305789	0.299669	0.304877	0.299771	0.319226	0.300692	0.305145	0.308788	0.298294	0.301891	0.000000	0.326007	0.327405	0.313258	0.326794	0.329190	0.319769	0.317861	0.308497	0.297724	0.315982	0.300970	0.303368	0.299524	0.306859	0.310234	0.315764	0.312596	0.303626	0.305975	0.312450	0.311761	0.305323	0.314989	0.312479	0.308244	0.311150	0.308639	0.308822	0.320592	0.311121	0.319143	0.304688	0.301024	0.308241	0.304449	0.307640	0.316257	0.304403	0.302227	0.300785	0.304988	0.303817	0.301054	0.301737	0.300505	0.322558	0.325835	0.319245	0.323554	0.323222	0.321283	0.328546	0.295376	0.302484	0.300332	0.317460	0.311775	0.297134	0.310787	0.311305	0.307739	0.320435	0.320013	0.310628	0.335469	0.314088	0.303418	0.310950	0.311722	0.299283	0.316560	0.316294	0.312756	0.312758	0.319709	0.298832	
0.307628	0.306360	0.317633	0.320263	0.312390	0.283471	0.301941	0.304076	0.304891	0.311742	0.290609	0.315183	0.319966	0.287591	0.296560	0.320318	0.326007	0.000000	0.245028	0.271750	0.261436	0.264610	0.292610	0.338920	0.295344	0.318709	0.301411	0.318803	0.315897	0.312143	0.286577	0.319795	0.299608	0.271809	0.291742	0.295896	0.294947	0.303478	0.304721	0.285007	0.292581	0.306120	0.297249	0.308861	0.274934	0.294375	0.302940	0.284155	0.315655	0.319071	0.305901	0.316893	0.320951	0.314171	0.308772	0.321911	0.312900	0.313126	0.314729	0.312829	0.312758	0.311259	0.267511	0.275262	0.255453	0.258260	0.237552	0.254313	0.267940	0.315195	0.319096	0.303634	0.325221	0.312554	0.294237	0.305891	0.303839	0.305947	0.303134	0.275700	0.293999	0.304620	0.314311	0.297645	0.292519	0.315788	0.305959	0.293314	0.289632	0.294890	0.303419	0.284547	0.319565	
0.298384	0.310349	0.315857	0.315647	0.313285	0.276066	0.308838	0.307939	0.316981	0.311851	0.295054	0.322492	0.315718	0.293551	0.299657	0.322790	0.327405	0.245028	0.000000	0.268347	0.196476	0.277094	0.288928	0.341524	0.294855	0.319547	0.309890	0.328541	0.323125	0.313221	0.297094	0.326125	0.259403	0.268692	0.292522	0.302606	0.289532	0.298873	0.298840	0.282965	0.281189	0.300959	0.292313	0.310054	0.273022	0.291505	0.287547	0.283108	0.309780	0.327539	0.302172	0.320430	0.322759	0.318371	0.313555	0.321726	0.316553	0.315265	0.323518	0.313645	0.321398	0.310766	0.233616	0.251849	0.232581	0.259260	0.257207	0.255525	0.228187	0.313526	0.312926	0.314016	0.333785	0.312464	0.292797	0.298156	0.302502	0.297493	0.284015	0.250790	0.284470	0.320690	0.305739	0.300308	0.294573	0.313438	0.307683	0.289165	0.287809	0.276982	0.299688	0.290647	0.327399	
0.298657	0.304293	0.306021	0.302735	0.306013	0.285383	0.303050	0.302760	0.309361	0.312520	0.277670	0.310995	0.311018	0.291886	0.295659	0.319337	0.313258	0.271750	0.268347	0.000000	0.269440	0.257824	0.286250	0.327266	0.296791	0.310286	0.304536	0.314433	0.294946	0.307431	0.294073	0.305123	0.289562	0.283132	0.297497	0.312760	0.290356	0.302521	0.291251	0.299803	0.297372	0.299057	0.298097	0.307437	0.291634	0.286409	0.295347	0.278664	0.312933	0.310316	0.312535	0.313198	0.313332	0.309977	0.306603	0.318348	0.312341	0.316477	0.307558	0.307252	0.306089	0.308306	0.257873	0.274958	0.269480	0.260612	0.264760	0.258049	0.232388	0.299257	0.312078	0.305913	0.322165	0.310497	0.286396	0.294120	0.301750	0.303427	0.307219	0.283928	0.289642	0.335492	0.294576	0.299630	0.300023	0.312884	0.295820	0.280352	0.298799	0.286995	0.298389	0.298630	0.318626	
0.308810	0.306771	0.317133	0.314717	0.308547	0.268304	0.302522	0.307945	0.305037	0.306022	0.283508	0.317932	0.317863	0.294236	0.294740	0.319395	0.326794	0.261436	0.196476	0.269440	0.000000	0.262991	0.285722	0.340153	0.298200	0.323265	0.308874	0.325538	0.314974	0.314119	0.301460	0.322270	0.274143	0.259247	0.297876	0.299877	0.278103	0.295827	0.299997	0.277601	0.274830	0.296930	0.290270	0.308159	0.279783	0.287807	0.273987	0.277438	0.315694	0.327054	0.296843	0.323411	0.318511	0.316672	0.315553	0.313518	0.321419	0.313858	0.317105	0.313088	0.317268	0.307359	0.231964	0.255343	0.213768	0.269315	0.247025	0.264644	0.208856	0.315441	0.317357	0.313615	0.326623	0.318120	0.292239	0.293189	0.291373	0.303277	0.295404	0.261129	0.264146	0.325087	0.310982	0.295030	0.290909	0.317076	0.304598	0.285498	0.291459	0.277341	0.301218	0.290274	0.324796	
0.303636	0.310113	0.320483	0.308268	0.310131	0.280129	0.314379	0.309603	0.304954	0.314888	0.287089	0.313693	0.324268	0.290225	0.301605	0.316195	0.329190	0.264610	0.277094	0.257824	0.262991	0.000000	0.296903	0.338645	0.298851	0.320562	0.308315	0.324168	0.318111	0.312072	0.303260	0.306612	0.290566	0.298992	0.311008	0.306923	0.294958	0.307224	0.302979	0.305555	0.293145	0.305452	0.298959	0.313924	0.303865	0.310284	0.288553	0.301002	0.305388	0.320815	0.308880	0.310751	0.307911	0.307853	0.314004	0.317770	0.320199	0.312127	0.311926	0.305459	0.310800	0.314449	0.272980	0.284251	0.274927	0.276016	0.258562	0.285103	0.255514	0.319090	0.310524	0.311348	0.329442	0.309038	0.303538	0.308935	0.293983	0.302156	0.302074	0.289443	0.283890	0.318295	0.304137	0.298570	0.296302	0.305912	0.292243	0.285240	0.309134	0.301910	0.301186	0.301833	0.324734	
0.296441	0.299143	0.307391	0.307349	0.295239	0.272620	0.302483	0.299334	0.296756	0.303402	0.261749	0.307064	0.311299	0.286134	0.290102	0.316093	0.319769	0.292610	0.288928	0.286250	0.285722	0.296903	0.000000	0.326214	0.258234	0.310191	0.280809	0.312131	0.311895	0.306486	0.296953	0.313719	0.252370	0.280465	0.301133	0.298944	0.273449	0.294506	0.290215	0.271423	0.277976	0.289533	0.289792	0.301964	0.274795	0.283360	0.275858	0.281529	0.303255	0.310542	0.305069	0.307239	0.310632	0.306013	0.295245	0.309995	0.312365	0.302242	0.311769	0.303402	0.306271	0.300632	0.283047	0.276256	0.293515	0.281462	0.288939	0.268600	0.287548	0.292428	0.302701	0.301927	0.322286	0.312411	0.284279	0.282702	0.280808	0.297313	0.298790	0.281895	0.280133	0.321499	0.290982	0.284522	0.282052	0.300912	0.296061	0.281922	0.276913	0.284912	0.287197	0.281681	0.318578	
0.325591	0.320178	0.316368	0.321772	0.318974	0.329819	0.319596	0.311467	0.309594	0.314424	0.331235	0.314524	0.318232	0.327501	0.313837	0.318487	0.317861	0.338920	0.341524	0.327266	0.340153	0.338645	0.326214	0.000000	0.305748	0.311390	0.320447	0.316780	0.326010	0.309052	0.314541	0.324874	0.325403	0.335799	0.330253	0.327389	0.327096	0.331569	0.326619	0.331654	0.327927	0.326216	0.327622	0.325612	0.330529	0.335433	0.336498	0.334174	0.321420	0.317903	0.313582	0.317098	0.311522	0.325070	0.320715	0.319734	0.317761	0.321283	0.319359	0.316454	0.313143	0.314275	0.337610	0.334607	0.338113	0.337071	0.337984	0.329789	0.332424	0.315928	0.314037	0.308813	0.291382	0.324776	0.324291	0.330721	0.331381	0.326429	0.328863	0.327770	0.329331	0.306077	0.331624	0.321274	0.322400	0.329691	0.326768	0.337446	0.330969	0.329058	0.326954	0.329058	0.315651	
0.298551	0.299328	0.292692	0.295468	0.290321	0.278807	0.293518	0.287774	0.284303	0.294471	0.291309	0.299956	0.301241	0.299836	0.281368	0.297760	0.308497	0.295344	0.294855	0.296791	0.298200	0.298851	0.258234	0.305748	0.000000	0.297287	0.268219	0.294894	0.303860	0.288516	0.289950	0.301248	0.255768	0.299769	0.306304	0.304430	0.295647	0.302090	0.293432	0.297475	0.284974	0.300440	0.290365	0.301907	0.292997	0.296105	0.298442	0.298734	0.300519	0.295477	0.294215	0.291129	0.298583	0.302534	0.294400	0.294324	0.294595	0.299704	0.299994	0.300034	0.296684	0.293220	0.293121	0.299456	0.293489	0.289612	0.303504	0.287438	0.299711	0.283264	0.305078	0.279585	0.315736	0.300178	0.292709	0.289342	0.297382	0.299017	0.302064	0.288986	0.299604	0.319629	0.307799	0.293107	0.294089	0.306456	0.299812	0.293135	0.295092	0.286989	0.282922	0.297506	0.306441	
0.294634	0.287733	0.293267	0.295732	0.290239	0.312165	0.299442	0.292225	0.289173	0.294874	0.312281	0.295137	0.275991	0.300001	0.297415	0.293577	0.297724	0.318709	0.319547	0.310286	0.323265	0.320562	0.310191	0.311390	0.297287	0.000000	0.298803	0.289895	0.297224	0.298927	0.290643	0.306377	0.306137	0.313669	0.309329	0.302790	0.316202	0.312303	0.300924	0.312699	0.310695	0.303821	0.300584	0.297748	0.304467	0.315561	0.312441	0.317413	0.301364	0.288975	0.299877	0.296319	0.294141	0.302476	0.299193	0.297126	0.296359	0.293234	0.295596	0.300815	0.285175	0.299468	0.322089	0.318397	0.317654	0.321911	0.319361	0.317130	0.321013	0.291115	0.290429	0.292553	0.310529	0.299837	0.308876	0.309511	0.309953	0.307242	0.321115	0.309409	0.309457	0.329832	0.318200	0.321048	0.311374	0.313745	0.295574	0.310936	0.311443	0.307088	0.310060	0.305043	0.286956	
0.304172	0.296136	0.304309	0.312804	0.295663	0.287982	0.295388	0.297195	0.299589	0.291732	0.299278	0.301260	0.304806	0.298411	0.302353	0.303521	0.315982	0.301411	0.309890	0.304536	0.308874	0.308315	0.280809	0.320447	0.268219	0.298803	0.000000	0.297226	0.301494	0.298173	0.292450	0.301725	0.271634	0.303152	0.308103	0.309976	0.306335	0.310999	0.305999	0.308431	0.291361	0.301243	0.299191	0.309855	0.303532	0.302828	0.298678	0.304690	0.298129	0.298911	0.306311	0.306779	0.302356	0.298370	0.301126	0.299598	0.299478	0.300656	0.297522	0.303312	0.301630	0.305608	0.301077	0.310719	0.302261	0.301107	0.303694	0.291490	0.306177	0.303403	0.304357	0.294342	0.314014	0.303669	0.297252	0.290867	0.297260	0.303819	0.316028	0.293269	0.298946	0.320691	0.313181	0.291809	0.302489	0.309650	0.302695	0.305388	0.301718	0.299179	0.288547	0.300355	0.302336	
0.304106	0.303509	0.298025	0.300297	0.299585	0.315815	0.304795	0.296160	0.294127	0.291533	0.314085	0.294399	0.289138	0.314062	0.298701	0.295111	0.300970	0.318803	0.328541	0.314433	0.325538	0.324168	0.312131	0.316780	0.294894	0.289895	0.297226	0.000000	0.306055	0.295951	0.300304	0.302012	0.306178	0.318039	0.307343	0.313435	0.318869	0.318976	0.301669	0.317032	0.309343	0.315844	0.302041	0.312161	0.320193	0.321061	0.314319	0.318912	0.286562	0.290792	0.299863	0.296770	0.298313	0.311299	0.293258	0.282846	0.303127	0.293460	0.295981	0.300684	0.293590	0.280602	0.329656	0.323194	0.319775	0.325752	0.326561	0.318395	0.323657	0.295516	0.269415	0.275348	0.301666	0.294586	0.305029	0.311698	0.315134	0.300983	0.314685	0.316961	0.310425	0.314603	0.307596	0.316125	0.312702	0.306233	0.307026	0.315186	0.309699	0.309436	0.310480	0.307342	0.288954	
0.296347	0.299758	0.295158	0.310353	0.287643	0.314651	0.296736	0.297308	0.297145	0.297937	0.306739	0.293580	0.295307	0.300166	0.295164	0.296280	0.303368	0.315897	0.323125	0.294946	0.314974	0.318111	0.311895	0.326010	0.303860	0.297224	0.301494	0.306055	0.000000	0.299505	0.297379	0.293075	0.318326	0.309974	0.309783	0.318473	0.315271	0.312700	0.309866	0.313301	0.316687	0.285453	0.307026	0.311202	0.307503	0.311296	0.308361	0.308476	0.303072	0.296861	0.308710	0.306960	0.306343	0.306703	0.293286	0.305939	0.300954	0.305282	0.289504	0.305754	0.294386	0.304564	0.313437	0.325081	0.314495	0.307417	0.315526	0.308878	0.316786	0.297912	0.303608	0.302607	0.309020	0.305417	0.301328	0.310239	0.307253	0.312336	0.322875	0.309197	0.318224	0.333918	0.305673	0.311119	0.300013	0.311403	0.303576	0.306771	0.310370	0.307484	0.313282	0.309836	0.305372	
0.295650	0.296895	0.298768	0.303882	0.292975	0.305525	0.300442	0.289930	0.292893	0.287868	0.315216	0.296085	0.302642	0.300520	0.286629	0.293001	0.299524	0.312143	0.313221	0.307431	0.314119	0.312072	0.306486	0.309052	0.288516	0.298927	0.298173	0.295951	0.299505	0.000000	0.292234	0.297993	0.308388	0.311316	0.308381	0.307366	0.316342	0.314386	0.305246	0.314225	0.304045	0.304499	0.303396	0.307573	0.314338	0.314755	0.309320	0.308724	0.294739	0.300854	0.301639	0.300776	0.299310	0.304432	0.295564	0.302559	0.295242	0.295290	0.302854	0.301095	0.290921	0.299334	0.308228	0.312306	0.305629	0.311548	0.311797	0.304882	0.312266	0.290400	0.289684	0.285556	0.311509	0.296192	0.296305	0.310350	0.310302	0.299763	0.310105	0.306149	0.307119	0.324852	0.314106	0.308054	0.311524	0.309977	0.302979	0.311400	0.316214	0.306485	0.301198	0.307737	0.294489	
0.291959	0.295400	0.295914	0.303512	0.299548	0.298710	0.300833	0.290454	0.286847	0.295071	0.300696	0.296622	0.294685	0.293648	0.287941	0.295404	0.306859	0.286577	0.297094	0.294073	0.301460	0.303260	0.296953	0.314541	0.289950	0.290643	0.292450	0.300304	0.297379	0.292234	0.000000	0.311855	0.300448	0.294880	0.298418	0.303234	0.304793	0.303833	0.305869	0.307729	0.293985	0.299260	0.298762	0.304396	0.295057	0.306128	0.300890	0.305231	0.299902	0.310088	0.299524	0.307399	0.302753	0.299898	0.296802	0.293171	0.298547	0.305268	0.296771	0.299743	0.290951	0.291034	0.300475	0.298392	0.284271	0.303614	0.300310	0.289800	0.296708	0.300118	0.295389	0.289388	0.315950	0.303310	0.301665	0.306977	0.303944	0.307360	0.312696	0.291179	0.298246	0.320468	0.312427	0.301534	0.306625	0.310592	0.294765	0.296984	0.307453	0.300060	0.305802	0.297195	0.297825	
0.302936	0.307716	0.302738	0.303858	0.295539	0.312138	0.300341	0.299282	0.297795	0.299515	0.303858	0.300529	0.303562	0.310012	0.301832	0.296675	0.310234	0.319795	0.326125	0.305123	0.322270	0.306612	0.313719	0.324874	0.301248	0.306377	0.301725	0.302012	0.293075	0.297993	0.311855	0.000000	0.313197	0.314153	0.309774	0.320078	0.314606	0.309626	0.304860	0.319439	0.312678	0.308873	0.306813	0.308763	0.315707	0.312694	0.313900	0.314011	0.298614	0.294426	0.309386	0.304693	0.295318	0.305684	0.294108	0.298776	0.303125	0.304342	0.306766	0.303183	0.303915	0.307081	0.317895	0.328582	0.319849	0.312638	0.315626	0.316326	0.318480	0.300467	0.299270	0.303914	0.313965	0.301942	0.306750	0.305400	0.308478	0.306805	0.316295	0.310771	0.309897	0.323908	0.315441	0.313884	0.314779	0.308444	0.306014	0.308162	0.312832	0.311924	0.313959	0.312042	0.296499	
0.301149	0.295908	0.305388	0.305050	0.303662	0.277022	0.302985	0.307866	0.297933	0.299967	0.283196	0.301019	0.311407	0.288349	0.298124	0.308114	0.315764	0.299608	0.259403	0.289562	0.274143	0.290566	0.252370	0.325403	0.255768	0.306137	0.271634	0.306178	0.318326	0.308388	0.300448	0.313197	0.000000	0.282373	0.303633	0.284862	0.278409	0.293205	0.285207	0.286617	0.264440	0.299663	0.285392	0.299341	0.270854	0.288983	0.276860	0.277929	0.298525	0.304460	0.298524	0.309686	0.306595	0.309357	0.301851	0.302222	0.311313	0.300037	0.312084	0.302444	0.307017	0.298421	0.283739	0.281128	0.288744	0.287477	0.300017	0.282817	0.282445	0.299305	0.303210	0.305289	0.318938	0.313624	0.293770	0.283170	0.294775	0.292419	0.292209	0.264538	0.294819	0.323647	0.318372	0.295705	0.299884	0.308754	0.300926	0.282177	0.286902	0.252556	0.281306	0.295007	0.313197	
0.307895	0.306501	0.310188	0.312703	0.303607	0.257029	0.301254	0.302421	0.298033	0.306743	0.280836	0.315055	0.317125	0.284068	0.298807	0.315730	0.312596	0.271809	0.268692	0.283132	0.259247	0.298992	0.280465	0.335799	0.299769	0.313669	0.303152	0.318039	0.309974	0.311316	0.294880	0.314153	0.282373	0.000000	0.283338	0.291864	0.256448	0.280036	0.279119	0.254799	0.270665	0.298889	0.286680	0.296011	0.249328	0.259390	0.266880	0.265973	0.310367	0.323868	0.296951	0.319709	0.309289	0.303562	0.299886	0.311294	0.309586	0.305872	0.315981	0.305713	0.312463	0.307865	0.280014	0.274097	0.266383	0.275633	0.281074	0.286510	0.274273	0.317190	0.311056	0.304588	0.331288	0.317308	0.292586	0.282388	0.290028	0.303328	0.301356	0.277005	0.280310	0.319254	0.292890	0.290964	0.280226	0.314035	0.298489	0.300682	0.281084	0.264010	0.290078	0.281699	0.320430	
0.306243	0.308713	0.310646	0.312732	0.297721	0.275656	0.300428	0.309660	0.307670	0.294329	0.305053	0.304172	0.306700	0.304158	0.304452	0.305853	0.303626	0.291742	0.292522	0.297497	0.297876	0.311008	0.301133	0.330253	0.306304	0.309329	0.308103	0.307343	0.309783	0.308381	0.298418	0.309774	0.303633	0.283338	0.000000	0.274957	0.289056	0.307456	0.306207	0.277103	0.288040	0.301241	0.301514	0.306150	0.279658	0.302982	0.293401	0.299383	0.300614	0.312293	0.296554	0.312417	0.314764	0.313844	0.300666	0.311590	0.303042	0.307286	0.311803	0.313215	0.310181	0.303847	0.297790	0.298833	0.282982	0.299524	0.279017	0.298160	0.295145	0.303687	0.304788	0.310653	0.322020	0.305415	0.285098	0.301073	0.298359	0.294001	0.307939	0.303961	0.279493	0.330481	0.299060	0.287548	0.289053	0.309521	0.304204	0.295964	0.290460	0.291583	0.302104	0.299449	0.313429	
0.309495	0.298369	0.314015	0.307755	0.303227	0.269023	0.294264	0.302948	0.301099	0.291336	0.303051	0.307441	0.312960	0.292608	0.305194	0.306918	0.305975	0.295896	0.302606	0.312760	0.299877	0.306923	0.298944	0.327389	0.304430	0.302790	0.309976	0.313435	0.318473	0.307366	0.303234	0.320078	0.284862	0.291864	0.274957	0.000000	0.260642	0.305693	0.289126	0.254533	0.259978	0.306542	0.294481	0.294138	0.257072	0.299037	0.286664	0.284590	0.300966	0.313641	0.301046	0.316696	0.303682	0.320800	0.302376	0.305134	0.313195	0.304231	0.319169	0.310960	0.305889	0.302898	0.306890	0.304404	0.295650	0.309676	0.297051	0.302050	0.302750	0.308286	0.303659	0.304651	0.324497	0.311169	0.294811	0.309540	0.295945	0.283364	0.290403	0.283694	0.281387	0.329062	0.309253	0.290841	0.288107	0.310583	0.304649	0.300640	0.297118	0.276401	0.291453	0.299364	0.313209	
0.308111	0.304914	0.314173	0.316028	0.309532	0.259198	0.293625	0.312239	0.300747	0.305877	0.279685	0.314035	0.315498	0.293964	0.300237	0.312250	0.312450	0.294947	0.289532	0.290356	0.278103	0.294958	0.273449	0.327096	0.295647	0.316202	0.306335	0.318869	0.315271	0.316342	0.304793	0.314606	0.278409	0.256448	0.289056	0.260642	0.000000	0.283099	0.276065	0.229696	0.264995	0.299966	0.289019	0.296836	0.242913	0.267899	0.262960	0.260687	0.310328	0.319865	0.301753	0.322522	0.305695	0.310669	0.302909	0.311622	0.318766	0.298501	0.318186	0.298280	0.310221	0.309367	0.285489	0.288088	0.291632	0.272355	0.295642	0.293385	0.284925	0.316342	0.308445	0.308883	0.333712	0.316305	0.285545	0.291319	0.282550	0.301689	0.302544	0.280273	0.269194	0.314729	0.298503	0.288133	0.276658	0.312001	0.305863	0.297424	0.282108	0.272467	0.297800	0.268386	0.319063	
0.308714	0.303687	0.310666	0.301445	0.307737	0.302419	0.308497	0.308524	0.303715	0.305209	0.302582	0.311853	0.321577	0.292678	0.299109	0.314509	0.311761	0.303478	0.298873	0.302521	0.295827	0.307224	0.294506	0.331569	0.302090	0.312303	0.310999	0.318976	0.312700	0.314386	0.303833	0.309626	0.293205	0.280036	0.307456	0.305693	0.283099	0.000000	0.282555	0.289077	0.274713	0.296210	0.297993	0.305075	0.276156	0.279730	0.274792	0.271482	0.308411	0.308471	0.310206	0.316453	0.306911	0.301829	0.300497	0.309746	0.313579	0.303365	0.313619	0.310812	0.310030	0.311206	0.299796	0.307876	0.295193	0.285003	0.305912	0.303711	0.298849	0.309714	0.311120	0.306727	0.321506	0.311483	0.310036	0.304586	0.285144	0.298428	0.314139	0.297462	0.291194	0.333889	0.312722	0.309813	0.292210	0.308608	0.307641	0.293334	0.300041	0.282494	0.302529	0.291930	0.318164	
0.295265	0.302101	0.303765	0.297881	0.299376	0.287568	0.302803	0.304271	0.292866	0.296195	0.293436	0.301558	0.309883	0.310893	0.300644	0.303412	0.305323	0.304721	0.298840	0.291251	0.299997	0.302979	0.290215	0.326619	0.293432	0.300924	0.305999	0.301669	0.309866	0.305246	0.305869	0.304860	0.285207	0.279119	0.306207	0.289126	0.276065	0.282555	0.000000	0.278585	0.275635	0.302284	0.287882	0.283593	0.273722	0.281720	0.284464	0.274379	0.295700	0.302991	0.299194	0.303933	0.299232	0.308547	0.295734	0.303720	0.308056	0.294720	0.311846	0.306660	0.301903	0.308199	0.298395	0.301213	0.302898	0.295269	0.309781	0.303639	0.303612	0.304455	0.299182	0.308346	0.318424	0.304835	0.293984	0.291408	0.290873	0.298362	0.299935	0.295224	0.294620	0.325338	0.301883	0.304254	0.302423	0.305442	0.299047	0.303312	0.301682	0.279586	0.292952	0.293691	0.315375	
0.309186	0.306803	0.315353	0.314997	0.308088	0.257128	0.295265	0.306807	0.306229	0.308690	0.285177	0.315123	0.319466	0.294488	0.304323	0.317831	0.314989	0.285007	0.282965	0.299803	0.277601	0.305555	0.271423	0.331654	0.297475	0.312699	0.308431	0.317032	0.313301	0.314225	0.307729	0.319439	0.286617	0.254799	0.277103	0.254533	0.229696	0.289077	0.278585	0.000000	0.257186	0.294440	0.288203	0.291389	0.249413	0.273527	0.271337	0.269755	0.310688	0.318205	0.298570	0.316350	0.308509	0.316355	0.305833	0.316703	0.314228	0.300357	0.320317	0.307408	0.308975	0.306674	0.281051	0.275997	0.282108	0.282792	0.280835	0.284868	0.285406	0.314847	0.312819	0.306010	0.332812	0.318677	0.293197	0.300004	0.293283	0.298247	0.295880	0.281166	0.276000	0.322950	0.300581	0.283311	0.277708	0.306250	0.306246	0.298910	0.280968	0.267062	0.297625	0.279563	0.324035	
0.311470	0.289545	0.314746	0.312297	0.307611	0.274484	0.300420	0.303818	0.310358	0.303084	0.286424	0.309206	0.314542	0.291600	0.301447	0.313874	0.312479	0.292581	0.281189	0.297372	0.274830	0.293145	0.277976	0.327927	0.284974	0.310695	0.291361	0.309343	0.316687	0.304045	0.293985	0.312678	0.264440	0.270665	0.288040	0.259978	0.264995	0.274713	0.275635	0.257186	0.000000	0.297773	0.285433	0.292402	0.234479	0.255977	0.253320	0.245485	0.305169	0.313900	0.295891	0.316011	0.304740	0.312062	0.306233	0.302012	0.312296	0.301578	0.319247	0.296396	0.309713	0.297289	0.278201	0.279330	0.271933	0.284274	0.280087	0.284281	0.284652	0.315808	0.304416	0.298396	0.319959	0.314381	0.290511	0.298380	0.266772	0.289340	0.294070	0.268377	0.269036	0.315643	0.314160	0.297203	0.291955	0.305861	0.307677	0.284399	0.290556	0.258355	0.283357	0.284053	0.313040	
0.305305	0.298243	0.301087	0.308201	0.296029	0.300627	0.301316	0.299314	0.294114	0.295814	0.298372	0.306027	0.306033	0.294178	0.295797	0.301109	0.308244	0.306120	0.300959	0.299057	0.296930	0.305452	0.289533	0.326216	0.300440	0.303821	0.301243	0.315844	0.285453	0.304499	0.299260	0.308873	0.299663	0.298889	0.301241	0.306542	0.299966	0.296210	0.302284	0.294440	0.297773	0.000000	0.295746	0.288472	0.289863	0.293967	0.292742	0.283624	0.306978	0.301535	0.300675	0.318719	0.296416	0.305757	0.298928	0.305143	0.303959	0.299186	0.302943	0.301253	0.292211	0.296316	0.289651	0.298996	0.296149	0.298131	0.300900	0.289291	0.302509	0.294365	0.309234	0.303261	0.311014	0.311263	0.302536	0.300245	0.293484	0.303799	0.312355	0.292773	0.308262	0.328020	0.304724	0.307688	0.287438	0.311769	0.302510	0.300378	0.299794	0.281309	0.307285	0.295841	0.310093	
0.299111	0.293912	0.298475	0.296209	0.299835	0.294517	0.304546	0.300609	0.293723	0.296793	0.293215	0.302893	0.304772	0.295066	0.300265	0.301850	0.311150	0.297249	0.292313	0.298097	0.290270	0.298959	0.289792	0.327622	0.290365	0.300584	0.299191	0.302041	0.307026	0.303396	0.298762	0.306813	0.285392	0.286680	0.301514	0.294481	0.289019	0.297993	0.287882	0.288203	0.285433	0.295746	0.000000	0.291004	0.282815	0.292196	0.283296	0.291995	0.300656	0.301873	0.299284	0.300931	0.302134	0.311943	0.298193	0.302484	0.302666	0.293041	0.308621	0.302436	0.301200	0.299943	0.290463	0.297372	0.292657	0.297952	0.299481	0.292697	0.295750	0.305065	0.303316	0.297790	0.315564	0.302482	0.291947	0.306610	0.291691	0.296200	0.303837	0.284375	0.293517	0.320089	0.310461	0.304792	0.293028	0.297781	0.300611	0.292494	0.299383	0.281520	0.296360	0.289358	0.311160	
0.308651	0.303771	0.305188	0.310410	0.309086	0.303838	0.304941	0.305519	0.299306	0.298152	0.307041	0.305965	0.307568	0.309650	0.303473	0.302383	0.308639	0.308861	0.310054	0.307437	0.308159	0.313924	0.301964	0.325612	0.301907	0.297748	0.309855	0.312161	0.311202	0.307573	0.304396	0.308763	0.299341	0.296011	0.306150	0.294138	0.296836	0.305075	0.283593	0.291389	0.292402	0.288472	0.291004	0.000000	0.289679	0.285668	0.289708	0.281253	0.311496	0.298851	0.300598	0.314446	0.295611	0.309766	0.308807	0.306175	0.302477	0.297227	0.311788	0.307588	0.302466	0.301191	0.303087	0.304226	0.303789	0.311268	0.311528	0.299399	0.310455	0.298023	0.300246	0.304674	0.320620	0.301115	0.309851	0.307581	0.303641	0.302320	0.313541	0.298374	0.308639	0.320694	0.314193	0.312498	0.309435	0.310749	0.307705	0.302688	0.307384	0.282847	0.315499	0.299198	0.314795	
0.305736	0.289940	0.315147	0.308829	0.302739	0.253780	0.293728	0.305731	0.305987	0.304608	0.275294	0.307677	0.312179	0.290640	0.302582	0.314859	0.308822	0.274934	0.273022	0.291634	0.279783	0.303865	0.274795	0.330529	0.292997	0.304467	0.303532	0.320193	0.307503	0.314338	0.295057	0.315707	0.270854	0.249328	0.279658	0.257072	0.242913	0.276156	0.273722	0.249413	0.234479	0.289863	0.282815	0.289679	0.000000	0.244838	0.261480	0.246100	0.306806	0.319034	0.295084	0.316117	0.304260	0.317055	0.304274	0.309189	0.309846	0.305193	0.316797	0.304736	0.311320	0.301681	0.281540	0.287883	0.287251	0.280618	0.283499	0.278285	0.279825	0.305760	0.312423	0.306043	0.324180	0.313700	0.284096	0.288255	0.282262	0.292463	0.295662	0.262001	0.276586	0.314343	0.310273	0.303769	0.281756	0.309593	0.298862	0.295774	0.280739	0.264679	0.284283	0.275962	0.312702	
0.309694	0.296265	0.313997	0.312103	0.304868	0.285158	0.302192	0.308467	0.309036	0.310797	0.294437	0.316900	0.319269	0.303609	0.302346	0.321499	0.320592	0.294375	0.291505	0.286409	0.287807	0.310284	0.283360	0.335433	0.296105	0.315561	0.302828	0.321061	0.311296	0.314755	0.306128	0.312694	0.288983	0.259390	0.302982	0.299037	0.267899	0.279730	0.281720	0.273527	0.255977	0.293967	0.292196	0.285668	0.244838	0.000000	0.270316	0.243773	0.306374	0.320017	0.301324	0.324521	0.310487	0.314561	0.307205	0.311206	0.315760	0.301666	0.318536	0.310633	0.309128	0.311575	0.278951	0.286871	0.283846	0.283090	0.296644	0.293156	0.292117	0.315838	0.316044	0.304633	0.330533	0.316762	0.311394	0.290333	0.286091	0.305368	0.318048	0.285321	0.297657	0.317279	0.311622	0.311357	0.290744	0.309942	0.312220	0.313200	0.294955	0.272363	0.287476	0.278826	0.319769	
0.298193	0.290566	0.312400	0.316086	0.307575	0.279083	0.300564	0.306349	0.303754	0.298318	0.286850	0.310149	0.318697	0.285183	0.300673	0.306828	0.311121	0.302940	0.287547	0.295347	0.273987	0.288553	0.275858	0.336498	0.298442	0.312441	0.298678	0.314319	0.308361	0.309320	0.300890	0.313900	0.276860	0.266880	0.293401	0.286664	0.262960	0.274792	0.284464	0.271337	0.253320	0.292742	0.283296	0.289708	0.261480	0.270316	0.000000	0.247379	0.309494	0.320460	0.298222	0.322678	0.308145	0.309386	0.306565	0.314692	0.315727	0.302122	0.309168	0.310676	0.313398	0.305785	0.277317	0.282412	0.284448	0.275437	0.282589	0.279515	0.284483	0.310110	0.308890	0.307422	0.322773	0.315573	0.288494	0.298959	0.253303	0.285969	0.313680	0.282279	0.249639	0.324138	0.313356	0.283211	0.263131	0.299900	0.300126	0.268517	0.295423	0.251565	0.290762	0.270608	0.312110	
