sample	SRR26416937	SRR26416938	SRR26416939	SRR26416940	SRR26416941	SRR26416943	SRR26416944	SRR26416945	SRR26416946	SRR26416948	SRR26416959	SRR26416970	SRR26417043	SRR26417044	SRR26417045	SRR26417046	SRR26417047	SRR26417048	SRR26417053	SRR26417091	SRR26417092	SRR26417093	SRR26417094	SRR26417095	SRR26417096	SRR26417097	SRR26417098	SRR26417100	SRR26417101	SRR26417102	SRR26417103	SRR26417104	SRR26417136	SRR26417137	SRR26417139	SRR26417140	SRR26417141	SRR26417142	SRR26417143	SRR26417144	SRR26417146	SRR26417147	SRR26417148	SRR26417149	SRR26417150	SRR26417151	SRR26417173	SRR26417184	SRR26417185	SRR26417186	SRR26417218	SRR26417241	SRR26417242	SRR26417243	SRR26417244	SRR26417246	SRR26417247	SRR26417248	SRR26417249	SRR26417250	SRR26417251	SRR26417252	SRR26417253	SRR26417254	SRR26417255	SRR26417257	SRR26417258	SRR26417259	SRR26417260	SRR26417261	SRR26417262	SRR26417263	SRR26417264	SRR26417265	SRR26417266	SRR26417267	SRR26417268	SRR26417269	SRR26417270	SRR26417271	SRR26417272	SRR26417273	SRR26417274	SRR26417276	SRR26417277	SRR26417278	SRR26417279	SRR26417280	SRR26417281	SRR26417282	SRR26417283	SRR26417284	SRR26417285	SRR26417292	SRR26417303	SRR26417370	SRR26417371	SRR26417373	SRR26417374	SRR26417375	SRR26417376	SRR26417377	SRR26417378	SRR26417379	SRR26417380	SRR26417381	SRR26417382	SRR26417384	SRR26417401	SRR26417402	SRR26417403	SRR26417404	SRR26417405	SRR26417407	SRR26417408	SRR26417445	SRR26417446	SRR26417447	SRR26417448	SRR26417449	SRR26417450	SRR26417451	SRR26417452	SRR26417453	SRR26417454	SRR26417456	SRR26417457	SRR26417458	SRR26417459	SRR26417460	SRR26417461	SRR26417462	SRR26417526	SRR26417588	SRR26417599	SRR26417608	SRR26417619	SRR26417631	SRR26417632	SRR26417633	SRR26417635	SRR26417636	SRR26417674
SRR26416937	0.0	0.0055723501190784175	0.005597296919544248	0.009244545336323795	0.005629660532451286	0.0037461441629658143	0.005561467799191311	0.006131408947981698	0.006780855415002285	0.00712309760974994	0.0054760719421355075	0.0059218681617623226	0.005947991475306891	0.007158197025939339	0.0046721613822455765	0.005328357044814824	0.005590798828009391	0.006617759050407734	0.005893502230479908	0.006618360796533329	0.005560861882766943	0.004626172460075573	0.0055239896558857415	0.006202477648063254	0.005694517373649233	0.006090745038496492	0.005531138623303233	0.007827616649684233	0.00696030510658352	0.005856952470875143	0.004596252236047649	0.0054024277236940366	0.005804417290847019	0.006737812042808322	0.006689518543802508	0.005289996546228193	0.004818798582079897	0.005936079725536225	0.0062094398063793355	0.005483080168756205	0.005686378617750121	0.007097525622036138	0.00528456335815175	0.005335749651890875	0.008335619868464206	0.006743539596719805	0.006254344816470803	0.0036474472565382055	0.006835411876981556	0.005872828277850739	0.005529842656402106	0.03386134248069694	0.0054502828468351305	0.00516734465140134	0.0063886420553186385	0.005188115981488162	0.005961741200465109	0.005607307605046019	0.00883356177357486	0.006102712484517103	0.011426955000624628	0.006061679032171363	0.006085707462499479	0.005767453043243442	0.005600345581251109	0.0060735520195186465	0.004213371481121775	0.004778645531888226	0.006152958371602901	0.005794240354483948	0.005794812837892738	0.0056625711351007135	0.005797911932550082	0.006309384507158899	0.015370557009312336	0.005651507204225359	0.006486232116020174	0.006206153123807123	0.006589553664047898	0.006348825105011113	0.00548510357296117	0.005580804309718745	0.005779507039685994	0.0068030831763959965	0.005511578225566582	0.006542062470925147	0.005813382983431703	0.005765484751658501	0.0066184463914470415	0.00542379656347125	0.0057607584323694505	0.005215015337422968	0.005566636608387854	0.00515341858881424	0.004728569560002227	0.005335466314752346	0.005540114210049185	0.005248569877008835	0.005696421105660154	0.005871683620383372	0.005327440921851556	0.005782442552876521	0.00607675155857379	0.005800545188437201	0.006215223891636867	0.005800065623841166	0.0052174915115618115	0.005242480752993273	0.0059518564704653665	0.0052530394280316806	0.00546537847828632	0.005450628888988951	0.006995711327942966	0.005940111997674635	0.005225344709096191	0.008396645932335023	0.007642005217333381	0.005617593673918453	0.005407595465904413	0.006271172515143197	0.005910332883699909	0.00570605259979029	0.003582558263904523	0.008035936290462842	0.00493834323172182	0.005535368103526062	0.005876182597897017	0.005452878589772947	0.005760496324962561	0.005479595918340907	0.004658250520133689	0.0059782133181183195	0.005816851428749437	0.0072390623132931875	0.006700246877657801	0.005030873189778351	0.0050513951747038766	0.005576977454605281	0.006114129286577619	0.005132121233180631	0.004846992139278528	0.005338399467408994	0.00534220753101089
SRR26416938	0.0055723501190784175	0.0	0.005553486883941416	0.008850988703710039	0.005223878768976342	0.0035273368288305518	0.005383702782919442	0.005988608518507799	0.006331462699310175	0.006987682356457858	0.005351170182118725	0.0058179508164805105	0.005732321940915663	0.006688040817191876	0.004809383671446232	0.0053474155687252	0.0055045985529807995	0.006478836681495959	0.0055865562668386826	0.006211484533511724	0.0053600270845991504	0.00448278893337839	0.005213287478141537	0.005842503009509614	0.005363075709767906	0.005924320878022082	0.005233699950682569	0.007553249584853705	0.006675716424127454	0.005556481451775674	0.004382555858688075	0.005286945591296943	0.005697441667753211	0.006218564426429762	0.006723470280265875	0.005126592873869962	0.004858170690115404	0.005505364809637259	0.0058919102661368905	0.005249902690707464	0.0054990673063197715	0.007108835400693736	0.005133944905092447	0.0052693849850049546	0.008248519494187367	0.006637842359470625	0.006135937081227394	0.003797695531234102	0.006798073581903319	0.005939816292405142	0.005307757863745599	0.03347906362794906	0.0055056930987680275	0.004972330473333564	0.006177395946237674	0.005368080439127509	0.005701189417328889	0.005463089368270668	0.008712770046876539	0.005953457968841169	0.011289306332270654	0.005631711633670489	0.005736626311390269	0.00581768108030245	0.005665485541933357	0.0056866199640182025	0.004169069377691237	0.004823810530551809	0.0064300482296812955	0.00580725901750212	0.005806516689671359	0.005256013899575418	0.005889259838372407	0.006139462964400488	0.014870067180043467	0.005397672968061373	0.006195068853931174	0.0058047821599399585	0.00606765067617665	0.006387945985733223	0.005353178201320863	0.005314944131022625	0.005630874760042093	0.0066750432441718965	0.005342597657135517	0.006427860623218096	0.005648025953027158	0.005471904488778434	0.006279313480050286	0.005322138723717895	0.005395842302226117	0.004996416238213008	0.005513672523727364	0.0050895707508749055	0.00483692896515886	0.0054554741746729585	0.005589761800707249	0.005158128417121599	0.005762017988699353	0.005562847503303825	0.005330174161287893	0.005597364098635094	0.005961219127409212	0.005734778669239993	0.00608761062938179	0.005667242189413391	0.0050782960565967095	0.005383843523816378	0.005584780588295257	0.005068949457697647	0.005330590025202531	0.00515208049436755	0.006629690010925171	0.005636453136888209	0.004879862477819241	0.007940230318162711	0.007451021278447656	0.005492097511699767	0.005417362843289308	0.006292138198012109	0.00596215127658406	0.00559389241419761	0.0037658351876755924	0.008082535195947593	0.005000035124851698	0.00554840841264892	0.005456390108303455	0.005682874257346371	0.005595642009924129	0.005318493650351419	0.004660591864073749	0.005989729781664455	0.005736585654279369	0.007118556600819725	0.00644671682509812	0.004988925097879737	0.005325220999130242	0.005646873255185758	0.006057189922729411	0.005243602620405241	0.004825192905851927	0.005317743789064577	0.005102699885139117
SRR26416939	0.005597296919544248	0.005553486883941416	0.0	0.009086637611246173	0.005446062700301013	0.003958477863551857	0.005758632601144953	0.0061929186720425244	0.006640725462337516	0.007066134436909066	0.005564919673526014	0.005980530666557127	0.005825610632147038	0.0069954613012870315	0.004776080333369959	0.005564023517220629	0.005813171428000419	0.006480820283927269	0.0059370672539540426	0.00650587318295448	0.005786109256369909	0.004790933477295423	0.005614041718286278	0.006135829592654907	0.005931056345801489	0.006021473927194876	0.0055260098719422945	0.00807986403060712	0.006759418483709423	0.0058126746028058784	0.004681057495734775	0.005479458015472893	0.0058517043819061865	0.00662616126761062	0.006866256288490913	0.0055140092301946275	0.00511492507990885	0.005635273202265756	0.005884916348758096	0.0056177027108677	0.005706426398058406	0.007324060594691595	0.005446945235017098	0.005631376653043585	0.008518470643689824	0.006716036465272079	0.006311191577310971	0.003912124614255608	0.007041769842745849	0.005989019037294652	0.005390884924063144	0.032595745110886476	0.005660518376943147	0.005313637025076812	0.006179892915387564	0.005398396653118365	0.005965598622526658	0.005570255958205483	0.008761197738569537	0.006194241719327809	0.011580549972962761	0.0060795575828612725	0.006143833369492646	0.005911151590085595	0.005898865002369358	0.006148892288237007	0.004430018522246448	0.005080490566737206	0.006406731121979203	0.005970154057952315	0.006025041208531534	0.005862192113678444	0.005791575641889257	0.006676067300581789	0.015108584827566718	0.005687582603958852	0.006406582810589478	0.005989185412618725	0.006382580205240074	0.006639570909964254	0.005797896953731341	0.005763888084043489	0.0061964693636938906	0.006936405576732141	0.00562662268266112	0.00680330468432	0.005982753377130723	0.00576301184007888	0.0065553155557375176	0.005285200438864379	0.005810276449252139	0.005274127889514313	0.005867167323592493	0.0053960847781966415	0.0052529588706111685	0.005469210387860857	0.005652257493623747	0.005428384458246227	0.005777180464559661	0.005822041686714519	0.005321622875846144	0.005755057118001172	0.005970980948507232	0.005711284671846895	0.006238142679189762	0.005701948866649542	0.005302616564369589	0.0054622929929342146	0.005929685576687493	0.005434153502666739	0.005848056607432706	0.005531791499205463	0.0070231777859259825	0.00603572000535002	0.005305515300184416	0.008058840845840187	0.007405298925002968	0.005658401582502415	0.005622847385165941	0.006133447518104074	0.006048779396370385	0.00585360805730295	0.0036701508393193194	0.008068672176692604	0.004993083188616687	0.00572805978910107	0.005517622688758439	0.005697354040307134	0.005628372990116093	0.00573263354903808	0.004738242843587592	0.0060157873978454734	0.006033590951584844	0.007320110757274345	0.0067209105189574014	0.00533631699284709	0.005355651347020984	0.005785410498216348	0.006049435614095655	0.005342802368664912	0.005343137864073366	0.005504920208823649	0.0057260789158487535
SRR26416940	0.009244545336323795	0.008850988703710039	0.009086637611246173	0.0	0.008430660206721563	0.006303235075570179	0.008975186931197254	0.008714145843101151	0.007306263685378456	0.010001648969056975	0.008992056107379298	0.009260952003061762	0.008982740901872566	0.010168522868202023	0.00861907624396585	0.009366775443169884	0.009109420606146168	0.009364916174767202	0.00968062577240969	0.00952238170613584	0.009231820261903834	0.008403824026048667	0.00887279206738778	0.00887192831031347	0.008921106492562059	0.008485633901907041	0.008574865849447555	0.010731071215168364	0.009428338234741762	0.00875648532721407	0.007678900020640755	0.009258486961446266	0.009099342255585396	0.009368763868008112	0.007889539299571036	0.008599373093733043	0.007592314745153428	0.008814813313754999	0.009183239733466908	0.00884995265244437	0.009192518762958346	0.010238560538566865	0.008662940408480369	0.007894459840327106	0.009097816549760385	0.009913516826942637	0.009120946625352011	0.007912403940921187	0.009981641582279432	0.009540644745085758	0.008941192183745672	0.032916602767322	0.008676192928339765	0.008542719946071364	0.00982541796457792	0.008229089300988868	0.0091041784094128	0.00885268828680641	0.011536296935456769	0.008234872233438884	0.011135958322028072	0.009555340458761497	0.009052443896062856	0.00938549852426862	0.009242482592667578	0.009148703372314215	0.00851260831553391	0.008800800020638655	0.009229374721598349	0.008712509396223034	0.007981355095094123	0.007354704086033448	0.008172084076317754	0.009691155728182799	0.013838846538348548	0.008801977918170834	0.009645099230489285	0.008931458266172365	0.009467085325953528	0.010049463666404024	0.00930430259192594	0.008724936956930773	0.009090250249262577	0.00875775124456235	0.008923121708097614	0.009672829904915026	0.009083252859829472	0.008988464795230078	0.009356428385482118	0.008714406531928343	0.009266358999207247	0.008927256642948245	0.007827288637780483	0.008308086947066085	0.008694648519527726	0.009023940949301257	0.009044951405596025	0.009272899612165042	0.009350587245499975	0.009088365814346577	0.009012043227700661	0.00938655752004347	0.009479449837445642	0.008997340881404359	0.009282618621347827	0.009050859557363511	0.008997656134374865	0.009147585715042483	0.008924025932523838	0.00890626798683758	0.00856419410182363	0.008475710109122736	0.0087520482352198	0.009181172835116214	0.008365184118002467	0.009691074200866234	0.008523667773465138	0.008987467478115185	0.00877372301703383	0.009030315623505647	0.008833040560723981	0.009062673086325468	0.007736981695834144	0.010921711234235576	0.0090336480746398	0.009400213696179494	0.009070403838514984	0.008869973275464793	0.009078648456778637	0.009141896030180896	0.008467289079969298	0.009629311720948941	0.009570467312203124	0.008742572535148874	0.009867262256064824	0.008894122120640668	0.009245584199761625	0.009283507032909477	0.009364537627415181	0.00859863933113214	0.008663032303534046	0.009085211612595123	0.008857007383192506
SRR26416941	0.005629660532451286	0.005223878768976342	0.005446062700301013	0.008430660206721563	0.0	0.004071162448948229	0.005595821664006517	0.006039055750123312	0.006183855573695385	0.006578227136984527	0.005498531708777565	0.005767666681737782	0.005159815330906259	0.006449175752620606	0.0044727979965274445	0.005276577847070252	0.005452849941770199	0.005933438827004367	0.005936149348204411	0.00583625530352383	0.005584768955528729	0.004591913936117686	0.0053512351703620675	0.00593612477217853	0.005346252826823106	0.005693107716864376	0.005396598649697881	0.007486486202370246	0.006598397116398647	0.0055128986688488535	0.004792618550706118	0.005063349919439464	0.0054918645810534406	0.0059688140850946425	0.006698501169871807	0.00510976546428632	0.004785701195901271	0.005079137092472985	0.005616618747554147	0.0052662129236489275	0.005060041705726714	0.007045800950772674	0.005277396257358347	0.0050817384274643995	0.008373403732713891	0.006740409247934398	0.005929432812410096	0.003724105250227927	0.0066405801706190815	0.00578697841279352	0.004875957293248856	0.03313485363308544	0.005207466539692729	0.0049371589876267	0.0059906313311133275	0.005398820172740737	0.00566382126174525	0.005262437036305911	0.008416223684889035	0.005830144506467683	0.011315207462075927	0.0057319596559587405	0.005864262673324294	0.005891570549555913	0.005693904956556195	0.005685237702891088	0.004224240293303372	0.004870525612709065	0.006376938231449469	0.005618603774559805	0.005804359824481464	0.005479587659826146	0.005381452993435287	0.006562822730306173	0.014557198509322133	0.005431625048784139	0.006287343322056049	0.0056256553421414335	0.00576131184498474	0.0064161037900267726	0.0054591506837735615	0.005355982745532062	0.005739457500342993	0.006719378640113294	0.005205805745630787	0.006568557440031486	0.0054301295817040796	0.005005151483676862	0.006222340691204198	0.00488161413852084	0.005585800154755183	0.0050410945614232094	0.005674525436865752	0.005082450774464009	0.004867109912166767	0.005263015961353923	0.0050310271749495206	0.005094721844325689	0.005648044267148267	0.005514923965227236	0.005147834553405728	0.0052854316599990625	0.005657352671122329	0.005603172907181153	0.00589675069978679	0.005201480956530946	0.005003470508268659	0.0051684552017235985	0.0057215507952917966	0.0051779830868012855	0.005611612636859831	0.00504481650211408	0.006605391779783032	0.005891499828533098	0.004727783781274253	0.007821652344486507	0.007173931234003561	0.005332326540010146	0.005236485556831538	0.005762405199336573	0.005721705452078951	0.005465976159249819	0.0034809305560012938	0.007988639495762007	0.0047177829110653935	0.0052497102349802205	0.0051532826800797515	0.005146777704190586	0.005338589810494954	0.005687825965739357	0.004418632306282699	0.005883978549119928	0.0057325830352802365	0.007023492208048876	0.006299257789565749	0.005179984940104521	0.005375042541388986	0.0055198225367305565	0.005807473401656993	0.005372750250492997	0.005173485040405379	0.005363769657428907	0.005438507574303086
SRR26416943	0.0037461441629658143	0.0035273368288305518	0.003958477863551857	0.006303235075570179	0.004071162448948229	0.0	0.003795718852426022	0.004091796144793602	0.003930844547397561	0.005845446850468616	0.0038495134742955184	0.004275218876229392	0.004344891251384264	0.005658641172994638	0.0035276273801457814	0.003980919483418277	0.004226098884659524	0.005040196563697363	0.00437761817843163	0.0047310057739845535	0.0037699373154930216	0.003074784599278124	0.003363157015125906	0.004467195930482726	0.0038489755657898916	0.0038849654791036636	0.0035732538001685965	0.006052369759710685	0.004896977675461711	0.003768619340464352	0.002622434008913266	0.004100388200362071	0.004121749465748947	0.004877539190289437	0.003799999797575726	0.003505415004705248	0.002822930429712822	0.004114202922244625	0.0042341797511541435	0.0038638623002599237	0.004194953439154103	0.005114319481964613	0.003371119685150581	0.0033419733294305365	0.005640688189310072	0.0047421809754214506	0.004533128850964463	0.0029021653509790912	0.005178582362996731	0.0044571079828062965	0.0040449288108824755	0.03525906077177077	0.0037146662250124862	0.0036437809710054836	0.004830959633612353	0.0032733549844047305	0.0043277224166619055	0.004007592318852948	0.0070984941687315395	0.0038552197593595405	0.008322070503215762	0.004362431200867323	0.004339314041176157	0.00416579390986882	0.004028646874240094	0.004483666852507895	0.002644884604534492	0.003582622838044114	0.004177962781459432	0.003927371431697302	0.0036401946191606527	0.0034986702411182735	0.0037560809041681242	0.00456706082871261	0.012354634822269173	0.0038784882715930946	0.004589488288295085	0.004368675383362497	0.004683300803698498	0.004727006714745463	0.0040422191270304	0.003722089480965085	0.004061513428441077	0.004386520468406374	0.003802878907381846	0.004572972996957803	0.003994828624561575	0.00393102047601146	0.0047957525136552714	0.003833911054545114	0.003964648049386232	0.0037996415781662574	0.0032136260629319624	0.0031111402121442033	0.0034126892740612425	0.003848346628865018	0.003911358265951126	0.003944659508906545	0.004052827905712597	0.004520645467848583	0.0038274916978076057	0.0042170176922397	0.004637467458230016	0.004301831232961795	0.004532862480558508	0.004260350312755956	0.003813294416024182	0.0038904569129416533	0.00403438602295203	0.0037282504987879994	0.003264860563896854	0.0036947083440650452	0.004570795857482657	0.0041117033489292965	0.003432401626217385	0.005763264788418487	0.005061851006739282	0.004078196273068269	0.0036996774920227127	0.004340937281180901	0.00397440139389138	0.0037737257250926026	0.0027262033495452087	0.006334463640098598	0.003665106500092663	0.003965287145159535	0.004264545926975338	0.003786762121565923	0.004106602918212188	0.003843667725907496	0.0032609139942607612	0.004482587244592606	0.004078990010165318	0.004828115947569267	0.005045543827148502	0.003426688561009472	0.003689338512029572	0.003886293021150955	0.004348422669645524	0.003552143073862646	0.0033875462437524817	0.0038811203569314445	0.0039230606005956625
SRR26416944	0.005561467799191311	0.005383702782919442	0.005758632601144953	0.008975186931197254	0.005595821664006517	0.003795718852426022	0.0	0.006181757083970174	0.006452353672648292	0.0068993273508629605	0.005480933170162183	0.006008752099960102	0.005822004115359269	0.007166082483131997	0.004885526205968604	0.005660950315420243	0.005829713097294742	0.0064590466263887425	0.006091645738867779	0.00650106843874132	0.00566858413168192	0.004700608411823737	0.0055801882100280364	0.006309381018081317	0.0055745824969287705	0.006087958644291458	0.005637412757591664	0.00782321824707266	0.007001087576030907	0.00555759776480802	0.004580044642000458	0.0055941115131514785	0.006012123025840865	0.006262257811102234	0.006626029803735056	0.005210568577256436	0.004963874803238011	0.005752684516387996	0.006159471216879098	0.005378203147416327	0.005694422956592393	0.00729798243493307	0.005520148094401822	0.005479402487210683	0.008428780679155756	0.006822733893490085	0.006166283530255723	0.0038625592863167357	0.007053450218075352	0.006159908251844315	0.005544135712321485	0.03307171602926795	0.005571177016960971	0.005300500447010581	0.006470397620774615	0.0054274090383547025	0.005909127515003831	0.005644867926281272	0.008728313086816653	0.0061792494633687856	0.011171254356146965	0.006069701911658676	0.006063561078402446	0.006093890629944032	0.005940947478064729	0.005989610181977634	0.004567654711067348	0.005138660902189174	0.006456715499540411	0.005849394261934537	0.00593315680736195	0.00572649324695107	0.005829105075349839	0.006632194908666067	0.014732032379918825	0.005760075900576478	0.006461966101068528	0.005981779567919232	0.006481246702016441	0.0065388182131477235	0.005615267955268455	0.0055357537589646455	0.0060339618135142326	0.006717246746130945	0.005750319730779663	0.006895358243994343	0.0059590578009931505	0.005863194507541691	0.006503215978396426	0.0055013092452165235	0.005750570071654915	0.005306929006470895	0.005664139232856913	0.005232647190699158	0.004954196229946861	0.005301365193054353	0.005626865844341689	0.00541232138795511	0.005846877153502628	0.005861901586195373	0.005481924812752337	0.0056992338227497275	0.00612420746296316	0.00595252304125482	0.006257800099748301	0.005859506679969373	0.005330482743769127	0.005523519877653316	0.006028357604017653	0.005461154107446853	0.005593662348996609	0.0053994632065521575	0.006932216281798187	0.005830576583717995	0.004950412369440493	0.008232534741011599	0.007517667105828796	0.005973043078006057	0.005557309859357984	0.006541987732197052	0.006126883351305956	0.00581947417022699	0.0039286139142015175	0.008382450260338792	0.005276501737156547	0.005807619154122756	0.005801645151413015	0.0059594508386559	0.005939151311776691	0.005704589050730013	0.004841859159087525	0.0061248245284364344	0.0061562791476793555	0.007318353886355711	0.006809619356535013	0.005365746083204503	0.0053887285444627064	0.005964201545816117	0.00622295753716251	0.005238607144941176	0.005219077163485131	0.005597132179846254	0.005505296624327749
SRR26416945	0.006131408947981698	0.005988608518507799	0.0061929186720425244	0.008714145843101151	0.006039055750123312	0.004091796144793602	0.006181757083970174	0.0	0.006286213704527088	0.007409748608617428	0.005928133807111879	0.006436055872178104	0.006319757829806649	0.0074096062774157145	0.005393146233954815	0.006121887912445834	0.006172884152807923	0.007130077503904264	0.006308807536593686	0.006966283379381877	0.006094238517168504	0.005055593829543792	0.00583600975965104	0.006684504435129912	0.006072877785332498	0.006223123504152106	0.005900875021135565	0.008157652474888755	0.006989109527522519	0.00616033400944771	0.004776430873457582	0.006023248969855843	0.006555046219317018	0.006904784782811646	0.006612111101885421	0.005862998819530785	0.005134684979561932	0.005995536272443203	0.0065539485602343905	0.0059921649409790945	0.00614659572440579	0.007801343016739404	0.006053095532124075	0.005703088788418853	0.008105813372188408	0.007247396035038434	0.006762890042035674	0.004384946933251754	0.007304603757139594	0.006752706128363983	0.0059984948421435424	0.03178576964943647	0.0059128754239683445	0.005728830213302172	0.007278246634126795	0.005848625867014512	0.006313964107567238	0.005975121060441735	0.009285787191940287	0.006297165449634545	0.01087431160166863	0.0065930743609387	0.006461201832904995	0.006373767343126446	0.006358022727047108	0.006300002013749584	0.004995701751079551	0.005454824736814801	0.006643580562880724	0.006198669426422554	0.00589943659482095	0.005669539269801738	0.006064042511948697	0.006967528832275138	0.014554383098283386	0.006231118562034954	0.00690050426533817	0.006477334064833196	0.006894791658046517	0.007074391086937415	0.00583851499054322	0.005795290594829305	0.006440305041094718	0.0068773001438120485	0.005862387146175707	0.007047321238220383	0.006446084959844223	0.0061821386247613574	0.007020144613683499	0.005943838464686824	0.0060514735133867514	0.005627487719103819	0.00576693287451957	0.005663863451109252	0.005372790811670969	0.005904457060568635	0.006090368631510246	0.0060774566932623175	0.006399359021679429	0.006353323490648766	0.0060410491158184865	0.006315236468226293	0.006621590617050366	0.00640810972721273	0.006764207979700787	0.006272863427340791	0.005827526898424806	0.005984728213410784	0.006296654405393398	0.005839497693723827	0.005965091241987297	0.0060411914408903256	0.006963270153425571	0.006381381466891156	0.0054092350476560025	0.00813567729756548	0.007229940870962737	0.00596287093641934	0.006074396577000707	0.006723973502270719	0.006332304088991658	0.006128698677611455	0.004248373016089935	0.008516951222091729	0.0055201030319421696	0.00611669839559581	0.006127973046513691	0.006120031363327283	0.006220531650925953	0.005969579825270355	0.00541486132826452	0.006493361629435035	0.006455735191690959	0.007402060617324846	0.007097269577899135	0.005615531744994295	0.005903041715217161	0.006257200780476535	0.0067173131089691696	0.0056084374250879865	0.005406247026534139	0.005769220557873211	0.0058209420854449245
SRR26416946	0.006780855415002285	0.006331462699310175	0.006640725462337516	0.007306263685378456	0.006183855573695385	0.003930844547397561	0.006452353672648292	0.006286213704527088	0.0	0.007970493505863652	0.006495678581112774	0.0068622057785096	0.006749922984475409	0.00793290604857233	0.006069363035829611	0.006715975978785149	0.006739558278739399	0.00730740980276412	0.0072711016010224006	0.0072054823712248695	0.006644439133730362	0.006023615451749564	0.006073351998957088	0.006913572504337995	0.006366246577063306	0.006190220444558969	0.006117809979562128	0.008546339546936399	0.007425953733003698	0.006696774005146788	0.005049068972831305	0.0067342600815131215	0.006635790953267606	0.007377052456389754	0.005700799398678513	0.006453458781390142	0.005238025742785979	0.006730533575929676	0.006796116593648094	0.006293788059900773	0.006721662012879048	0.00767681907948814	0.006067737153875985	0.0054660454035487804	0.007043367720856231	0.0073835843280489755	0.006800290037344725	0.00524720926386002	0.007766414446636727	0.007107023628294851	0.006416822868186456	0.03408179071809481	0.00612969627610338	0.00613664436960204	0.007376030031201242	0.005674839522069264	0.00685396644371139	0.006883143089812305	0.009278367513373187	0.005969640959442635	0.009298662832931681	0.007011711076765459	0.006983966978387102	0.006929850824201944	0.006810607355528631	0.006970085849084651	0.005762948571767956	0.006322915551431163	0.0064046047251796745	0.00636035017346015	0.005956974332431808	0.005181124045851471	0.0058951531465637474	0.007362763142660933	0.012576572012630516	0.006349626177405532	0.007445271807860254	0.006781624490165172	0.007169302766224517	0.007530441284765987	0.006806790579177879	0.006303279532279382	0.006726871634183507	0.006415884082234924	0.006564711146612834	0.007046486030582888	0.006302459496824397	0.0062746192342094664	0.00733478744573457	0.006381685261025893	0.006737414826448296	0.006539228093507932	0.005718514512410233	0.005756876102358199	0.006204961507896178	0.006518180612087643	0.006597240603795851	0.006573073723926681	0.006640513367422329	0.006955440991224027	0.006562968186665241	0.007023473283976567	0.007129631969193806	0.0067692459858400555	0.006888816928138142	0.006655599650535082	0.006449672096541903	0.006707939410255936	0.006527166322448541	0.006367174387301833	0.005802421612641995	0.006142223369087985	0.006835202936134821	0.006560571623177691	0.005864572149906877	0.007538372260372905	0.0064657868673199115	0.0066347648870985765	0.006071914941411349	0.0066214785697531475	0.006470018866406857	0.00634812126295925	0.005218690044282548	0.008635525766578445	0.006294682258563222	0.006704110123795681	0.006629686548408453	0.00643128454523445	0.0066425349551902935	0.006448719354821719	0.005978276586267928	0.006784069316647434	0.006945305657618639	0.006536387336966487	0.007551606323134896	0.006365503910589765	0.00642948627719353	0.006597248045244197	0.007133113699284932	0.006088316959896534	0.006173226347710337	0.006651814764553232	0.006643286867838993
SRR26416948	0.00712309760974994	0.006987682356457858	0.007066134436909066	0.010001648969056975	0.006578227136984527	0.005845446850468616	0.0068993273508629605	0.007409748608617428	0.007970493505863652	0.0	0.005875661886791117	0.006379956765612316	0.005924288410673051	0.0069205042503674985	0.005516432771976332	0.0061226744329183624	0.006181984007079588	0.0064245774263015365	0.006127720932022296	0.007656233237459231	0.007171632046689136	0.006458960956843618	0.007254632011157391	0.007350217447288809	0.006990087142173085	0.0072546103276505125	0.006951457891095414	0.009141566922969635	0.00787342396669255	0.006950037374922502	0.006616650470448238	0.007344943694317152	0.007299705886829155	0.007076930824728378	0.008215165252263845	0.006685903703960161	0.006600863848659877	0.006482945787885552	0.0073506445130444575	0.007009997432488424	0.005874100016971084	0.00870690291474141	0.007109788386483795	0.006865921397143593	0.009732368503169497	0.008205574392332382	0.006343530345691462	0.004520638239395081	0.007520573091298943	0.006541202025187598	0.005654029623505141	0.031121090901015114	0.0064220099899866545	0.005917734767637128	0.006453886147163801	0.006460312143798497	0.00610715281153007	0.0061775594178652415	0.008912131489505204	0.006858434660950596	0.01175995215163228	0.006541736651668684	0.006113193329412403	0.006897612235825634	0.00626329057547792	0.006076556278060252	0.0060776714185863945	0.00609260324472094	0.007407670771076069	0.006465010402780358	0.006316884159520697	0.006210066121676072	0.0067863219555150955	0.007830527532279419	0.015474717946299954	0.007405088205195143	0.007582456995817166	0.007031144185280724	0.007515348265059285	0.008087738896308094	0.006944278842279883	0.006916216847422274	0.007003467769194915	0.008197528699174228	0.007073954994055165	0.008128819357627659	0.007130935761016977	0.007163878526229461	0.0073096835219578216	0.007106379383844064	0.006876582394899189	0.006871170695472939	0.007400628153704125	0.006210288644586837	0.0057633571208887124	0.006017503506463351	0.006219719199450746	0.006062245708532199	0.006635712752361078	0.005789815156582723	0.006385798006269927	0.006023488592520221	0.006025890954363788	0.005949192967187322	0.006290588001038433	0.006197325578470858	0.005778282918292854	0.0058201516940412645	0.007189892583193136	0.00693756028763326	0.007282974436931378	0.006797777072838462	0.007743566389855072	0.007439232280939567	0.0064998051463609485	0.008325571962226164	0.00791963441610155	0.006408970551294968	0.00631164736934553	0.0067628154369757665	0.006866226643172824	0.006610037717454942	0.005033119697646193	0.00830371573801858	0.005968365581278445	0.006526553067373264	0.006263167155177496	0.006322457698369699	0.006267765505432066	0.00659077858909074	0.005666742964266502	0.006613054706866683	0.007603921128786828	0.007300719094183616	0.006651663361775695	0.0061837554361373614	0.0062392039598436755	0.006653468478174385	0.006676035914077505	0.005845841776144445	0.006200762486007871	0.006531646868525365	0.007035450644577557
SRR26416959	0.0054760719421355075	0.005351170182118725	0.005564919673526014	0.008992056107379298	0.005498531708777565	0.0038495134742955184	0.005480933170162183	0.005928133807111879	0.006495678581112774	0.005875661886791117	0.0	0.005013368920948058	0.00476553011491565	0.005814680941475414	0.003837668327649646	0.0044241662162151085	0.00464381497302635	0.005295924128517204	0.0049587969087212524	0.0063947541841127276	0.005543080999646066	0.00458700670885881	0.005192082690750444	0.006042809803080695	0.005627195405483398	0.005840797917388674	0.005449992972249018	0.0075778878136884	0.006463985067627909	0.005541569434026283	0.004667064049053815	0.005371667194523644	0.005676723116108229	0.00584654933589368	0.006793874494688379	0.004899672160929791	0.004732114818926214	0.005411003255872515	0.00584449452297886	0.005325598976307799	0.0042474310520046465	0.007259447929932827	0.005283609379426402	0.005257723989435581	0.008383414243245624	0.006395291116125801	0.005274678361953389	0.002885726616185358	0.006213188011893189	0.005319227553679751	0.0045372991952273845	0.03332541962724178	0.004647839493460704	0.004285955973902578	0.005399674175205926	0.004777080182460813	0.0046836335449432775	0.0047735291957728965	0.008006992396805246	0.0053773504690647345	0.01047385672911183	0.0052158730528816255	0.004977421978082153	0.005312647119857239	0.005017612196685284	0.004975662290676919	0.0038918316840764744	0.004328410612357558	0.005737642129699738	0.005010921140402691	0.005017449128640328	0.004737285319587503	0.005401807671494674	0.00632628096090504	0.015011573403985179	0.0055798712824706165	0.006087663148464095	0.006010097950067017	0.006268657829511248	0.006496872366151818	0.005369084889573328	0.0052446020100423985	0.0056013071556785254	0.006748238032403764	0.005593388153433798	0.006636364205540035	0.0057168229246403746	0.005526097002033548	0.006232208346807044	0.0053560845546684055	0.005419323301244838	0.005015978025660228	0.005621431866381754	0.0044324907904830235	0.003841621502757131	0.004269530169143887	0.004771009758106071	0.00418530734699718	0.004913016486980393	0.004622833829253548	0.004470071456549984	0.004575104407302688	0.004898073484581267	0.004707214196119303	0.005070948889249638	0.004835568198751639	0.004176278510837905	0.00423480378360519	0.005822348357338081	0.005229204456660641	0.005361963966422523	0.005207266396781263	0.006648530176008749	0.005831971736138253	0.004930170644933507	0.007284749559697379	0.006912979063489866	0.004892904196334924	0.004857565170443112	0.005454935331992705	0.005176232885261811	0.005074933858498998	0.003243221693579601	0.007284656612190243	0.004244432793273134	0.004873673944109758	0.004905465634599482	0.005042212362429632	0.004910351203335939	0.005016696979920021	0.0037613914271413806	0.005130863534412611	0.005806188374110843	0.006210855162335105	0.0051513124108854	0.0042147954676614585	0.004584969271466344	0.00501911800692012	0.005290272735537838	0.004386098079240841	0.004247417519527508	0.0046560846015955	0.005251048026414851
SRR26416970	0.0059218681617623226	0.0058179508164805105	0.005980530666557127	0.009260952003061762	0.005767666681737782	0.004275218876229392	0.006008752099960102	0.006436055872178104	0.0068622057785096	0.006379956765612316	0.005013368920948058	0.0	0.0051396002112306105	0.006485969803399216	0.00402842820225946	0.004956030307300963	0.005215730353637538	0.00626089506152816	0.005452725118974988	0.0069149380214051925	0.006002148490603876	0.005037789404845006	0.005871784228456689	0.006476395231821308	0.005958340150165942	0.00632279285288595	0.0057291567349633254	0.008113544126749916	0.007196733366514829	0.006027841966456116	0.0049752343751964245	0.005853997715324799	0.006194711467667369	0.00645948891109871	0.007129770461505758	0.005337534848946168	0.00511993349572204	0.005899952125507535	0.006476172832182603	0.005766057834657667	0.005168108493780577	0.007686254628589961	0.0058477881876050075	0.005597233146169001	0.008706291579775316	0.006951769689324205	0.0054590635177961255	0.003265547533194635	0.006468989823258053	0.005851270433886002	0.004914777110991864	0.032453255111827506	0.005091005640971202	0.0049461557761858455	0.005748917046932367	0.0049513781740029295	0.005415270205839429	0.005245810553601293	0.008273462629371453	0.005758275552406378	0.0111636905553113	0.00597497714591666	0.005540699839975183	0.005545649082763671	0.005620245722565587	0.005620004702225456	0.004409400250970474	0.004687720341958412	0.006157090154809475	0.005811313088768255	0.005467162815794402	0.005242631593337599	0.005572137938146371	0.006692033842246925	0.015341920031307854	0.005848713568618491	0.006736340475996361	0.006275066087383263	0.006818100315190034	0.006860511993286189	0.0058519240199625955	0.005707728384510835	0.006321940358131273	0.007250455560623759	0.005801144495433119	0.00718867244735788	0.006217496294100178	0.006058905593975261	0.006720990260118631	0.005856205928596148	0.005950588059788209	0.0052603933820025706	0.006131010609137566	0.004985832380853816	0.00439503086702453	0.004761191286038136	0.004979032012368267	0.004985621482622049	0.005247591257756756	0.005112326466255701	0.004694242987296926	0.005035030635855531	0.005473592277493333	0.00536394375701521	0.005560660899274983	0.005063125449286221	0.0045773483014417415	0.004897869945019062	0.0062060600452023	0.005551831811679286	0.005749331840573135	0.005503389967705941	0.0069882394114253454	0.006352529509182636	0.005366926168835939	0.007916436379858616	0.007127350129129129	0.005447258369646546	0.005166921393382706	0.006129151693069934	0.00578290055549302	0.005750936132760787	0.0034708530621321287	0.00797903750285811	0.005004382638493121	0.005475103527706415	0.005536180670070001	0.005459502672244709	0.005223220587161959	0.005427851785385851	0.0044016288237676005	0.0058661227002065885	0.006172111041501727	0.006709566323558347	0.006140236030896307	0.004718173467695985	0.004930811193936235	0.005675430755909483	0.005583035308544648	0.004784970469735028	0.004742610592098351	0.0052867614650562444	0.0056770253767585155
