0.000000	0.345752	0.318227	0.335702	0.321384	0.354331	0.330012	0.367377	0.348802	0.346240	0.343817	0.344273	0.346407	0.353835	0.350841	0.347183	0.331715	0.343921	0.334135	0.348166	0.336659	0.345118	0.350765	0.342929	0.344773	0.357114	0.356700	0.356408	0.357647	0.346183	0.359222	0.351586	0.355613	0.357967	0.292769	0.342360	0.344485	0.340118	0.327282	0.343297	0.332386	0.347814	0.339000	0.340565	0.360415	0.336400	0.345334	0.332188	0.340501	0.345585	0.339557	0.329287	0.346030	0.335316	0.359706	0.345327	0.348802	0.352821	0.348352	0.350125	0.347307	0.347154	0.364121	0.335166	0.375164	0.356626	0.346612	0.351532	0.349427	0.362576	0.349421	0.358354	0.343784	0.338733	0.358501	0.357666	0.357572	0.353884	0.356637	0.356766	0.358323	0.367497	0.347768	0.366246	0.341820	0.342859	0.346475	0.355859	0.336994	0.371180	0.344376	0.359345	0.336228	0.336459	0.348893	0.335151	0.337746	0.335012	0.328379	0.360948	0.357242	0.347034	0.361524	0.342934	0.352283	0.351965	0.367841	0.354975	0.342710	0.364015	0.345776	0.339394	0.350640	0.361770	
0.345752	0.000000	0.351018	0.345032	0.245767	0.352328	0.344943	0.355499	0.362871	0.376692	0.358187	0.335460	0.308585	0.335957	0.384654	0.362042	0.302881	0.358597	0.380575	0.365209	0.284182	0.357905	0.355273	0.382181	0.364549	0.363234	0.413954	0.433694	0.408860	0.418079	0.397493	0.425569	0.422984	0.412392	0.405751	0.401587	0.367317	0.411455	0.361118	0.355717	0.350425	0.404644	0.381277	0.382667	0.393396	0.362037	0.347393	0.386269	0.403046	0.384773	0.386626	0.371949	0.374397	0.381358	0.409087	0.377257	0.400856	0.421965	0.392690	0.390609	0.382257	0.370569	0.382059	0.380205	0.404552	0.392062	0.393972	0.378617	0.396360	0.379197	0.396996	0.381961	0.358790	0.380729	0.377121	0.383014	0.384768	0.385263	0.414312	0.378280	0.403898	0.390652	0.392468	0.410498	0.416081	0.370434	0.380264	0.366907	0.395349	0.396920	0.401401	0.354884	0.291390	0.300278	0.315413	0.287414	0.293132	0.289416	0.287173	0.413929	0.401963	0.391246	0.427675	0.393075	0.387865	0.370996	0.369729	0.376259	0.347962	0.393663	0.367676	0.388070	0.406136	0.385154	
0.318227	0.351018	0.000000	0.321039	0.343138	0.338541	0.359539	0.365746	0.359965	0.386290	0.366439	0.371099	0.372762	0.363224	0.367544	0.348122	0.314670	0.367697	0.337934	0.355636	0.363581	0.358793	0.354692	0.349200	0.318277	0.379711	0.361598	0.390165	0.370290	0.377213	0.380291	0.388459	0.363853	0.368805	0.356714	0.369024	0.345270	0.339287	0.338347	0.382539	0.348885	0.352458	0.362879	0.362663	0.358976	0.342800	0.366465	0.372334	0.351854	0.353439	0.340595	0.341920	0.365786	0.351329	0.379681	0.379005	0.369187	0.376301	0.366467	0.369332	0.342182	0.353480	0.392945	0.362801	0.393913	0.391874	0.366854	0.372295	0.367644	0.394099	0.386636	0.359334	0.379640	0.370112	0.381848	0.378248	0.364082	0.382597	0.386530	0.370649	0.365305	0.374767	0.366664	0.381695	0.369867	0.359847	0.367190	0.374950	0.369649	0.378980	0.350001	0.379503	0.364307	0.363276	0.377360	0.362304	0.364643	0.363107	0.356829	0.365712	0.368772	0.357118	0.375337	0.366985	0.388669	0.384133	0.391355	0.375540	0.361931	0.366059	0.355299	0.359296	0.351613	0.370109	
0.335702	0.345032	0.321039	0.000000	0.335925	0.318084	0.312422	0.399866	0.366041	0.316311	0.351470	0.374547	0.345094	0.332975	0.388407	0.366248	0.365349	0.327366	0.383548	0.347258	0.332807	0.311683	0.291699	0.372054	0.321138	0.363692	0.390516	0.375615	0.409903	0.405145	0.404980	0.380639	0.419319	0.407884	0.388265	0.402149	0.359322	0.400299	0.359777	0.403164	0.349000	0.388592	0.377734	0.369718	0.342472	0.360389	0.373999	0.353330	0.366561	0.384640	0.376242	0.389356	0.387797	0.392066	0.382317	0.390517	0.390004	0.400392	0.370780	0.362383	0.355504	0.387244	0.383617	0.384319	0.377582	0.363638	0.387644	0.372283	0.370390	0.373802	0.382901	0.379630	0.383823	0.377100	0.361788	0.376915	0.363998	0.373657	0.372226	0.388498	0.365926	0.379753	0.385509	0.387151	0.378695	0.362860	0.375882	0.392585	0.375652	0.397954	0.379224	0.378436	0.341906	0.345007	0.354243	0.335670	0.339920	0.336312	0.333498	0.387598	0.384752	0.343486	0.394640	0.385814	0.365231	0.379127	0.363706	0.383037	0.381163	0.376994	0.382648	0.378793	0.349177	0.373053	
0.321384	0.245767	0.343138	0.335925	0.000000	0.361518	0.348160	0.342996	0.330214	0.354663	0.367106	0.365763	0.309072	0.309845	0.330829	0.310759	0.281939	0.364394	0.355249	0.375066	0.259920	0.347869	0.334770	0.347827	0.390538	0.357019	0.401228	0.405373	0.413104	0.408721	0.396735	0.404352	0.416767	0.414227	0.390845	0.408159	0.343088	0.384277	0.341358	0.340391	0.341618	0.403834	0.354359	0.343201	0.369432	0.352220	0.343401	0.362558	0.371588	0.376468	0.361843	0.329016	0.361147	0.353244	0.408467	0.366376	0.358319	0.392546	0.370565	0.376019	0.370730	0.363490	0.382814	0.362810	0.390327	0.369648	0.381725	0.364830	0.380032	0.361373	0.354449	0.384734	0.355633	0.356407	0.364890	0.372425	0.365195	0.356495	0.377909	0.342257	0.376521	0.385377	0.378763	0.386887	0.406116	0.357501	0.378429	0.375315	0.368861	0.377951	0.380125	0.343781	0.272754	0.278850	0.296303	0.265294	0.272535	0.266359	0.264089	0.410260	0.359999	0.383786	0.377064	0.401866	0.359419	0.345355	0.362580	0.353447	0.367926	0.358800	0.374751	0.350678	0.387121	0.356739	
0.354331	0.352328	0.338541	0.318084	0.361518	0.000000	0.283524	0.320157	0.343755	0.328776	0.297479	0.367791	0.355533	0.369613	0.385235	0.364425	0.375461	0.253989	0.366644	0.280253	0.319351	0.281037	0.315409	0.368264	0.281761	0.344208	0.352674	0.395133	0.387493	0.398447	0.420391	0.423708	0.377118	0.380803	0.406935	0.392971	0.388196	0.429002	0.390361	0.413265	0.408170	0.431930	0.418315	0.417709	0.407818	0.399405	0.386954	0.407061	0.414846	0.406946	0.415906	0.401081	0.396384	0.401474	0.366980	0.405628	0.392554	0.392083	0.405039	0.377884	0.362551	0.405433	0.406775	0.420893	0.388181	0.385140	0.384766	0.415973	0.396146	0.418435	0.416933	0.400640	0.369733	0.391977	0.365046	0.421093	0.409842	0.428926	0.401396	0.388283	0.368269	0.378933	0.388267	0.392052	0.370440	0.375468	0.388703	0.411843	0.395910	0.406646	0.372413	0.365232	0.325296	0.339805	0.351541	0.324247	0.328614	0.322222	0.315774	0.336636	0.408066	0.382226	0.435383	0.344805	0.403182	0.419147	0.370672	0.379140	0.345242	0.391979	0.383820	0.399603	0.357560	0.410594	
0.330012	0.344943	0.359539	0.312422	0.348160	0.283524	0.000000	0.397980	0.330580	0.287988	0.246635	0.341548	0.329456	0.310807	0.363260	0.356320	0.372928	0.271186	0.337748	0.276568	0.333901	0.255404	0.271318	0.374125	0.307869	0.340705	0.344925	0.382983	0.360048	0.366167	0.386697	0.375635	0.386732	0.399832	0.345793	0.382181	0.359771	0.385763	0.352987	0.339655	0.343704	0.387748	0.362578	0.352471	0.376040	0.351425	0.345637	0.335522	0.349963	0.362565	0.355016	0.344690	0.336129	0.351484	0.326220	0.335912	0.327454	0.342599	0.371226	0.357771	0.313534	0.352451	0.329137	0.349469	0.362339	0.331587	0.334174	0.341753	0.358445	0.371330	0.368639	0.351859	0.321265	0.344880	0.318096	0.347398	0.362933	0.345860	0.328411	0.346785	0.332964	0.362008	0.339582	0.378241	0.353856	0.329374	0.346776	0.361717	0.342196	0.376790	0.367250	0.376272	0.335239	0.341877	0.355046	0.332449	0.337580	0.335031	0.328327	0.371962	0.382737	0.354080	0.387131	0.355936	0.365994	0.383640	0.357569	0.341547	0.327353	0.370794	0.337369	0.360742	0.348238	0.404746	
0.367377	0.355499	0.365746	0.399866	0.342996	0.320157	0.397980	0.000000	0.312961	0.352485	0.386600	0.333209	0.343336	0.368008	0.315842	0.291549	0.368809	0.337487	0.310958	0.359746	0.308465	0.363834	0.366787	0.294005	0.353955	0.377333	0.386656	0.366387	0.390435	0.395054	0.416632	0.406729	0.374320	0.369769	0.396934	0.390046	0.406955	0.409802	0.405800	0.403997	0.412344	0.420971	0.420227	0.434125	0.410788	0.432029	0.365593	0.419653	0.398837	0.405166	0.423029	0.401830	0.401896	0.399078	0.388389	0.406811	0.423093	0.392778	0.356340	0.359784	0.382748	0.396475	0.436580	0.399469	0.391495	0.427630	0.367707	0.414872	0.368788	0.414999	0.403134	0.396210	0.383086	0.393519	0.382015	0.418712	0.402605	0.433331	0.423381	0.406292	0.387728	0.365948	0.371984	0.333059	0.388329	0.398616	0.401899	0.410200	0.431988	0.397828	0.381594	0.349258	0.311747	0.321672	0.315531	0.313600	0.313342	0.310377	0.307641	0.385968	0.396275	0.383279	0.409781	0.363008	0.382287	0.365366	0.363220	0.385717	0.323296	0.382024	0.363473	0.395860	0.402905	0.349156	
0.348802	0.362871	0.359965	0.366041	0.330214	0.343755	0.330580	0.312961	0.000000	0.348677	0.355367	0.337963	0.319317	0.333015	0.296200	0.298786	0.376684	0.322312	0.290918	0.351220	0.331052	0.365405	0.325812	0.289775	0.368350	0.341851	0.361302	0.402774	0.398033	0.387196	0.398605	0.380258	0.423669	0.438743	0.368213	0.423971	0.379804	0.393625	0.374010	0.374981	0.386285	0.393277	0.383860	0.375921	0.386875	0.379495	0.368120	0.376263	0.406712	0.380039	0.399578	0.362362	0.384958	0.371472	0.380850	0.391557	0.366269	0.389493	0.365093	0.373311	0.358361	0.381392	0.381418	0.365821	0.382432	0.383764	0.355406	0.398551	0.364690	0.371616	0.351218	0.380967	0.363957	0.340979	0.324888	0.403728	0.376684	0.362613	0.365936	0.362972	0.356051	0.369118	0.366365	0.370074	0.385455	0.404845	0.376386	0.393704	0.345436	0.424070	0.396317	0.361208	0.334158	0.345391	0.348161	0.332883	0.335831	0.331745	0.331843	0.386955	0.390957	0.357028	0.374576	0.371633	0.341100	0.355949	0.400306	0.375561	0.349111	0.389959	0.353072	0.371090	0.394273	0.400006	
0.346240	0.376692	0.386290	0.316311	0.354663	0.328776	0.287988	0.352485	0.348677	0.000000	0.286541	0.360538	0.341552	0.295975	0.364545	0.359061	0.387718	0.275735	0.350407	0.286373	0.324265	0.250647	0.247239	0.359684	0.346007	0.373404	0.380564	0.367770	0.408003	0.380954	0.393811	0.373389	0.394830	0.408934	0.369700	0.390888	0.356316	0.404755	0.359779	0.382167	0.361868	0.379007	0.372896	0.369926	0.359808	0.371699	0.372916	0.327523	0.364254	0.377699	0.375777	0.376822	0.397571	0.389408	0.377800	0.374306	0.379897	0.372729	0.372517	0.362501	0.376838	0.411855	0.396936	0.374814	0.338524	0.382163	0.368727	0.394325	0.381092	0.402415	0.377549	0.391678	0.340106	0.385135	0.360019	0.400232	0.388209	0.378312	0.374963	0.381443	0.374822	0.359763	0.371138	0.352358	0.389563	0.382039	0.373626	0.417751	0.384532	0.430818	0.382065	0.381978	0.328704	0.338675	0.338854	0.326595	0.330737	0.327135	0.323855	0.403915	0.370484	0.365663	0.392416	0.371343	0.401814	0.393009	0.364906	0.378123	0.328911	0.415057	0.355766	0.372612	0.385203	0.388869	
0.343817	0.358187	0.366439	0.351470	0.367106	0.297479	0.246635	0.386600	0.355367	0.286541	0.000000	0.340743	0.344417	0.335579	0.386900	0.391063	0.381897	0.247982	0.351417	0.273382	0.359083	0.283630	0.297657	0.381096	0.329602	0.374918	0.361485	0.402271	0.369531	0.367851	0.397274	0.383393	0.391167	0.406046	0.358669	0.380390	0.370141	0.387152	0.362746	0.358824	0.356590	0.380412	0.361139	0.369547	0.372636	0.350416	0.370500	0.336679	0.357232	0.373058	0.360277	0.351114	0.350441	0.357774	0.343916	0.351408	0.344803	0.356256	0.377939	0.354415	0.344489	0.381672	0.349498	0.365882	0.374658	0.351234	0.346142	0.378519	0.373405	0.394292	0.393630	0.378221	0.333369	0.354456	0.340136	0.384668	0.387235	0.380193	0.353927	0.367167	0.341564	0.351430	0.357433	0.358164	0.361300	0.346920	0.357842	0.393450	0.366037	0.400631	0.384684	0.411499	0.358580	0.362611	0.367818	0.357559	0.360806	0.358842	0.354121	0.392697	0.391811	0.363487	0.415297	0.349354	0.383367	0.394466	0.371759	0.374359	0.317966	0.424584	0.342419	0.382367	0.390083	0.425588	
0.344273	0.335460	0.371099	0.374547	0.365763	0.367791	0.341548	0.333209	0.337963	0.360538	0.340743	0.000000	0.265348	0.336314	0.361614	0.384718	0.398568	0.333007	0.348277	0.352930	0.311166	0.378033	0.369901	0.359132	0.326443	0.381866	0.380651	0.383754	0.374866	0.384642	0.367859	0.362891	0.391574	0.369818	0.342315	0.350785	0.376634	0.386047	0.364917	0.350564	0.354177	0.369988	0.359231	0.396457	0.385221	0.348834	0.341948	0.346258	0.362839	0.378556	0.372986	0.374867	0.370235	0.371387	0.311391	0.316015	0.340071	0.361625	0.344864	0.330788	0.358418	0.347911	0.352208	0.366170	0.376961	0.363274	0.340115	0.340501	0.329959	0.343064	0.339251	0.344562	0.343647	0.365884	0.311698	0.344876	0.376405	0.362630	0.365575	0.365700	0.359395	0.351710	0.359921	0.377977	0.358089	0.341829	0.350247	0.330507	0.346044	0.399245	0.373777	0.360339	0.312999	0.319699	0.316153	0.311190	0.315056	0.312975	0.313647	0.388963	0.373885	0.349585	0.402946	0.312802	0.342581	0.368488	0.385385	0.385391	0.331960	0.402775	0.336160	0.387668	0.380517	0.402711	
0.346407	0.308585	0.372762	0.345094	0.309072	0.355533	0.329456	0.343336	0.319317	0.341552	0.344417	0.265348	0.000000	0.319578	0.359130	0.372708	0.379412	0.339449	0.358871	0.353737	0.274689	0.354628	0.331695	0.366804	0.363362	0.351823	0.384038	0.412738	0.403217	0.410553	0.393717	0.393217	0.422404	0.409582	0.385231	0.389648	0.361207	0.394375	0.357838	0.354284	0.357710	0.385830	0.357416	0.367443	0.370475	0.353335	0.355962	0.351366	0.375054	0.382726	0.373899	0.357938	0.376861	0.373957	0.351397	0.334334	0.351489	0.386686	0.345910	0.339148	0.368986	0.366436	0.359397	0.362533	0.380585	0.361141	0.363309	0.350129	0.336898	0.349275	0.336906	0.366641	0.360621	0.364263	0.308398	0.355127	0.365358	0.356054	0.360410	0.366055	0.361454	0.368902	0.372603	0.388744	0.388834	0.357294	0.361111	0.348048	0.340927	0.397492	0.383459	0.345125	0.280921	0.293842	0.296955	0.278928	0.284969	0.280598	0.282576	0.395879	0.373463	0.366049	0.378770	0.355975	0.334052	0.366018	0.392834	0.375496	0.334004	0.375171	0.363472	0.362335	0.377320	0.398328	
0.353835	0.335957	0.363224	0.332975	0.309845	0.369613	0.310807	0.368008	0.333015	0.295975	0.335579	0.336314	0.319578	0.000000	0.339906	0.337591	0.373776	0.345384	0.338772	0.324199	0.303780	0.297197	0.254085	0.395505	0.352906	0.352143	0.403205	0.417536	0.410234	0.420719	0.416875	0.398024	0.424056	0.425925	0.378550	0.412244	0.358577	0.396053	0.356381	0.357730	0.348025	0.392874	0.383437	0.359240	0.387838	0.369397	0.341869	0.360587	0.342222	0.375692	0.370203	0.347871	0.378104	0.371716	0.374668	0.348659	0.354312	0.393671	0.375832	0.378108	0.343407	0.361430	0.350439	0.361445	0.385991	0.382216	0.369099	0.360102	0.379791	0.388046	0.376128	0.362936	0.350397	0.377652	0.348289	0.366242	0.369254	0.367381	0.382356	0.368575	0.384170	0.370635	0.370812	0.385720	0.409068	0.365068	0.374236	0.370799	0.385462	0.395382	0.402345	0.354025	0.303043	0.316518	0.316335	0.305497	0.309645	0.307007	0.303592	0.429405	0.381126	0.361392	0.384883	0.382767	0.376881	0.359439	0.382336	0.359530	0.325349	0.376903	0.354883	0.360744	0.385011	0.386374	
0.350841	0.384654	0.367544	0.388407	0.330829	0.385235	0.363260	0.315842	0.296200	0.364545	0.386900	0.361614	0.359130	0.339906	0.000000	0.222011	0.365189	0.356862	0.238334	0.384067	0.320663	0.382045	0.365903	0.289883	0.377222	0.361133	0.375374	0.388410	0.398924	0.421774	0.424452	0.406903	0.407257	0.406896	0.357110	0.389710	0.378915	0.378325	0.376603	0.362812	0.388019	0.403505	0.387541	0.403436	0.409191	0.377186	0.359825	0.386090	0.370223	0.414375	0.387002	0.357010	0.374372	0.363953	0.365343	0.368430	0.335550	0.350916	0.332527	0.356358	0.345763	0.352866	0.392136	0.361314	0.395585	0.374484	0.340194	0.360202	0.337794	0.394939	0.360345	0.356642	0.378953	0.359357	0.347232	0.364956	0.348679	0.379325	0.359912	0.353614	0.347926	0.387393	0.356433	0.332865	0.373750	0.363229	0.370870	0.385035	0.378318	0.376730	0.345051	0.368798	0.327687	0.332130	0.333953	0.325600	0.325743	0.322620	0.323044	0.409469	0.368235	0.362680	0.345568	0.387426	0.370806	0.344814	0.387797	0.368045	0.348906	0.326905	0.343291	0.341320	0.356291	0.352151	
0.347183	0.362042	0.348122	0.366248	0.310759	0.364425	0.356320	0.291549	0.298786	0.359061	0.391063	0.384718	0.372708	0.337591	0.222011	0.000000	0.340272	0.366797	0.263861	0.385866	0.318545	0.356590	0.355370	0.279952	0.366181	0.366520	0.377171	0.387552	0.395848	0.403449	0.416698	0.407505	0.397226	0.401993	0.378781	0.406340	0.371761	0.369405	0.370587	0.375091	0.384720	0.407952	0.410363	0.398722	0.398256	0.394146	0.355097	0.406406	0.384343	0.405949	0.403740	0.357743	0.370368	0.364150	0.393278	0.389096	0.351601	0.360087	0.348496	0.371565	0.332766	0.351780	0.407316	0.367250	0.390736	0.379817	0.352806	0.377177	0.359024	0.405471	0.377739	0.364067	0.383385	0.365653	0.372721	0.381319	0.351304	0.382551	0.366081	0.352991	0.347464	0.391332	0.359675	0.331921	0.371887	0.372222	0.381215	0.388630	0.388587	0.366928	0.344697	0.347627	0.324835	0.326713	0.334032	0.320990	0.322043	0.319219	0.316274	0.390543	0.371283	0.371273	0.334724	0.398374	0.371817	0.348825	0.377973	0.350092	0.351171	0.325551	0.346528	0.333229	0.364924	0.331079	
0.331715	0.302881	0.314670	0.365349	0.281939	0.375461	0.372928	0.368809	0.376684	0.387718	0.381897	0.398568	0.379412	0.373776	0.365189	0.340272	0.000000	0.385135	0.361959	0.383113	0.355194	0.363207	0.387449	0.358090	0.402721	0.402713	0.395375	0.389952	0.415872	0.393176	0.403498	0.398196	0.391393	0.395479	0.378405	0.385902	0.353777	0.373757	0.351057	0.374824	0.356471	0.403983	0.379216	0.361201	0.392840	0.366569	0.371979	0.381087	0.370030	0.378132	0.373325	0.344796	0.371879	0.366836	0.393954	0.371591	0.383326	0.373976	0.373482	0.393756	0.383906	0.380375	0.392528	0.372166	0.403306	0.383556	0.379943	0.378523	0.394665	0.379591	0.380801	0.394231	0.375154	0.367851	0.410966	0.384038	0.383034	0.381999	0.391320	0.361035	0.383441	0.404145	0.377991	0.383480	0.378573	0.368991	0.384182	0.376776	0.384743	0.399948	0.376435	0.372572	0.355803	0.356039	0.358021	0.353424	0.357958	0.355701	0.351060	0.395881	0.383183	0.383320	0.399860	0.386203	0.378677	0.360008	0.366958	0.373275	0.365839	0.386512	0.376228	0.358596	0.380527	0.368731	
0.343921	0.358597	0.367697	0.327366	0.364394	0.253989	0.271186	0.337487	0.322312	0.275735	0.247982	0.333007	0.339449	0.345384	0.356862	0.366797	0.385135	0.000000	0.338384	0.285855	0.336047	0.285031	0.304042	0.351890	0.321310	0.363828	0.358597	0.376252	0.391403	0.363396	0.400651	0.377488	0.385246	0.394779	0.361737	0.372481	0.387738	0.422698	0.384620	0.379133	0.380163	0.408159	0.387116	0.400486	0.398772	0.376328	0.364607	0.357398	0.380446	0.397649	0.404562	0.393743	0.382324	0.387852	0.340213	0.362508	0.363148	0.354031	0.378191	0.363767	0.371478	0.396868	0.362459	0.365563	0.361151	0.353380	0.354932	0.400700	0.372854	0.387909	0.390387	0.396271	0.341591	0.354046	0.341722	0.405500	0.406835	0.392472	0.359601	0.380055	0.360020	0.351807	0.357064	0.361591	0.352252	0.346107	0.353816	0.403025	0.373773	0.420947	0.377374	0.398546	0.338861	0.346830	0.346343	0.336522	0.340034	0.336906	0.334595	0.384608	0.386993	0.364074	0.405783	0.333788	0.372657	0.380724	0.359768	0.371183	0.335237	0.413820	0.372045	0.378521	0.381249	0.412107	
0.334135	0.380575	0.337934	0.383548	0.355249	0.366644	0.337748	0.310958	0.290918	0.350407	0.351417	0.348277	0.358871	0.338772	0.238334	0.263861	0.361959	0.338384	0.000000	0.341223	0.340456	0.362020	0.359850	0.285962	0.339331	0.358222	0.355141	0.388426	0.368943	0.384551	0.389094	0.384843	0.388232	0.389751	0.336441	0.370869	0.372065	0.344400	0.366136	0.366744	0.366284	0.359994	0.370963	0.377815	0.392832	0.377372	0.349891	0.358611	0.360673	0.366726	0.363820	0.341517	0.355630	0.347067	0.350188	0.352162	0.353436	0.328273	0.326366	0.347240	0.328279	0.343227	0.373144	0.340680	0.391146	0.377999	0.321918	0.362751	0.332554	0.400659	0.356892	0.346473	0.350817	0.352764	0.349037	0.369432	0.351065	0.364626	0.358716	0.370141	0.345477	0.372875	0.332770	0.325455	0.345336	0.368735	0.350874	0.382159	0.369725	0.384707	0.342475	0.368167	0.339634	0.340180	0.346249	0.339532	0.339335	0.338894	0.336320	0.378959	0.373929	0.356949	0.347328	0.361614	0.383396	0.337049	0.375372	0.360427	0.311587	0.344040	0.316007	0.332382	0.347790	0.351488	
0.348166	0.365209	0.355636	0.347258	0.375066	0.280253	0.276568	0.359746	0.351220	0.286373	0.273382	0.352930	0.353737	0.324199	0.384067	0.385866	0.383113	0.285855	0.341223	0.000000	0.351556	0.280234	0.293870	0.366743	0.299538	0.359111	0.359411	0.375240	0.375639	0.378108	0.401397	0.369365	0.385237	0.393181	0.366842	0.380780	0.363774	0.379908	0.359837	0.393447	0.370737	0.372023	0.380087	0.375587	0.392126	0.369353	0.384312	0.351200	0.367466	0.371375	0.369375	0.371327	0.384320	0.380215	0.329914	0.361331	0.361952	0.362360	0.380838	0.368569	0.354949	0.394495	0.362160	0.370756	0.361458	0.370454	0.346879	0.385800	0.369683	0.401106	0.381878	0.378571	0.348932	0.385475	0.345198	0.391941	0.392660	0.391653	0.366805	0.385089	0.348183	0.370487	0.363904	0.371189	0.342017	0.354047	0.363231	0.396627	0.370538	0.384777	0.356872	0.385046	0.350827	0.356753	0.364815	0.351229	0.354091	0.351702	0.345298	0.353382	0.382856	0.359799	0.420655	0.320858	0.409563	0.393000	0.354674	0.356382	0.313288	0.404107	0.334914	0.395746	0.352309	0.406584	
0.336659	0.284182	0.363581	0.332807	0.259920	0.319351	0.333901	0.308465	0.331052	0.324265	0.359083	0.311166	0.274689	0.303780	0.320663	0.318545	0.355194	0.336047	0.340456	0.351556	0.000000	0.332166	0.322438	0.339569	0.346674	0.337769	0.403771	0.400964	0.409227	0.428933	0.429903	0.420863	0.422871	0.413610	0.390838	0.405097	0.378824	0.414505	0.383413	0.361438	0.374259	0.422140	0.385489	0.388662	0.392209	0.376555	0.334361	0.378927	0.392648	0.404829	0.403632	0.361235	0.370050	0.381020	0.390484	0.358570	0.379780	0.389944	0.365971	0.368749	0.363258	0.366582	0.406666	0.385343	0.404318	0.390848	0.375368	0.374694	0.372750	0.395964	0.374693	0.378936	0.340265	0.389250	0.346493	0.379988	0.379898	0.391051	0.385215	0.374676	0.369038	0.381369	0.376881	0.378434	0.403901	0.353754	0.377723	0.388974	0.374708	0.399505	0.364884	0.344143	0.211799	0.229439	0.257899	0.204010	0.210415	0.201100	0.203692	0.400102	0.379502	0.372963	0.395379	0.372253	0.382010	0.360341	0.371085	0.372200	0.335808	0.366960	0.369242	0.360184	0.368967	0.376325	
0.345118	0.357905	0.358793	0.311683	0.347869	0.281037	0.255404	0.363834	0.365405	0.250647	0.283630	0.378033	0.354628	0.297197	0.382045	0.356590	0.363207	0.285031	0.362020	0.280234	0.332166	0.000000	0.265663	0.379036	0.321745	0.369115	0.373877	0.375735	0.391760	0.377687	0.413924	0.394638	0.386703	0.393608	0.381100	0.391898	0.362777	0.406467	0.362108	0.384590	0.358174	0.405987	0.395331	0.359637	0.389375	0.382571	0.366132	0.343529	0.356972	0.379282	0.380655	0.367172	0.380366	0.385051	0.367376	0.362412	0.365751	0.366278	0.374082	0.374619	0.347889	0.387930	0.361953	0.370316	0.363309	0.370632	0.362636	0.378210	0.384448	0.390516	0.401655	0.378421	0.341992	0.363148	0.357498	0.383882	0.384837	0.385312	0.368837	0.364727	0.364606	0.356478	0.356233	0.373476	0.376497	0.351909	0.357671	0.381067	0.371933	0.383773	0.374095	0.357556	0.332208	0.340832	0.341637	0.333680	0.337021	0.334102	0.326372	0.370081	0.380852	0.358190	0.400771	0.363282	0.389440	0.391232	0.360962	0.356774	0.327525	0.382526	0.356247	0.369181	0.349152	0.395208	
0.350765	0.355273	0.354692	0.291699	0.334770	0.315409	0.271318	0.366787	0.325812	0.247239	0.297657	0.369901	0.331695	0.254085	0.365903	0.355370	0.387449	0.304042	0.359850	0.293870	0.322438	0.265663	0.000000	0.378889	0.338000	0.332562	0.355552	0.394217	0.382442	0.400243	0.404114	0.387443	0.410649	0.412791	0.382909	0.401001	0.352961	0.413766	0.355153	0.367176	0.355539	0.391547	0.368900	0.367666	0.354681	0.365158	0.357572	0.345442	0.361877	0.361965	0.364891	0.365308	0.376852	0.372420	0.385682	0.375060	0.368948	0.411489	0.391659	0.381998	0.342021	0.393900	0.367882	0.373315	0.347455	0.379469	0.379504	0.376210	0.379868	0.391575	0.386146	0.376318	0.340144	0.380502	0.331447	0.381842	0.375668	0.364872	0.388832	0.362975	0.377510	0.363137	0.385225	0.395332	0.419971	0.381780	0.383813	0.403040	0.386127	0.394787	0.395788	0.368949	0.327477	0.340220	0.339684	0.325140	0.329940	0.325733	0.322298	0.420497	0.372298	0.361784	0.386201	0.393460	0.398366	0.407348	0.382606	0.369134	0.341308	0.383442	0.345313	0.376293	0.375624	0.384888	
0.342929	0.382181	0.349200	0.372054	0.347827	0.368264	0.374125	0.294005	0.289775	0.359684	0.381096	0.359132	0.366804	0.395505	0.289883	0.279952	0.358090	0.351890	0.285962	0.366743	0.339569	0.379036	0.378889	0.000000	0.370194	0.357694	0.378046	0.351261	0.385957	0.389182	0.413484	0.380994	0.400386	0.399382	0.344783	0.400996	0.382535	0.377660	0.377412	0.385958	0.389959	0.385676	0.396685	0.391717	0.404954	0.405382	0.359670	0.370932	0.381370	0.389421	0.392525	0.364107	0.372115	0.371441	0.384658	0.389965	0.371345	0.337510	0.334737	0.363034	0.353676	0.367704	0.401103	0.355958	0.361276	0.368643	0.342022	0.380226	0.357057	0.389761	0.360227	0.372243	0.377327	0.351128	0.355370	0.383980	0.368675	0.368640	0.347344	0.372711	0.336392	0.380477	0.348135	0.330856	0.326391	0.357872	0.367142	0.385614	0.357232	0.387966	0.322127	0.354834	0.346634	0.343575	0.345614	0.341211	0.340553	0.338364	0.335637	0.331209	0.365572	0.341644	0.352678	0.333952	0.357495	0.350430	0.342566	0.367538	0.363271	0.353931	0.362293	0.353393	0.340711	0.339056	
0.344773	0.364549	0.318277	0.321138	0.390538	0.281761	0.307869	0.353955	0.368350	0.346007	0.329602	0.326443	0.363362	0.352906	0.377222	0.366181	0.402721	0.321310	0.339331	0.299538	0.346674	0.321745	0.338000	0.370194	0.000000	0.364609	0.352752	0.366984	0.349908	0.368776	0.368118	0.379270	0.355684	0.353678	0.366812	0.356981	0.371811	0.374669	0.366104	0.404853	0.363197	0.359620	0.388917	0.401988	0.383611	0.361121	0.344481	0.366623	0.359992	0.368949	0.369292	0.384597	0.365861	0.367802	0.350440	0.369832	0.384093	0.347483	0.366940	0.348331	0.316278	0.334601	0.375430	0.371010	0.359352	0.372551	0.349678	0.379398	0.364652	0.410663	0.401412	0.340710	0.379731	0.383828	0.354370	0.384586	0.359205	0.395349	0.385976	0.391155	0.346414	0.344718	0.344235	0.351682	0.360736	0.349042	0.333844	0.380599	0.378619	0.353086	0.347209	0.366700	0.350095	0.351304	0.367894	0.347040	0.347776	0.346248	0.340887	0.340226	0.354868	0.344267	0.395321	0.338251	0.409133	0.403159	0.357973	0.373320	0.342532	0.365882	0.324143	0.393538	0.332452	0.379268	
0.357114	0.363234	0.379711	0.363692	0.357019	0.344208	0.340705	0.377333	0.341851	0.373404	0.374918	0.381866	0.351823	0.352143	0.361133	0.366520	0.402713	0.363828	0.358222	0.359111	0.337769	0.369115	0.332562	0.357694	0.364609	0.000000	0.342530	0.367118	0.333587	0.392175	0.389850	0.398473	0.396908	0.382518	0.356201	0.393576	0.397612	0.391674	0.389780	0.359107	0.386649	0.380981	0.396942	0.387208	0.387896	0.383937	0.360427	0.399787	0.412614	0.378669	0.393550	0.380793	0.357316	0.374872	0.396589	0.402528	0.384241	0.410720	0.378823	0.379896	0.346612	0.369610	0.395148	0.369630	0.383257	0.386442	0.387515	0.384130	0.359539	0.406851	0.390356	0.364133	0.375941	0.371662	0.341779	0.389584	0.373867	0.378064	0.379455	0.387571	0.371253	0.378744	0.384061	0.373579	0.375531	0.365215	0.386835	0.393528	0.372416	0.365980	0.375468	0.354203	0.342387	0.347956	0.356084	0.338850	0.341529	0.338626	0.335318	0.366067	0.369009	0.380864	0.363574	0.376073	0.391524	0.399148	0.374585	0.376950	0.368835	0.353153	0.383478	0.352302	0.372561	0.387166	
0.356700	0.413954	0.361598	0.390516	0.401228	0.352674	0.344925	0.386656	0.361302	0.380564	0.361485	0.380651	0.384038	0.403205	0.375374	0.377171	0.395375	0.358597	0.355141	0.359411	0.403771	0.373877	0.355552	0.378046	0.352752	0.342530	0.000000	0.372653	0.320143	0.351193	0.373986	0.371377	0.336201	0.331102	0.344553	0.333611	0.372392	0.373421	0.365451	0.385865	0.387884	0.365738	0.367347	0.399192	0.379477	0.364688	0.386876	0.372366	0.387195	0.370811	0.372678	0.372170	0.383602	0.369041	0.366832	0.371026	0.353630	0.384214	0.357702	0.360517	0.352354	0.380528	0.382143	0.349345	0.366833	0.373737	0.354604	0.385851	0.341793	0.399142	0.381341	0.367000	0.380843	0.351380	0.361363	0.391437	0.381612	0.373805	0.396502	0.361189	0.379133	0.369308	0.370809	0.383623	0.378575	0.388277	0.360984	0.370700	0.361269	0.379803	0.361048	0.402000	0.400582	0.400336	0.393540	0.399859	0.401177	0.402675	0.397803	0.385113	0.380532	0.366629	0.348872	0.378551	0.367784	0.411897	0.399546	0.387296	0.368784	0.370976	0.344736	0.355589	0.367003	0.409092	
0.356408	0.433694	0.390165	0.375615	0.405373	0.395133	0.382983	0.366387	0.402774	0.367770	0.402271	0.383754	0.412738	0.417536	0.388410	0.387552	0.389952	0.376252	0.388426	0.375240	0.400964	0.375735	0.394217	0.351261	0.366984	0.367118	0.372653	0.000000	0.340132	0.298650	0.330363	0.274410	0.326047	0.321335	0.326527	0.329916	0.395791	0.371603	0.393925	0.376553	0.377452	0.381261	0.384083	0.374818	0.388088	0.411193	0.359019	0.372028	0.338438	0.364177	0.372091	0.394754	0.367602	0.380585	0.382544	0.384417	0.380996	0.353235	0.365306	0.372740	0.374378	0.376771	0.397362	0.354728	0.337864	0.362955	0.375338	0.375417	0.351773	0.371818	0.373606	0.392862	0.380436	0.370472	0.382592	0.379792	0.392625	0.381328	0.353806	0.381795	0.359345	0.362256	0.355560	0.361183	0.319220	0.348211	0.359128	0.392162	0.361981	0.365902	0.332414	0.374462	0.404171	0.395043	0.388963	0.397636	0.399577	0.399732	0.395530	0.350748	0.330160	0.364095	0.355153	0.338457	0.357716	0.380673	0.323055	0.370362	0.389529	0.352730	0.391786	0.376306	0.354383	0.356151	
0.357647	0.408860	0.370290	0.409903	0.413104	0.387493	0.360048	0.390435	0.398033	0.408003	0.369531	0.374866	0.403217	0.410234	0.398924	0.395848	0.415872	0.391403	0.368943	0.375639	0.409227	0.391760	0.382442	0.385957	0.349908	0.333587	0.320143	0.340132	0.000000	0.314644	0.340412	0.369810	0.316270	0.319656	0.315848	0.325936	0.405664	0.357515	0.385993	0.371623	0.371023	0.349860	0.374108	0.390816	0.371312	0.390146	0.364873	0.398093	0.371511	0.362675	0.357517	0.369546	0.341301	0.355722	0.378088	0.391630	0.369829	0.394600	0.391846	0.378377	0.335590	0.361699	0.381415	0.363287	0.395070	0.395703	0.363470	0.375472	0.351180	0.401538	0.397285	0.356814	0.373720	0.371353	0.368937	0.381350	0.386079	0.388885	0.393948	0.383690	0.381070	0.376393	0.366584	0.395610	0.357125	0.368572	0.357122	0.378950	0.372448	0.334036	0.360703	0.381771	0.405769	0.396434	0.403755	0.402601	0.403142	0.405277	0.398619	0.363993	0.379545	0.373742	0.345349	0.367552	0.395270	0.410472	0.383105	0.373362	0.363263	0.365901	0.353910	0.368901	0.382564	0.398715	
0.346183	0.418079	0.377213	0.405145	0.408721	0.398447	0.366167	0.395054	0.387196	0.380954	0.367851	0.384642	0.410553	0.420719	0.421774	0.403449	0.393176	0.363396	0.384551	0.378108	0.428933	0.377687	0.400243	0.389182	0.368776	0.392175	0.351193	0.298650	0.314644	0.000000	0.253715	0.302825	0.243495	0.291208	0.291263	0.271080	0.403480	0.362076	0.395309	0.399901	0.354243	0.361338	0.386659	0.371745	0.392149	0.406140	0.380066	0.367547	0.354850	0.352412	0.376136	0.388126	0.375645	0.375812	0.393264	0.380009	0.389097	0.358766	0.392609	0.378302	0.373570	0.365866	0.369805	0.344167	0.349864	0.361857	0.359806	0.393444	0.373772	0.362170	0.377701	0.392103	0.388716	0.338226	0.388238	0.398418	0.406492	0.374622	0.353617	0.395692	0.367455	0.366790	0.353056	0.385080	0.326697	0.377924	0.340492	0.366028	0.350984	0.362721	0.357591	0.388563	0.423172	0.414455	0.413750	0.420725	0.422129	0.424854	0.418786	0.363488	0.362952	0.371594	0.348510	0.352855	0.352828	0.393170	0.345147	0.349008	0.392196	0.392994	0.366593	0.368480	0.404894	0.396637	
0.359222	0.397493	0.380291	0.404980	0.396735	0.420391	0.386697	0.416632	0.398605	0.393811	0.397274	0.367859	0.393717	0.416875	0.424452	0.416698	0.403498	0.400651	0.389094	0.401397	0.429903	0.413924	0.404114	0.413484	0.368118	0.389850	0.373986	0.330363	0.340412	0.253715	0.000000	0.288758	0.279410	0.291121	0.322943	0.291812	0.395779	0.342922	0.383866	0.401007	0.364713	0.332289	0.372745	0.382760	0.375661	0.385519	0.389322	0.389792	0.385447	0.351563	0.373709	0.398254	0.398987	0.388669	0.394983	0.392991	0.406388	0.388591	0.394317	0.372764	0.391720	0.368720	0.379540	0.345172	0.341990	0.378015	0.388559	0.385102	0.368573	0.371098	0.371255	0.382192	0.413793	0.353167	0.405399	0.389239	0.392925	0.365666	0.379816	0.387989	0.404446	0.377151	0.375746	0.410219	0.364617	0.397395	0.363421	0.369942	0.379003	0.383878	0.391206	0.400419	0.424777	0.416833	0.429584	0.420918	0.424323	0.427215	0.422186	0.379744	0.350790	0.404449	0.353129	0.386966	0.383132	0.412838	0.382066	0.377849	0.398112	0.399777	0.364473	0.363551	0.424040	0.407942	
0.351586	0.425569	0.388459	0.380639	0.404352	0.423708	0.375635	0.406729	0.380258	0.373389	0.383393	0.362891	0.393217	0.398024	0.406903	0.407505	0.398196	0.377488	0.384843	0.369365	0.420863	0.394638	0.387443	0.380994	0.379270	0.398473	0.371377	0.274410	0.369810	0.302825	0.288758	0.000000	0.348183	0.331938	0.319189	0.314356	0.373598	0.353964	0.365754	0.372262	0.354779	0.359927	0.348932	0.360592	0.367407	0.393864	0.366825	0.358859	0.350446	0.354670	0.369226	0.384392	0.364430	0.368346	0.345443	0.350125	0.357444	0.345900	0.364316	0.370439	0.387335	0.372257	0.348447	0.335275	0.340642	0.344540	0.353195	0.359484	0.340971	0.337305	0.343244	0.372045	0.388174	0.354319	0.362643	0.363649	0.389583	0.352718	0.342219	0.353515	0.369245	0.370509	0.351078	0.387862	0.332798	0.367413	0.358901	0.360147	0.353779	0.379199	0.362621	0.390801	0.417939	0.409522	0.399851	0.413628	0.416620	0.418549	0.415751	0.369838	0.351266	0.364045	0.359807	0.347020	0.334563	0.366635	0.367572	0.361853	0.385367	0.387565	0.384021	0.373845	0.375566	0.396261	
0.355613	0.422984	0.363853	0.419319	0.416767	0.377118	0.386732	0.374320	0.423669	0.394830	0.391167	0.391574	0.422404	0.424056	0.407257	0.397226	0.391393	0.385246	0.388232	0.385237	0.422871	0.386703	0.410649	0.400386	0.355684	0.396908	0.336201	0.326047	0.316270	0.243495	0.279410	0.348183	0.000000	0.242342	0.313034	0.263805	0.397382	0.370074	0.388433	0.414884	0.373056	0.369462	0.383886	0.404679	0.404221	0.396978	0.385675	0.394529	0.360822	0.380688	0.379583	0.396476	0.397220	0.384410	0.395149	0.388509	0.396372	0.377924	0.380763	0.370097	0.382415	0.371751	0.404429	0.361638	0.364664	0.396695	0.370494	0.396340	0.373684	0.403475	0.395801	0.381398	0.410615	0.378432	0.415956	0.401740	0.402718	0.396261	0.396547	0.398669	0.394118	0.387116	0.369292	0.396185	0.351826	0.380479	0.349655	0.374291	0.378190	0.371255	0.350878	0.400529	0.417634	0.412382	0.415978	0.416688	0.417923	0.419905	0.411745	0.359482	0.375416	0.385029	0.364809	0.364663	0.390339	0.417517	0.354951	0.364146	0.382842	0.381518	0.367976	0.373869	0.392516	0.392562	
0.357967	0.412392	0.368805	0.407884	0.414227	0.380803	0.399832	0.369769	0.438743	0.408934	0.406046	0.369818	0.409582	0.425925	0.406896	0.401993	0.395479	0.394779	0.389751	0.393181	0.413610	0.393608	0.412791	0.399382	0.353678	0.382518	0.331102	0.321335	0.319656	0.291208	0.291121	0.331938	0.242342	0.000000	0.322675	0.243076	0.408538	0.369425	0.398734	0.415710	0.382655	0.368612	0.379913	0.413271	0.400174	0.398387	0.378829	0.388286	0.375338	0.376901	0.380351	0.405262	0.396247	0.392338	0.379138	0.378349	0.392018	0.394022	0.377872	0.372422	0.375969	0.373314	0.401696	0.365236	0.372108	0.401469	0.378091	0.388295	0.356771	0.405171	0.404061	0.379671	0.418919	0.384232	0.406056	0.392969	0.416725	0.410953	0.409143	0.386065	0.409016	0.386331	0.376905	0.397093	0.358799	0.384737	0.365302	0.356958	0.395607	0.365717	0.356735	0.388140	0.410182	0.404475	0.403562	0.407606	0.409975	0.411786	0.404451	0.367561	0.369153	0.394124	0.362049	0.368671	0.392474	0.407179	0.363309	0.371399	0.384419	0.372949	0.388079	0.372720	0.385577	0.398581	
0.292769	0.405751	0.356714	0.388265	0.390845	0.406935	0.345793	0.396934	0.368213	0.369700	0.358669	0.342315	0.385231	0.378550	0.357110	0.378781	0.378405	0.361737	0.336441	0.366842	0.390838	0.381100	0.382909	0.344783	0.366812	0.356201	0.344553	0.326527	0.315848	0.291263	0.322943	0.319189	0.313034	0.322675	0.000000	0.283373	0.374305	0.347259	0.366191	0.343331	0.340081	0.347846	0.342202	0.362036	0.385525	0.366114	0.356171	0.337662	0.348354	0.355846	0.351877	0.355510	0.350521	0.349178	0.349049	0.333340	0.347678	0.345108	0.351823	0.347949	0.353085	0.339890	0.365469	0.319774	0.374830	0.356113	0.327725	0.342217	0.339930	0.364294	0.351087	0.350762	0.349263	0.327339	0.365796	0.347570	0.375658	0.347153	0.351399	0.365785	0.371293	0.367723	0.342095	0.379816	0.314531	0.340330	0.333603	0.352488	0.318092	0.358382	0.336462	0.372373	0.386157	0.382541	0.379962	0.384550	0.384352	0.387098	0.382840	0.361402	0.354834	0.347621	0.349282	0.326538	0.346524	0.358813	0.364204	0.352592	0.350968	0.382455	0.344875	0.340441	0.365977	0.370318	
0.342360	0.401587	0.369024	0.402149	0.408159	0.392971	0.382181	0.390046	0.423971	0.390888	0.380390	0.350785	0.389648	0.412244	0.389710	0.406340	0.385902	0.372481	0.370869	0.380780	0.405097	0.391898	0.401001	0.400996	0.356981	0.393576	0.333611	0.329916	0.325936	0.271080	0.291812	0.314356	0.263805	0.243076	0.283373	0.000000	0.392668	0.375792	0.384758	0.407676	0.355151	0.373540	0.347830	0.400468	0.393059	0.392098	0.378399	0.358756	0.363524	0.381660	0.372572	0.398983	0.395300	0.387244	0.340887	0.338054	0.369969	0.362236	0.366512	0.355385	0.380321	0.359303	0.366223	0.337997	0.368600	0.376025	0.340018	0.352182	0.343489	0.372315	0.378816	0.363682	0.390688	0.370916	0.382978	0.356443	0.395415	0.374879	0.391024	0.373904	0.399889	0.374659	0.358805	0.397765	0.347530	0.372866	0.338295	0.333827	0.362883	0.366292	0.352476	0.400949	0.400647	0.396571	0.392971	0.398159	0.400491	0.402577	0.399692	0.388229	0.363847	0.383241	0.374860	0.341358	0.376573	0.392761	0.365104	0.372104	0.365437	0.384427	0.370193	0.371455	0.388894	0.391193	
0.344485	0.367317	0.345270	0.359322	0.343088	0.388196	0.359771	0.406955	0.379804	0.356316	0.370141	0.376634	0.361207	0.358577	0.378915	0.371761	0.353777	0.387738	0.372065	0.363774	0.378824	0.362777	0.352961	0.382535	0.371811	0.397612	0.372392	0.395791	0.405664	0.403480	0.395779	0.373598	0.397382	0.408538	0.374305	0.392668	0.000000	0.308513	0.219394	0.351591	0.300349	0.316601	0.315548	0.300303	0.300688	0.306379	0.365047	0.309528	0.312095	0.295780	0.292918	0.304904	0.351834	0.319879	0.377193	0.359877	0.365028	0.355926	0.346048	0.357868	0.380792	0.362486	0.390770	0.346863	0.383969	0.375185	0.364340	0.354040	0.362988	0.351601	0.348783	0.354954	0.362870	0.360525	0.383945	0.361200	0.346447	0.350147	0.376153	0.349793	0.364357	0.398326	0.370803	0.389583	0.371081	0.356889	0.351160	0.360888	0.327604	0.386593	0.342976	0.369194	0.375056	0.373876	0.368930	0.374195	0.378203	0.377803	0.371285	0.386281	0.360996	0.343497	0.397183	0.374565	0.356630	0.370979	0.397696	0.386591	0.355881	0.385434	0.338466	0.366630	0.348652	0.350114	
0.340118	0.411455	0.339287	0.400299	0.384277	0.429002	0.385763	0.409802	0.393625	0.404755	0.387152	0.386047	0.394375	0.396053	0.378325	0.369405	0.373757	0.422698	0.344400	0.379908	0.414505	0.406467	0.413766	0.377660	0.374669	0.391674	0.373421	0.371603	0.357515	0.362076	0.342922	0.353964	0.370074	0.369425	0.347259	0.375792	0.308513	0.000000	0.297484	0.352113	0.337822	0.223386	0.343913	0.313927	0.324121	0.312002	0.363467	0.340647	0.325179	0.282172	0.295977	0.303704	0.341779	0.305013	0.376215	0.363419	0.368062	0.360491	0.349437	0.363207	0.343232	0.347411	0.401282	0.342621	0.414849	0.407124	0.361967	0.380544	0.342146	0.389041	0.355694	0.358921	0.380449	0.359416	0.414012	0.387659	0.371560	0.389971	0.376485	0.370877	0.350275	0.396695	0.362351	0.349717	0.354818	0.365965	0.351656	0.385311	0.349882	0.361039	0.349555	0.382177	0.407348	0.392965	0.409135	0.406654	0.406853	0.410251	0.401685	0.364975	0.340323	0.356603	0.332276	0.390271	0.376814	0.374151	0.402706	0.381819	0.363691	0.365906	0.316903	0.330343	0.355736	0.378556	
