sample	SRR26416937	SRR26416938	SRR26416939	SRR26416940	SRR26416941	SRR26416943	SRR26416944	SRR26416945	SRR26416946	SRR26416948	SRR26416959	SRR26416970	SRR26417043	SRR26417044	SRR26417045	SRR26417046	SRR26417047	SRR26417048	SRR26417053	SRR26417091	SRR26417092	SRR26417093	SRR26417094	SRR26417095	SRR26417096	SRR26417097	SRR26417098	SRR26417100	SRR26417101	SRR26417102	SRR26417103	SRR26417104	SRR26417136	SRR26417137	SRR26417139	SRR26417140	SRR26417141	SRR26417142	SRR26417143	SRR26417144	SRR26417146	SRR26417147	SRR26417148	SRR26417149	SRR26417150	SRR26417151	SRR26417173	SRR26417184	SRR26417185	SRR26417186	SRR26417218	SRR26417241	SRR26417242	SRR26417243	SRR26417244	SRR26417246	SRR26417247	SRR26417248	SRR26417249	SRR26417250	SRR26417251	SRR26417252	SRR26417253	SRR26417254	SRR26417255	SRR26417257	SRR26417258	SRR26417259	SRR26417260	SRR26417261	SRR26417262	SRR26417263	SRR26417264	SRR26417265	SRR26417266	SRR26417267	SRR26417268	SRR26417269	SRR26417270	SRR26417271	SRR26417272	SRR26417273	SRR26417274	SRR26417276	SRR26417277	SRR26417278	SRR26417279	SRR26417280	SRR26417281	SRR26417282	SRR26417283	SRR26417284	SRR26417285	SRR26417292	SRR26417303	SRR26417370	SRR26417371	SRR26417373	SRR26417374	SRR26417375	SRR26417376	SRR26417377	SRR26417378	SRR26417379	SRR26417380	SRR26417381	SRR26417382	SRR26417384	SRR26417401	SRR26417402	SRR26417403	SRR26417404	SRR26417405	SRR26417407	SRR26417408	SRR26417445	SRR26417446	SRR26417447	SRR26417448	SRR26417449	SRR26417450	SRR26417451	SRR26417452	SRR26417453	SRR26417454	SRR26417456	SRR26417457	SRR26417458	SRR26417459	SRR26417460	SRR26417461	SRR26417462	SRR26417526	SRR26417588	SRR26417599	SRR26417608	SRR26417619	SRR26417631	SRR26417632	SRR26417633	SRR26417635	SRR26417636	SRR26417674
SRR26416937	0.0	0.0062296658040821296	0.006362156760184701	0.010265788094011352	0.006126644819856031	0.004435079896846106	0.006291634720988815	0.007004749637584129	0.0075255856355258555	0.008059684273972745	0.006097269844488662	0.006655757634203452	0.006621758876416917	0.008141570642035134	0.005426492301480512	0.005956182154928769	0.006293350067186121	0.007340202444053867	0.006607582926402178	0.007324580836477801	0.0062956302956515	0.005202702699497408	0.006156906149591412	0.00687387930842609	0.006418827140382111	0.0067970408327523435	0.0062528514529420764	0.008944763450715265	0.007860635558882945	0.006676849463164269	0.005333150527449426	0.006132639773015147	0.006572153685644677	0.007514123065524569	0.007616033645833742	0.005888260303468673	0.005475738378273309	0.006563305565352562	0.007055177527217293	0.006255251996989508	0.006277264333097277	0.008123538754559623	0.005802069343126881	0.006133519526136388	0.009436681297175786	0.007766631451622041	0.006779328905488824	0.0045888448144959515	0.007768239498220808	0.00666313439652233	0.006222883863617357	0.035597450977672085	0.00609647864440932	0.005794092120691263	0.007215506850472009	0.005839628606357783	0.006604924433774362	0.006440041916932704	0.009716041417084487	0.006830045483752878	0.012601189004479707	0.006855883104348259	0.006853097465333136	0.006474915623752686	0.006336914388023973	0.006718946417329952	0.004984714799529555	0.005520767628518275	0.007025274679797633	0.006534321441031832	0.006390464720168243	0.0064244703659851465	0.006470100395601475	0.007060854323981514	0.016562698642443197	0.0062349650642054	0.007359956498060871	0.006754887419473388	0.007362177626650479	0.007206427882600508	0.006256041133381851	0.00618625414113716	0.0064886166178945714	0.007760539746273443	0.006197612397302099	0.007431049701681958	0.006535493479886689	0.0064106009730589	0.007576843412482215	0.00607387378387092	0.006288997772306848	0.0059804570222686815	0.006308384895466368	0.005743423325222263	0.0053739386836552105	0.005954686158173295	0.006086087432894516	0.005881317809681819	0.006406439951907039	0.006546808364747858	0.006036133207795502	0.006419008842886154	0.006776744428409143	0.006595025447277081	0.006992347855449443	0.006458928796587826	0.006061348737026462	0.005996263635648091	0.006799878177026875	0.006031370106259093	0.00607698179616234	0.006081443585162827	0.007773491277498823	0.006437386246907262	0.005951533631691319	0.009449539446406807	0.00865722380119871	0.006307998831046491	0.006036487571588922	0.007099124171359827	0.006479539784776778	0.006355417906736771	0.004583561359618238	0.009089994612620722	0.005618290934043757	0.00617817680822641	0.006467129716636877	0.006073900021436929	0.006514032490107069	0.006190476933519706	0.005396708470285172	0.006699744452489442	0.0065505880018330576	0.008005032007984192	0.007519727415935318	0.005662609236912308	0.00572393624241041	0.006214909202408303	0.0069378744301714645	0.0057266382875452715	0.005691922880992961	0.006090652711540634	0.006090580156317582
SRR26416938	0.0062296658040821296	0.0	0.006219245526157602	0.00960885528431088	0.005597805470889283	0.004188296953374082	0.005957315026369647	0.00664422895306882	0.0070044831859426004	0.007677480013599247	0.00578350589949661	0.0063119862017961825	0.00611607755228194	0.007440187367952933	0.0054130305673640855	0.005799570454523839	0.006071457098051347	0.007209543508112981	0.006161627782856449	0.006808572749023467	0.005893048131740186	0.004978103594101335	0.005667590971663916	0.006380779006481485	0.005956371778042868	0.006455901736586722	0.005745624012677419	0.008359937109551296	0.007382402768969287	0.006204338405858989	0.004966488161383453	0.00594200957697999	0.006238251977228382	0.006950625524105747	0.007339203514020176	0.005486831381636859	0.005300790342156914	0.0060223821676215206	0.00655062706750098	0.005829869856974201	0.005976103447316583	0.007945704886754612	0.00544438921530932	0.005861398819851482	0.009107551808267944	0.007412127741068475	0.0066088338681650205	0.004510401110933482	0.007521649034266997	0.006677878524113612	0.005896932276419853	0.034976053206629776	0.005962044951859036	0.005473988018047327	0.006808468057108663	0.00579948784557105	0.006131696692700306	0.005928820086936182	0.009668662730988542	0.006513197432975071	0.01225326905112678	0.00624889438617604	0.006265318232501094	0.006435131852790765	0.006179249375514395	0.0060772075731732045	0.004778373357707033	0.00545261218841131	0.0072446837106486806	0.006262098421074613	0.006262191750229684	0.005769386587963221	0.006305385261209384	0.006912941503188996	0.015837782438093972	0.005784697099772584	0.006833012320864973	0.0064004607891232634	0.0067989283618682395	0.007149123148499914	0.006075748598544872	0.00565497032965423	0.006092318479614001	0.007315304364865605	0.0059863890744569215	0.007199431722474059	0.006191034841832033	0.005819051631874017	0.006920762407343628	0.005787601797937136	0.0058222876752993535	0.005627413113342694	0.005982632026468648	0.005431945596613752	0.005441676562879749	0.005901179779128185	0.005930811296703475	0.005647913811295702	0.006166340914111057	0.006174481992827885	0.005789662919138405	0.006149900374809225	0.006419277585478889	0.0062021144619722746	0.006704185128333817	0.006148305416698752	0.005716087865891173	0.005988473686849294	0.006137366444848302	0.005721799367960689	0.005749337723405468	0.005552972240071785	0.007189016258889014	0.00602268397018868	0.0053201541989899015	0.008713397462248085	0.00812659110689029	0.005980158375856526	0.0057327156374695765	0.006829637167504177	0.006340949823823494	0.0059907714661362466	0.004680759713492688	0.008973680089100267	0.0055971870936818435	0.006047965651225229	0.005975591277937564	0.00606567189358731	0.0062636021295495725	0.005855819169333976	0.0051399367662600115	0.006543004728516766	0.006327846220206879	0.007737255985006852	0.0070448650204958385	0.0054819028062742525	0.005880874369289413	0.006036722963002172	0.006667224773712066	0.005713416345000888	0.005436712891468298	0.005861206962910925	0.005778475920824588
SRR26416939	0.006362156760184701	0.006219245526157602	0.0	0.009920885678823432	0.005914300658171889	0.004742842724977381	0.006461523174257744	0.006830521501382081	0.007289617293257833	0.007915629552394221	0.0061938922842348365	0.0065632098710189934	0.006441547841089856	0.007869640287782032	0.005463185543903792	0.0062431444653048285	0.006438402863932491	0.007151975159549129	0.006724999755786221	0.0071671773170600694	0.0064503962061917	0.005332566865067556	0.006154753116743739	0.006666986520664553	0.0065901947085993395	0.00666888075701122	0.006124928650639516	0.009194290018774809	0.007471410585861871	0.006505378859975486	0.005245623831694024	0.006241840640095142	0.0065656402995888374	0.007308966916982684	0.007559584252428753	0.0059556273054126585	0.005507577132757069	0.006302467962853386	0.0065798021863962	0.00632276278155941	0.006380447322336225	0.008307165758625668	0.0058704752089470125	0.006373136034302007	0.00942667365650196	0.007683334311041512	0.006765981504694096	0.004738536828183815	0.007891115875243382	0.006693949795061216	0.005974238035214796	0.03401865868431675	0.006252975793777593	0.005919208461016345	0.006830896607580295	0.005981158616869431	0.006604580577849406	0.006212059367197598	0.009711259139348671	0.006699820489287744	0.012518035171513175	0.006845409687654902	0.006800344525022095	0.0065834041407715205	0.006476598083575924	0.006577145283709229	0.0051611378170942634	0.005744881908708255	0.007250019879831315	0.0064444025314158715	0.0065814212584134335	0.006468941277134266	0.006357077018639079	0.00751089664249216	0.016009588663830843	0.00618812318386297	0.007087491385398659	0.0065680633858300475	0.0070929059494312385	0.007603283860092347	0.006483528859026255	0.006311263743933759	0.006767274110544563	0.007824342882064572	0.006233346957475461	0.007585105998290209	0.006466528236457214	0.00621936972484094	0.007339388621158127	0.005887966588515203	0.006384153113460189	0.00593805670998615	0.006404051894211671	0.006003753792357958	0.005942457891715547	0.00600925842605371	0.006152091814192295	0.006015679230393256	0.006368912136071048	0.006325157083409749	0.005886758541020276	0.006242595132456508	0.006715352283717668	0.0062946665382727085	0.0067916542533768	0.006232047321627743	0.006019991367407496	0.006187164818226787	0.006712627138997007	0.0061770600216976	0.0063790091478743705	0.005997932702671682	0.0077757148630079875	0.006515745209408563	0.005806515374768284	0.008924172181648427	0.008158714549311497	0.006263242915641842	0.006132494988994264	0.006989456852464104	0.006607143788780245	0.006407102042739532	0.004747627254652609	0.009140592230465261	0.005570965544577811	0.006445502785125123	0.006010883318522731	0.006186664488733951	0.006358916559202621	0.006356119172961638	0.005493892451757909	0.006725423112885487	0.00676163327843915	0.008060848868064019	0.007406347267201352	0.005885807298442125	0.005998900072519908	0.0064146832592181235	0.006821869318363927	0.005923599840570004	0.00594354767843519	0.006170048999301625	0.006446601154283194
SRR26416940	0.010265788094011352	0.00960885528431088	0.009920885678823432	0.0	0.009139086008477015	0.0073316560614056225	0.009811258383810695	0.009445755398882594	0.00817962995830479	0.010918180143268397	0.009755855883042841	0.010030194260567282	0.009704692505470347	0.011021203951662506	0.009800205576329324	0.010260093848973417	0.009870811953934022	0.010149559038424405	0.010656403107098256	0.010268023302501983	0.010205352378261034	0.009384728084521732	0.009618696277324812	0.009711676777403477	0.009655433633947053	0.009192997757206833	0.0093085683307782	0.011933876663114074	0.010204417551627154	0.009571893865075953	0.008528275434317889	0.010321752937896167	0.010059953967550328	0.010314060686130166	0.008772762764733821	0.009424064058276338	0.008432368377683463	0.009479658300506677	0.010024679257525482	0.009818449818356778	0.010063046186256197	0.011325255139247425	0.009327378718109958	0.00872133307872447	0.010179803643702412	0.010990290289571103	0.009811421063855352	0.009249604369712672	0.0110623565812219	0.010378881966785158	0.009884584943128494	0.03438761207235275	0.009409681497648426	0.009328193909748927	0.010529459779305084	0.00888919783910802	0.009895508794927954	0.009819798344071984	0.012784503956296489	0.008953836407188276	0.01220065392211922	0.01056869565974905	0.009735480084509862	0.010206646177000622	0.010016168588154128	0.009753393118814957	0.00961385732991138	0.00977370885317086	0.010303019884391751	0.009405628086209594	0.00864140642752953	0.008199166203943231	0.009045556069792737	0.010634675340487454	0.015026675564971392	0.009499336778711176	0.010624698408540079	0.009783692344144668	0.010200506140850107	0.011200331263916063	0.01018613638059862	0.009633526187960317	0.009860650504299517	0.009824076496295797	0.00975551578629097	0.010646093734695938	0.009823964317900002	0.009826141857353643	0.010227437445026855	0.009628114224597528	0.0100646235992089	0.009933394566795317	0.008634335070309973	0.00899082150320707	0.009644003362791365	0.009803042816550422	0.00977059809385683	0.010268099960052623	0.009992171617448475	0.010037380106581839	0.009964096575463155	0.010121153319365361	0.010311375175625415	0.009791332360092664	0.010192193330188837	0.009861732681392898	0.009870280144251176	0.009897697046301834	0.00974508575607591	0.009916283551509641	0.009141570712394076	0.009103030281625069	0.009809816791305104	0.009835313795110934	0.009193476266675993	0.010620247520479631	0.00934182430244368	0.009790049707584236	0.009409463439431831	0.009893987116243452	0.009503574145614202	0.00971507724266285	0.009201765578125687	0.012113568904192351	0.009971607593222909	0.010179775822275028	0.009918217086222092	0.009529680463343682	0.010011204782523597	0.009906090801381828	0.009391049067859258	0.010546454375363945	0.01050282670224656	0.009708560800854582	0.010736489668133897	0.009708792773257091	0.010224507860419507	0.010048124473644338	0.010341617674025083	0.009411480495963409	0.009678472806163851	0.01012155723959518	0.00992037661997014
SRR26416941	0.006126644819856031	0.005597805470889283	0.005914300658171889	0.009139086008477015	0.0	0.0045952938978902624	0.006055120297217775	0.0066584759194366905	0.006778654119998784	0.007192568621525286	0.005776624019489418	0.006174237455169096	0.005509130534350426	0.006974676127806889	0.004935623412316348	0.005575462180299695	0.005867531554193506	0.006384189947021834	0.0063542264855822594	0.0061492853954655535	0.006126109143515968	0.004897261518972074	0.005641397833612616	0.006374619663999548	0.0057564550538217185	0.006238599368946662	0.0057056153834686985	0.008306566941451154	0.007074796604349176	0.005953987497795077	0.00527287727506065	0.005591627327549142	0.005965037533638529	0.006397896359999988	0.007413400302495932	0.005363409490595328	0.005099624240044731	0.005482019275011463	0.006182272113021248	0.005636831438232126	0.005366527491657336	0.007811929006104723	0.005513961043473126	0.005672346727229827	0.009376753335291976	0.007497625138065511	0.0063618123434527885	0.004328660762902503	0.007319786515235904	0.006287849539067691	0.005301470164761568	0.03454524318089125	0.005562447893727285	0.005169769048503081	0.0064089085908553	0.005816197681945523	0.005993476711005474	0.005617714367883941	0.009081076791230047	0.006249066823883265	0.012224614587183935	0.006454352419550835	0.006228512223017679	0.006375762526990902	0.006081928176101314	0.0058982709290258395	0.004777381371142919	0.005386193612314849	0.0069795907335178375	0.006102337506221134	0.0062354792898901	0.0058557531856702205	0.005728393894974704	0.007065900154396787	0.015461840953085781	0.005662998209032155	0.006915943328024143	0.006015362325674234	0.0063178126202910745	0.007225174486616526	0.005934701425667432	0.0056532058497346105	0.0061520010777389444	0.007332604582550584	0.005592735882030797	0.007231487263547498	0.005817881595748142	0.005347035260031219	0.0068981370623129035	0.0052227942076183975	0.005892195484333396	0.005619839981836572	0.006195973189563442	0.005293958448113423	0.005271144800835903	0.005608284838585109	0.005343115428659839	0.005516895583525638	0.006093535674870809	0.005808572556088354	0.00557262654279822	0.005625248813180939	0.006093375707576176	0.005905034286846189	0.006502921861560651	0.0055051404574015805	0.005454819043012038	0.005646335022630566	0.006204882399877154	0.005769910697717928	0.00591609358978884	0.005385274908392801	0.007196745240020674	0.006100467771971929	0.004914141878095912	0.00853947700926827	0.00770860383536176	0.005591514161251587	0.00540370293642034	0.006211108769434204	0.005986522803471783	0.005867395067646219	0.004260638699433272	0.008852454970693757	0.005226039592128973	0.00561000349420826	0.005442576708426072	0.005430417911796659	0.005808364844965608	0.006201088953338818	0.004889879868663183	0.006370552741882918	0.006252287362490172	0.0076254631013848995	0.0068292692877940375	0.0055633318799326315	0.005831957581382552	0.0058300878319715865	0.0063417934576877055	0.005625803023443066	0.005650781655461179	0.005813934290713085	0.006017479739802489
SRR26416943	0.004435079896846106	0.004188296953374082	0.004742842724977381	0.0073316560614056225	0.0045952938978902624	0.0	0.004466401474596204	0.0048686767706874745	0.00463051306764195	0.0067298088851021065	0.004425542661972148	0.00500911994780473	0.005073328358321749	0.006561656708234831	0.004133034498514654	0.0046005686887500286	0.004847503680548426	0.005931017900044688	0.005169447458722276	0.005456913209395009	0.004538098488121589	0.0036798412670514535	0.0040763563792936	0.005216892927627836	0.004579967790107942	0.0046782963819060885	0.004225587747804127	0.007229334450863045	0.005862656029179458	0.0046477796399452265	0.0031708547071309656	0.0047593336399839314	0.004821529068339547	0.005701134219022408	0.0046460102612284615	0.00410920344805854	0.0034207811252466858	0.004802539145685292	0.005150544937431167	0.004577892688084728	0.004820013658596745	0.006123948127975787	0.0038210649619286885	0.003962240553703644	0.00660518868485882	0.0057839779045170125	0.005310403619059656	0.003468513783259519	0.006176584267285845	0.005219906447691103	0.004783632020886497	0.03717966328061617	0.004307841898625098	0.0042467079960973875	0.005717200604899997	0.0037477052266863264	0.005019947715273587	0.004565845090659049	0.008178063359988386	0.004572010087589451	0.009535568585902321	0.005230239793133307	0.005077790248203096	0.0048767140470936665	0.004704252585305602	0.005048562838198101	0.0032779089602468225	0.004106418306234039	0.0049731827799807116	0.004554797105354669	0.004261899608018815	0.004014679587323711	0.004217266821541998	0.005453599053667713	0.013456211448946487	0.0043673490911982915	0.005564613780683847	0.005095237548300657	0.005517067355320093	0.005660580691575601	0.004838166047217984	0.004271201369728694	0.004757799395151419	0.005283007427257624	0.004487696434129718	0.005513061408760511	0.004667984388376456	0.004495131159413579	0.005807067793906384	0.004511700489516102	0.004734036214696147	0.004462889170869677	0.003852379491556146	0.003536980589329386	0.004143710579351589	0.004446033149453021	0.004417541994214402	0.0046049108671347705	0.004699472908788915	0.005228378174373938	0.004425685445306082	0.004856491168451438	0.0054092918672064005	0.004997012468094364	0.005306791037276715	0.004837039004780386	0.004483220615183914	0.0045286828842291404	0.0047584671774992815	0.004365292701394186	0.0038757455737348234	0.004260873638162965	0.005531540555851144	0.004620889634310954	0.004121249097307156	0.00697618840448011	0.00602793233651	0.004775565280732086	0.004227619409138184	0.005195501639476352	0.004556334066350476	0.0043539902511798845	0.0034726191037424137	0.007601904770005996	0.004332310574348908	0.004680716432925114	0.0049370602880677295	0.004460655280110193	0.004865819127819027	0.004508703798562941	0.003927508014258008	0.0052038820266447905	0.004841945056521912	0.005711903583634603	0.005966952809912662	0.003977759984926554	0.00438056889474947	0.00457104541709652	0.00523539673848139	0.004154808587507164	0.0040004709040986075	0.004605650723800703	0.004730635962458263
SRR26416944	0.006291634720988815	0.005957315026369647	0.006461523174257744	0.009811258383810695	0.006055120297217775	0.004466401474596204	0.0	0.006825550743168818	0.007115151833110844	0.007537373992397511	0.005952288664700989	0.006467634516585941	0.006400227374676493	0.007787835799753173	0.00558326000820264	0.006151815481335032	0.006389177332689733	0.007025133036245301	0.006678052850156657	0.007051597455319358	0.006395402955169716	0.0052849830252865715	0.006164300754366248	0.0068667264301987	0.006202226182667192	0.006776211273526678	0.006158160087014974	0.00872970545149776	0.007561459101238621	0.006168716624425863	0.005212987766043287	0.006353368757988864	0.0067138844830263444	0.006949348121304211	0.0071990171942266645	0.005596166256684687	0.0054261249662992395	0.006361111574982314	0.0067241628389920205	0.00610719173018226	0.006174768502440808	0.008229857310446564	0.005910418637963377	0.006116560657464576	0.009317752841075722	0.007737259045117906	0.0066395200734366	0.004816004014057573	0.007801285440835248	0.006861267799163628	0.006152307651298372	0.034545715064356664	0.006185307235275106	0.005905202244567476	0.007195707188609846	0.005930135382295365	0.006379408214539417	0.006271500946648523	0.009690442143958089	0.006687846486610471	0.012099322064345497	0.006797150190167689	0.006593031357472023	0.0067268541278378	0.006511162173225671	0.006456859255611569	0.005190360499568336	0.00569984972528137	0.007245184865189547	0.006398007161660169	0.006540245165297387	0.006232962430124278	0.00627009324579364	0.007349003987601743	0.01578425298523889	0.0062472836771219065	0.007125067942422958	0.006566951704787494	0.007151416782278153	0.007362684062603986	0.006429736297750899	0.006032428591634442	0.006570717218379318	0.0074495460062297125	0.006433819872553759	0.007583122507146212	0.006542271748224304	0.006257265004325885	0.00719724753301243	0.006108511866824373	0.0062918852218928345	0.006218210093907217	0.006162056075397659	0.005741627640312719	0.005626760944494658	0.005834641293440024	0.006137943933923196	0.0060749174118076565	0.00633540464900928	0.006462522106022273	0.006031427534974321	0.006235948819657167	0.0066313062885493546	0.006452778316705654	0.006821971603974575	0.00634996010134814	0.006045971233549108	0.006237214842485961	0.0067199425248792855	0.006301782482373897	0.005968791078662439	0.005888467098963401	0.0076510536296693354	0.0063222444712305315	0.005503856598394807	0.009110754612837724	0.008182927612474633	0.006448025693909787	0.005891283300979322	0.007156976095894385	0.006614358829710398	0.006296082961522731	0.004924329911422554	0.009362081298391556	0.005922765322341039	0.00645096690627045	0.006460855890739747	0.006393659377048944	0.006672731028122603	0.006211295983790666	0.005519832907292743	0.006937734022824937	0.006775245938870134	0.008072209837711286	0.007410432022505575	0.005811813504360996	0.006110779055478299	0.006457268208967748	0.006818834184151856	0.0058339471862084435	0.005948227206281298	0.0063818266946321645	0.006211770433331099
SRR26416945	0.007004749637584129	0.00664422895306882	0.006830521501382081	0.009445755398882594	0.0066584759194366905	0.0048686767706874745	0.006825550743168818	0.0	0.00691977294788082	0.008137266342085447	0.006623771642262355	0.007030991178566759	0.007090175047086977	0.008197047396347079	0.006278454375464926	0.006807565664499915	0.006890877794099803	0.007888644097385544	0.007126106901548912	0.007598838119662332	0.006815378222497226	0.005702264354425002	0.006422958307628068	0.007358940894534927	0.006824174788261583	0.006889907256081296	0.006498023253881047	0.009215448322011932	0.0076933096842650706	0.006837516664742305	0.005490634441243758	0.00691109188029615	0.007336736997481497	0.007605429417298359	0.007334136612235365	0.006354015645812949	0.005836431847035972	0.006794106686472845	0.0072895622192064025	0.0066551689187966945	0.006864354730305999	0.008783853530576202	0.0063865255153643385	0.006534100478289062	0.00901159233746518	0.008184809316161168	0.007375411611639016	0.005453784944233542	0.008151377733277121	0.007544260579885331	0.006887010683658157	0.0333041978903893	0.006614926335957838	0.006514816621654762	0.008025566397712458	0.0064269219907033825	0.0068975985547578	0.006823376450273422	0.010325727379166927	0.006952982038122224	0.011755467783259532	0.007469715060662296	0.007165280941156871	0.007194065856881204	0.007011983035818847	0.00697066689132142	0.005787015206536794	0.006364139191519458	0.007613185819770774	0.006903960074207571	0.006579789345470544	0.006336982322596385	0.0067048246744576545	0.007824492079411272	0.015622015146452117	0.007013540428703835	0.007506478012398676	0.006991404438267734	0.007674759801754472	0.008067819673820531	0.006776758264213756	0.006535945122529863	0.007048080172334603	0.007666351393391557	0.006735091816031158	0.007887439531275686	0.007110998678074298	0.006823054738321788	0.007736057621712922	0.006659386702427383	0.00675070194671934	0.006526224892415389	0.006500565840452666	0.006237329633332012	0.006136372996464634	0.006592606593958439	0.006731731405284158	0.00681531266116564	0.006965229282675844	0.007136077302499211	0.006697682172439601	0.007120012716512414	0.007392105124335968	0.0071821463238963545	0.00745122360346262	0.00697215909992821	0.006597781453863361	0.0068194677099419065	0.007014798938272282	0.006673394233037144	0.006480188875963799	0.006548229253150573	0.007671956200309915	0.006891611992897562	0.006139788543126801	0.008987978875189206	0.00805714967247717	0.006685456749183416	0.006640629519675811	0.007451255308148941	0.007073703360922168	0.006715536345414774	0.005466929347866634	0.009511084396672143	0.006400334211089209	0.006889045567667007	0.006899925351556813	0.0066102457106206325	0.00721928068861688	0.006705206032076361	0.006225902380809112	0.00732672534145562	0.007286208468642252	0.008177763244333947	0.00783332686545124	0.006314398272748267	0.006803658660134104	0.006942640342325612	0.007444720853607367	0.006320430624034645	0.006293452389259047	0.006615672974657927	0.006794654174741677
SRR26416946	0.0075255856355258555	0.0070044831859426004	0.007289617293257833	0.00817962995830479	0.006778654119998784	0.00463051306764195	0.007115151833110844	0.00691977294788082	0.0	0.008830321394848295	0.007008214394379708	0.007493984665789211	0.007410744709164363	0.008848899544359523	0.006993053076404743	0.007301555651028524	0.007448974836819056	0.008147956716547333	0.008109552876726545	0.007889339655523187	0.0074039795872504754	0.0067270647761530356	0.006604717007754779	0.007599452116775041	0.007068962260163292	0.006780176626345336	0.00679627194950061	0.009501305378370684	0.0082817609070015	0.0075084476222028185	0.005566249765714737	0.007571352410359222	0.0074117023050633835	0.008116747255848655	0.006271727830903795	0.007009919514961216	0.005762397171910516	0.007379335459819059	0.0075365145374992615	0.0070605944663435505	0.007364303902251956	0.008613919377542523	0.006525577032463814	0.006157134181866253	0.007938475419287383	0.008364262644709686	0.007486206921508143	0.006198769368292445	0.008662820136008387	0.008007383265205559	0.0071305049759030625	0.03590351838846406	0.006723238306564627	0.006850530306474423	0.008337264352337392	0.006238731374709983	0.007589417547100852	0.007572115953057845	0.010347284698479453	0.0064477741129801425	0.01019300928118061	0.007750887338135559	0.007669495073639343	0.007671713578503159	0.007494240816095732	0.007504760508636021	0.0064578384416306145	0.0070541953643352695	0.007218332197258315	0.007031618137613771	0.006472258884987703	0.005571093422751527	0.006430552419403712	0.008115689229344136	0.01376942137801973	0.006800908838334618	0.008240925577354563	0.007389352753353728	0.007908025510113603	0.008460740422870483	0.0075804872404082735	0.0069415553132169405	0.007479649882410677	0.007096294745738252	0.007302590505909312	0.007872526047739803	0.006990832910515277	0.006924433544518993	0.008111678401373279	0.007094041198794754	0.007374541640414289	0.007354827320803281	0.006243768456820398	0.006235008825131616	0.006846115823855525	0.007128469285660466	0.007088413470959787	0.007235596013109968	0.007257999049600006	0.007538794401720228	0.007250981746700247	0.007708351733828223	0.007783521874980437	0.007507967936032922	0.00758614721950035	0.0073387884221491895	0.007192383674263114	0.007458792320661267	0.007290307624747472	0.007122171219254847	0.006440631849360723	0.00658741805497165	0.007684920002112738	0.00708667907989613	0.006600579888894176	0.00856692759031108	0.007198208414440299	0.007365042210547235	0.0065734144867110045	0.007380927549150651	0.006933000573477344	0.006928154587402813	0.006284044980802372	0.009735124258347216	0.006909625706444267	0.007389496585905264	0.00721235819232624	0.006945040463297136	0.0075231394607441215	0.007129682032850471	0.006719432555442828	0.007576215181909984	0.007718047961901675	0.00733022256453697	0.008458794785475177	0.007049505612128137	0.007256354939062737	0.007176555538661256	0.007828672586486896	0.006619210595912195	0.006941125601081288	0.00733487872187788	0.007427177028736853
SRR26416948	0.008059684273972745	0.007677480013599247	0.007915629552394221	0.010918180143268397	0.007192568621525286	0.0067298088851021065	0.007537373992397511	0.008137266342085447	0.008830321394848295	0.0	0.006536101253504123	0.00692559999217035	0.006627008080788643	0.007752993079035209	0.006460788066425249	0.006902597245575071	0.006945793984952209	0.007287809663579337	0.006934232668849738	0.008366598933578384	0.007993900160790934	0.00718732983697723	0.0077732863486642545	0.008039356053867963	0.007634705102977701	0.007990986780817777	0.007767040730258912	0.010156955112426647	0.008611729625803477	0.007553573872358665	0.007420169139148003	0.008244953578498304	0.008175317856859543	0.007756822944589015	0.009065541890299622	0.007256942056293347	0.007358049622394391	0.007289222170939191	0.008065257776802559	0.007871260821302184	0.006400446457689335	0.009844521225669256	0.007695814395728973	0.0076010866783132736	0.010780316929664413	0.009277041347838577	0.006959265906814727	0.005606199373757503	0.00843797263222723	0.00730464866205327	0.006438381315077901	0.032487308447346486	0.00699700621884114	0.006691283025111572	0.00717067543115002	0.007189364029361545	0.0067310293829048184	0.006921299873880127	0.010065431835713179	0.007551776085842343	0.012735071695142208	0.007404518189568998	0.0066727179930139435	0.007616083634083393	0.006971916376010245	0.006729602314029859	0.007063507579066264	0.006979812408661856	0.008455286821049013	0.007086410524109521	0.007172258414751775	0.006947478617608027	0.007418894474149673	0.008753705773771658	0.016723222472809662	0.008042240814765456	0.008358621249674347	0.00777453344482304	0.008309339153602324	0.009134924480886042	0.007935046912330934	0.007558967705171948	0.00766855123677157	0.009187684073801772	0.007836415032774768	0.009012082750656125	0.007881245047404395	0.0077778476991423595	0.008164609158552105	0.007749003301455559	0.007663841449119024	0.007768056534493861	0.008014447026818305	0.0067481673926143015	0.006534383707314517	0.006627350099362772	0.0068796897510357	0.00686527811344495	0.007306000075746222	0.006616918530239713	0.007198287023562178	0.006782310839414496	0.006779843187109114	0.006605847034462209	0.00707680834920188	0.006855114045623778	0.006589224433681595	0.0066301229389429395	0.007912389803097719	0.007795160345491214	0.007849573786407271	0.007308115983990504	0.008543694469868912	0.008010879912799362	0.007237646399149589	0.009238270438032825	0.008627813292038877	0.006895680130053816	0.006845910071089034	0.007609860428814508	0.007456023608540807	0.007175448525038486	0.006363142579833503	0.009401507685624533	0.0068450699482028865	0.00728034662572008	0.0070993459760585464	0.0068525413904998445	0.0071386293491768615	0.007305616602666043	0.006523958641314609	0.007452419052193848	0.008471645027468666	0.008210155691763976	0.007548039546805829	0.006857022005347546	0.0070937920577763824	0.007362067813825757	0.00750385035918355	0.006501624413102092	0.007105744504400491	0.007432893964631315	0.007932777934407165
SRR26416959	0.006097269844488662	0.00578350589949661	0.0061938922842348365	0.009755855883042841	0.005776624019489418	0.004425542661972148	0.005952288664700989	0.006623771642262355	0.007008214394379708	0.006536101253504123	0.0	0.0055511251880221435	0.005077841098007685	0.006686010681820065	0.004436599615205705	0.0048029090160722765	0.00509788069285988	0.005975733696694019	0.005413272548437265	0.006927010024102231	0.00616689285754668	0.005115527462340119	0.005639503083668229	0.006418361109754689	0.006063747979277334	0.006369398429532769	0.005947473431969219	0.00859645355235139	0.0071435853560019025	0.006112202911476294	0.0051696642515288715	0.006025692664468063	0.006225151739767232	0.006396581719026018	0.007427009399406104	0.0052210011566666825	0.005125622077758907	0.005902324281295335	0.00642554910374582	0.005845582079296863	0.004760609138108274	0.008040136457255098	0.005561227698033799	0.005869838102590119	0.009197050375588822	0.00711775732039055	0.005794982511658109	0.0036798821962346073	0.007028798014472537	0.005871089881119729	0.004992363858331461	0.03493183441635439	0.0051177365356741555	0.004735186329611785	0.006002580934656665	0.005263358114655281	0.005154994727553097	0.005247566079722765	0.008808936023843805	0.005825745712942254	0.011470653392127939	0.0058621902318023444	0.005480702501293955	0.005816686499872992	0.005499318033782674	0.005313580265766449	0.0045396755502128405	0.004877650190709848	0.006475653114296764	0.0056228347017726055	0.005548054636343891	0.005161537216432643	0.005715007466615907	0.007022736616802083	0.016197421489614006	0.005845286739758038	0.0067077651967824	0.006479690717803854	0.006895197546310516	0.007285117659868501	0.005954753985844219	0.0057833386141753484	0.0061576002039159805	0.007390710214340457	0.006128733990738877	0.00735150979793997	0.006210671234825882	0.005919355874887899	0.006978165823604443	0.00592581874811271	0.005913867655680249	0.005726012703825667	0.006078456930558418	0.0047413465534213994	0.0043136846643339055	0.00464703484190454	0.005030227172187041	0.004673723333705637	0.005410138089056549	0.005051978946927771	0.005016081727484689	0.004946997506651285	0.0054783152611902475	0.005113867229673441	0.0056251435604212086	0.005218528830466362	0.004877032307201601	0.004806865588211751	0.006349525723266525	0.005823581611411055	0.00583184549652338	0.005543910937405361	0.007247778046880482	0.006236917235836303	0.005251487795352783	0.00810688209100685	0.007409077294808997	0.005257367935825319	0.0052263393522765655	0.006108238882691186	0.005526460891336127	0.005521954083528735	0.004064618664295416	0.008261010997952623	0.0047987275995708956	0.005385026170828255	0.005241051780327188	0.005500192956767291	0.005575310193656979	0.005559884881979782	0.004274710228435952	0.0055854030604615135	0.006397621672112108	0.006833747344716423	0.005812564306431178	0.004724259376703177	0.005159485593528079	0.005470766165463381	0.005845296239652797	0.004862748109919601	0.004773018610065183	0.005182887236125144	0.0057702362908358396
SRR26416970	0.006655757634203452	0.0063119862017961825	0.0065632098710189934	0.010030194260567282	0.006174237455169096	0.00500911994780473	0.006467634516585941	0.007030991178566759	0.007493984665789211	0.00692559999217035	0.0055511251880221435	0.0	0.0056992416391167255	0.007184931842397879	0.004698026039582914	0.005451325221468517	0.0057647877668881575	0.006826822439039759	0.0060354232554376	0.007369040263451532	0.006709061121487614	0.0056642903313590676	0.006368004583236719	0.006964233125635877	0.006617471703930677	0.006952258496371044	0.006325560461426183	0.008989002868585172	0.007833342360162865	0.006578399777366517	0.00556834653012972	0.0065918620379330495	0.006831832967070017	0.007063403255229361	0.0078014325083161085	0.005847182751577029	0.005628496461896448	0.0065056989682730215	0.007033569293841135	0.006499968100663001	0.005685902037759094	0.008488318147239604	0.006137766995701455	0.006224713139456495	0.009597799217458292	0.007836554354651804	0.006047176986740954	0.004108318594950755	0.007314680443509691	0.006526865665235415	0.0055561904766792125	0.03377796756377238	0.005587920941566238	0.005476279098721726	0.006401186976814799	0.005484165492374182	0.005879758131308366	0.005758436158074365	0.00909761993587943	0.006317865588735372	0.011990234038970815	0.006631848615220037	0.005976965285644953	0.006198200939121157	0.0060949023241536615	0.005937217491112201	0.00511419638045596	0.005371849525440009	0.006970757658358195	0.006298714740861411	0.00602799795271558	0.005703292007041005	0.006040852188049506	0.007482795616310045	0.016269222897959734	0.006282002247779306	0.007408494248222097	0.006891937394958192	0.007377630143807545	0.007730669531046508	0.006661762152446293	0.006170479262281203	0.0068345777244532835	0.007889746791701624	0.0064615070756386395	0.007943837845831192	0.006854087843802925	0.006510437325092933	0.0074464058923200405	0.006417617717860091	0.0065304339840834835	0.006060678728693425	0.006678275304942138	0.005444112835284454	0.0050627000073625306	0.005219416798891152	0.005398947582194169	0.005526552953986075	0.005702129414278945	0.005649800931417981	0.005294853760650642	0.005454470691399815	0.006011076732613585	0.0058154242667526335	0.006188228054817113	0.005504787315472881	0.005280199809158503	0.005555291695238163	0.006824679424995761	0.006325223215461251	0.006225262048303426	0.005882369988758129	0.007642351715541618	0.00669549192968566	0.005910891998309409	0.008713692669262585	0.007616631230699	0.005979331660106779	0.0055593975708381205	0.006764083914110319	0.006272836848413732	0.006064366958905443	0.004402277322285042	0.0088094909850428	0.005668715966260507	0.006026252797784348	0.0060088618622679	0.00587796536497065	0.005901640910953909	0.006032214115596735	0.005017429474554191	0.006560843204238331	0.006849666681504218	0.0074600461589136025	0.006856757633507016	0.005335292095352551	0.005546254862311417	0.006151162171602276	0.006215135778288694	0.0053544922590146315	0.0054146438741581315	0.005945810027024656	0.00635228762262785
