0.000000	0.247470	0.297352	0.310932	0.242858	0.312207	0.316877	0.319793	0.257243	0.349004	0.352427	0.287096	0.295542	0.322508	0.301930	0.296384	0.301817	0.307851	0.289414	0.302349	0.288562	0.302199	0.307671	0.234410	0.236063	0.297294	0.313602	0.325473	0.296256	0.281478	0.279373	0.307151	0.313488	0.328030	0.313559	0.305580	0.303767	0.302353	0.312331	0.323085	0.320796	0.295441	0.308459	0.312530	0.336275	0.350040	0.318934	0.312874	0.311915	0.306707	0.312214	0.306792	0.320113	0.312704	0.302130	0.304247	0.321752	0.323132	0.314299	0.289269	0.297921	0.316935	0.310072	0.320712	0.315453	0.300321	0.343184	0.326165	0.319683	0.312075	0.321143	0.299904	0.315994	0.308969	0.325664	0.318190	0.311698	0.327288	0.304772	0.314312	0.285720	0.326362	0.311552	0.305503	0.322241	0.318117	0.322712	0.366624	0.376328	0.335339	0.298196	0.267290	0.283528	0.287659	0.268894	0.257707	0.322191	0.287456	0.347494	0.332120	0.346596	0.368822	0.389833	0.314182	0.371074	0.289219	0.305545	0.307589	0.317166	0.312648	0.316926	0.332432	0.324936	0.326730	0.327996	0.335610	0.319724	0.299926	0.318500	0.295777	
0.247470	0.000000	0.305277	0.324589	0.280442	0.296348	0.262934	0.267815	0.287214	0.338031	0.275201	0.279667	0.292312	0.300600	0.301155	0.308712	0.302431	0.280404	0.285097	0.274453	0.309899	0.302302	0.318491	0.275194	0.267191	0.267822	0.313644	0.315193	0.300783	0.303916	0.302814	0.307563	0.315707	0.332059	0.315098	0.342759	0.305179	0.308298	0.307387	0.313178	0.311914	0.300175	0.321560	0.321463	0.335132	0.377909	0.342278	0.314196	0.311147	0.311926	0.328063	0.306607	0.339244	0.320222	0.309063	0.302743	0.323492	0.324538	0.316401	0.296918	0.302334	0.317079	0.310628	0.307050	0.326344	0.306308	0.354719	0.328145	0.332906	0.342482	0.328800	0.320464	0.316814	0.308564	0.328583	0.321692	0.296051	0.333847	0.307049	0.322254	0.307142	0.326687	0.316331	0.299890	0.306876	0.292992	0.302509	0.370826	0.371334	0.328781	0.302734	0.261362	0.286184	0.284773	0.263277	0.262083	0.320987	0.284049	0.310321	0.312316	0.351955	0.362923	0.372760	0.307766	0.352202	0.319755	0.300212	0.342320	0.319129	0.311364	0.317871	0.305463	0.296325	0.303683	0.335215	0.335291	0.321189	0.319581	0.284407	0.296413	
0.297352	0.305277	0.000000	0.125047	0.198697	0.274619	0.283372	0.306706	0.270994	0.364833	0.353528	0.298341	0.334469	0.324794	0.300314	0.295758	0.311018	0.309117	0.301089	0.306132	0.340523	0.336381	0.352869	0.320889	0.329093	0.325818	0.327173	0.333003	0.298104	0.313562	0.333662	0.339639	0.310410	0.342554	0.308407	0.320372	0.312034	0.306364	0.325230	0.322500	0.327655	0.333569	0.333554	0.330025	0.331371	0.368293	0.337124	0.341661	0.341775	0.325972	0.322130	0.329592	0.334679	0.307144	0.312836	0.312867	0.305641	0.322286	0.318592	0.330922	0.327421	0.331823	0.296537	0.308400	0.313174	0.333719	0.324280	0.334582	0.316463	0.306425	0.329387	0.327815	0.298715	0.312606	0.307262	0.306756	0.292702	0.331569	0.311797	0.307927	0.297499	0.303509	0.311361	0.280386	0.317164	0.324033	0.326376	0.414206	0.369188	0.331778	0.312044	0.316863	0.333791	0.318699	0.326815	0.314180	0.329819	0.301886	0.361549	0.320405	0.363830	0.391740	0.392421	0.316765	0.376202	0.317980	0.314585	0.326572	0.303149	0.303466	0.307171	0.317451	0.306238	0.301111	0.327734	0.334685	0.319536	0.328623	0.317186	0.329939	
0.310932	0.324589	0.125047	0.000000	0.205255	0.251040	0.274925	0.322442	0.259932	0.345894	0.357357	0.318463	0.337363	0.335466	0.296894	0.305219	0.314761	0.329398	0.312234	0.313291	0.357657	0.355512	0.369906	0.302326	0.329655	0.320914	0.328594	0.339926	0.308393	0.325800	0.334983	0.336921	0.313596	0.351346	0.312563	0.323743	0.313182	0.308021	0.324696	0.320124	0.329179	0.329582	0.335680	0.328240	0.335481	0.376592	0.339373	0.341629	0.339174	0.323588	0.332474	0.344071	0.353056	0.320469	0.316513	0.321992	0.306068	0.319338	0.324840	0.344924	0.344917	0.345130	0.298857	0.316222	0.314892	0.335896	0.319012	0.330265	0.319490	0.312602	0.338120	0.328525	0.293639	0.309971	0.299518	0.312847	0.293708	0.320151	0.306406	0.295557	0.299457	0.307266	0.313362	0.285737	0.313404	0.331705	0.320267	0.427656	0.384430	0.340265	0.325172	0.321193	0.335735	0.323384	0.340895	0.320960	0.332345	0.323201	0.367790	0.342861	0.373991	0.394274	0.399005	0.321893	0.382757	0.322415	0.321387	0.336485	0.304208	0.307760	0.310394	0.329591	0.313679	0.308231	0.337955	0.340792	0.336430	0.329702	0.323603	0.325826	
0.242858	0.280442	0.198697	0.205255	0.000000	0.261429	0.245906	0.242912	0.198633	0.338658	0.314018	0.306339	0.317165	0.301869	0.287785	0.274645	0.281492	0.304270	0.284954	0.314734	0.348363	0.332556	0.341824	0.255435	0.286571	0.282523	0.298208	0.304699	0.286953	0.282202	0.272396	0.317459	0.288704	0.323298	0.287501	0.302297	0.279020	0.282173	0.318369	0.331852	0.328659	0.304967	0.307965	0.312343	0.310824	0.346786	0.315792	0.316262	0.313824	0.285441	0.299711	0.288668	0.325260	0.292585	0.289372	0.284493	0.298343	0.296653	0.299182	0.304607	0.307161	0.325926	0.291874	0.330444	0.288475	0.301519	0.297358	0.308483	0.274635	0.268720	0.290546	0.288667	0.295959	0.287979	0.302023	0.290406	0.283168	0.318043	0.274771	0.275823	0.249381	0.300442	0.287593	0.295924	0.307909	0.315662	0.319070	0.401809	0.381243	0.330363	0.303868	0.293358	0.305820	0.301329	0.316868	0.304107	0.307047	0.283999	0.357644	0.327071	0.348848	0.374334	0.381851	0.302174	0.365782	0.279463	0.285400	0.298843	0.299857	0.308030	0.298815	0.307930	0.305430	0.299358	0.303334	0.315973	0.304493	0.290087	0.286134	0.299684	
0.312207	0.296348	0.274619	0.251040	0.261429	0.000000	0.112158	0.160691	0.130919	0.353559	0.288930	0.340885	0.334118	0.315674	0.296354	0.303905	0.306304	0.321360	0.280077	0.322956	0.329554	0.339836	0.339798	0.289389	0.303434	0.298442	0.313251	0.319610	0.296467	0.321665	0.318143	0.323926	0.290469	0.334170	0.291386	0.301317	0.298463	0.298388	0.316038	0.319459	0.306853	0.312107	0.298674	0.315007	0.310455	0.360882	0.329066	0.310836	0.314960	0.294242	0.299632	0.295587	0.323674	0.325197	0.321078	0.318909	0.306483	0.295967	0.319955	0.338193	0.330341	0.341898	0.308547	0.353610	0.318575	0.322017	0.316296	0.330761	0.313190	0.300632	0.329278	0.308543	0.304738	0.285669	0.311761	0.307504	0.286691	0.317280	0.292050	0.297395	0.288821	0.316951	0.303300	0.319644	0.309005	0.318918	0.319417	0.392823	0.383767	0.311739	0.300604	0.315470	0.320615	0.323972	0.333748	0.308161	0.321175	0.284136	0.345932	0.308992	0.371646	0.374839	0.371227	0.307591	0.352479	0.298824	0.296741	0.317169	0.324341	0.320057	0.326199	0.315394	0.315548	0.307425	0.332034	0.345153	0.333962	0.328110	0.293377	0.330222	
0.316877	0.262934	0.283372	0.274925	0.245906	0.112158	0.000000	0.060487	0.211891	0.356138	0.269550	0.322329	0.312144	0.293815	0.282840	0.289050	0.293192	0.310801	0.275960	0.309663	0.315448	0.327629	0.326468	0.309365	0.276521	0.273886	0.315874	0.318275	0.286830	0.306590	0.317695	0.313943	0.296727	0.330603	0.297325	0.303739	0.288150	0.288379	0.297707	0.310771	0.297736	0.298952	0.315026	0.310620	0.317259	0.360385	0.322895	0.296351	0.289958	0.280238	0.308101	0.298886	0.329751	0.314287	0.303531	0.304339	0.283784	0.279406	0.293335	0.321293	0.311653	0.320720	0.299372	0.334973	0.295169	0.314902	0.338553	0.323796	0.321553	0.320924	0.329112	0.312905	0.290017	0.275165	0.296565	0.304840	0.291146	0.325715	0.296672	0.294823	0.292914	0.310010	0.292135	0.306333	0.315792	0.320190	0.315833	0.383101	0.380599	0.310444	0.299925	0.304596	0.307200	0.314265	0.318540	0.298674	0.310214	0.272197	0.339073	0.305887	0.352879	0.376073	0.369409	0.313766	0.360585	0.308180	0.291413	0.333786	0.313067	0.302797	0.321454	0.304640	0.302092	0.305704	0.319869	0.335665	0.317454	0.321216	0.288048	0.318566	
0.319793	0.267815	0.306706	0.322442	0.242912	0.160691	0.060487	0.000000	0.221963	0.364031	0.274733	0.332213	0.318106	0.302747	0.290640	0.293463	0.292617	0.314927	0.286885	0.319099	0.317952	0.332163	0.326777	0.314015	0.279761	0.272961	0.324454	0.327928	0.295102	0.309003	0.319724	0.319667	0.304565	0.341054	0.304785	0.312149	0.295234	0.294546	0.304081	0.315516	0.305360	0.307807	0.326415	0.318550	0.325235	0.363256	0.331324	0.306519	0.301562	0.287448	0.315392	0.304726	0.333551	0.319666	0.302429	0.311190	0.290261	0.279859	0.298322	0.323956	0.316389	0.326109	0.308535	0.342414	0.304801	0.323595	0.345042	0.322715	0.329088	0.328000	0.334389	0.322506	0.298559	0.280985	0.304653	0.302656	0.299068	0.322869	0.296160	0.295746	0.301627	0.311646	0.292652	0.307545	0.324124	0.326878	0.328290	0.383246	0.388219	0.320473	0.310462	0.313725	0.311310	0.318952	0.326591	0.304663	0.305906	0.278326	0.346560	0.307769	0.359388	0.380075	0.373638	0.312197	0.356957	0.308722	0.295171	0.341193	0.308704	0.301839	0.322212	0.311175	0.309634	0.313451	0.319757	0.330355	0.311809	0.317824	0.291576	0.319793	
0.257243	0.287214	0.270994	0.259932	0.198633	0.130919	0.211891	0.221963	0.000000	0.346315	0.300534	0.325685	0.317959	0.299159	0.286112	0.286286	0.285829	0.309979	0.275662	0.313930	0.347236	0.357119	0.354065	0.243240	0.312750	0.301969	0.310795	0.319041	0.279943	0.309946	0.290400	0.311308	0.282280	0.316387	0.282661	0.317965	0.289106	0.291501	0.312002	0.311945	0.309871	0.303425	0.294355	0.307736	0.311298	0.369287	0.343477	0.310967	0.316228	0.288518	0.302308	0.289478	0.329810	0.313882	0.296345	0.310337	0.294788	0.299660	0.300253	0.333125	0.338106	0.351661	0.292629	0.335263	0.292833	0.305164	0.296263	0.315548	0.287299	0.265430	0.303837	0.285842	0.293800	0.273488	0.300243	0.301447	0.281043	0.301910	0.283685	0.289999	0.258823	0.300406	0.292558	0.301262	0.290448	0.308655	0.304909	0.400813	0.378001	0.322964	0.295995	0.303610	0.304622	0.310622	0.324483	0.304862	0.315305	0.272246	0.338521	0.313507	0.366821	0.375532	0.379806	0.300721	0.362354	0.278584	0.275999	0.292201	0.300771	0.314363	0.298541	0.300879	0.301157	0.290452	0.323659	0.341739	0.326013	0.302663	0.293641	0.308175	
0.349004	0.338031	0.364833	0.345894	0.338658	0.353559	0.356138	0.364031	0.346315	0.000000	0.229975	0.346926	0.344453	0.339781	0.362080	0.357680	0.366250	0.372042	0.367171	0.345259	0.382346	0.385214	0.383783	0.319152	0.360460	0.340233	0.375814	0.386478	0.353492	0.341567	0.349945	0.360589	0.359989	0.368772	0.360053	0.353518	0.337604	0.337392	0.339516	0.365358	0.363133	0.328512	0.339469	0.349805	0.374299	0.393361	0.368760	0.346537	0.345176	0.346246	0.358411	0.368281	0.377083	0.347757	0.358909	0.345116	0.351192	0.347615	0.348209	0.343568	0.360523	0.376566	0.349967	0.372445	0.349248	0.339987	0.367799	0.363411	0.359336	0.362527	0.359863	0.350186	0.358763	0.348023	0.359227	0.348142	0.340913	0.368503	0.332918	0.333389	0.339911	0.364578	0.356787	0.363536	0.347316	0.362251	0.348538	0.400791	0.375277	0.323105	0.343791	0.340718	0.350964	0.349112	0.367720	0.358645	0.363702	0.361004	0.413889	0.406161	0.395823	0.386645	0.395303	0.342464	0.399432	0.359789	0.343928	0.383737	0.370015	0.353433	0.357803	0.376443	0.350430	0.358816	0.344092	0.356091	0.345872	0.351136	0.336160	0.344786	
0.352427	0.275201	0.353528	0.357357	0.314018	0.288930	0.269550	0.274733	0.300534	0.229975	0.000000	0.344590	0.317664	0.330271	0.332561	0.352406	0.349114	0.350867	0.353817	0.340391	0.350670	0.356552	0.346761	0.315122	0.336670	0.318620	0.362437	0.363702	0.339355	0.321984	0.332428	0.345635	0.332535	0.372143	0.332703	0.346574	0.328226	0.328638	0.323344	0.360839	0.351026	0.317668	0.311453	0.323127	0.367131	0.371644	0.354682	0.325709	0.325860	0.334102	0.345176	0.337004	0.351677	0.324928	0.354256	0.335368	0.345907	0.334747	0.334823	0.336403	0.328174	0.359007	0.334557	0.337502	0.360155	0.313674	0.365438	0.350377	0.345161	0.350638	0.350712	0.345427	0.329468	0.328638	0.330893	0.296421	0.329279	0.335047	0.325196	0.331170	0.331661	0.340437	0.320798	0.335118	0.364492	0.355932	0.366458	0.387136	0.401425	0.333484	0.325487	0.323015	0.334532	0.326794	0.344890	0.332116	0.345443	0.328259	0.370233	0.366014	0.384439	0.368947	0.371428	0.320507	0.369866	0.343328	0.311219	0.359569	0.351405	0.333995	0.352111	0.341410	0.346944	0.354362	0.326653	0.351693	0.329626	0.343239	0.316915	0.353840	
0.287096	0.279667	0.298341	0.318463	0.306339	0.340885	0.322329	0.332213	0.325685	0.346926	0.344590	0.000000	0.157429	0.251248	0.304103	0.271536	0.279413	0.215223	0.275350	0.158884	0.316041	0.312142	0.320686	0.323021	0.348708	0.348969	0.332746	0.338044	0.308117	0.301661	0.300418	0.318167	0.322313	0.340772	0.321501	0.315341	0.304477	0.302518	0.313996	0.310452	0.309724	0.315241	0.333438	0.306635	0.332543	0.340852	0.321274	0.322251	0.312848	0.294420	0.312561	0.310720	0.328677	0.311377	0.282360	0.303259	0.323667	0.335163	0.307027	0.302419	0.302866	0.313972	0.315425	0.304355	0.326165	0.326764	0.340081	0.331363	0.328403	0.329739	0.323253	0.317139	0.302141	0.305038	0.313024	0.310534	0.302365	0.330539	0.321886	0.328883	0.310179	0.325478	0.314314	0.292306	0.323431	0.310828	0.315779	0.385163	0.373033	0.329861	0.313232	0.308480	0.335080	0.309010	0.314134	0.303997	0.322976	0.307611	0.364139	0.348803	0.357887	0.377157	0.368718	0.307671	0.357700	0.319068	0.300611	0.344933	0.329768	0.303394	0.319143	0.337504	0.318213	0.328103	0.327554	0.335034	0.319889	0.337186	0.315445	0.319893	
0.295542	0.292312	0.334469	0.337363	0.317165	0.334118	0.312144	0.318106	0.317959	0.344453	0.317664	0.157429	0.000000	0.187742	0.293213	0.290087	0.287853	0.192347	0.226719	0.139342	0.328253	0.333378	0.333488	0.309582	0.342710	0.346830	0.338457	0.341874	0.299152	0.282943	0.302211	0.294350	0.313459	0.333851	0.314655	0.318048	0.304913	0.301580	0.305427	0.318835	0.315024	0.318278	0.336992	0.324257	0.322860	0.346614	0.325470	0.324626	0.313750	0.273543	0.299925	0.308720	0.321212	0.314865	0.289261	0.290678	0.308167	0.319585	0.306706	0.302278	0.300105	0.322279	0.322181	0.327629	0.314683	0.333782	0.334115	0.327786	0.318141	0.323581	0.313689	0.327049	0.311357	0.289570	0.306808	0.304394	0.313042	0.321669	0.304616	0.307362	0.315673	0.329565	0.306805	0.314621	0.338667	0.322711	0.333817	0.408139	0.400099	0.346969	0.320705	0.309594	0.331538	0.318492	0.302324	0.293580	0.302295	0.309970	0.343097	0.352968	0.356226	0.393594	0.399256	0.305775	0.376840	0.313726	0.293506	0.341393	0.329797	0.285675	0.311607	0.339475	0.323383	0.328774	0.314925	0.331097	0.318899	0.329535	0.323751	0.326937	
0.322508	0.300600	0.324794	0.335466	0.301869	0.315674	0.293815	0.302747	0.299159	0.339781	0.330271	0.251248	0.187742	0.000000	0.287864	0.277823	0.288476	0.225011	0.143825	0.144132	0.346052	0.336801	0.342754	0.305619	0.338102	0.336208	0.337062	0.342210	0.297000	0.292561	0.316786	0.308378	0.318547	0.335690	0.318373	0.299884	0.300997	0.297254	0.336406	0.323129	0.326697	0.310569	0.322187	0.312165	0.346548	0.352044	0.317837	0.324983	0.307001	0.284940	0.329901	0.321426	0.357459	0.323638	0.294961	0.309300	0.303450	0.314281	0.321851	0.323218	0.319085	0.334169	0.299607	0.332661	0.305760	0.331366	0.334352	0.309710	0.328810	0.341434	0.323768	0.317092	0.289427	0.271438	0.294477	0.310165	0.305578	0.323322	0.303126	0.306235	0.298300	0.303350	0.298899	0.313083	0.324973	0.317396	0.315443	0.395993	0.380374	0.337193	0.313757	0.312742	0.334552	0.308837	0.306386	0.282080	0.304549	0.297175	0.342684	0.341158	0.362980	0.400140	0.381036	0.313514	0.376228	0.310101	0.291074	0.327863	0.319201	0.289819	0.314649	0.321013	0.321713	0.327243	0.310046	0.322236	0.316805	0.318884	0.305074	0.306600	
0.301930	0.301155	0.300314	0.296894	0.287785	0.296354	0.282840	0.290640	0.286112	0.362080	0.332561	0.304103	0.293213	0.287864	0.000000	0.182698	0.166637	0.300148	0.263481	0.296498	0.343925	0.344588	0.351687	0.295901	0.322936	0.316077	0.315037	0.318339	0.263062	0.287211	0.292295	0.280745	0.288691	0.309235	0.287309	0.305163	0.266776	0.265839	0.289363	0.284651	0.295741	0.299021	0.312356	0.298869	0.328666	0.335638	0.326142	0.294621	0.292401	0.281475	0.309624	0.311058	0.336312	0.293030	0.210868	0.288886	0.279710	0.290065	0.293808	0.300192	0.310746	0.309252	0.265162	0.306438	0.278050	0.298934	0.300995	0.272277	0.306049	0.306006	0.298084	0.286625	0.264183	0.258467	0.273930	0.286716	0.271024	0.300444	0.275645	0.283805	0.281215	0.273991	0.273819	0.278852	0.298049	0.301080	0.294807	0.373560	0.348783	0.303061	0.283908	0.280843	0.296475	0.276222	0.305916	0.287071	0.292432	0.275783	0.314305	0.304180	0.335449	0.355521	0.358209	0.297536	0.352282	0.291758	0.284781	0.299734	0.280805	0.272230	0.282089	0.297492	0.298929	0.294049	0.296384	0.319021	0.300481	0.294241	0.280104	0.298886	
0.296384	0.308712	0.295758	0.305219	0.274645	0.303905	0.289050	0.293463	0.286286	0.357680	0.352406	0.271536	0.290087	0.277823	0.182698	0.000000	0.125730	0.217091	0.214514	0.296602	0.335611	0.340295	0.346221	0.301723	0.336075	0.328209	0.288037	0.289513	0.245155	0.282151	0.285530	0.289471	0.269336	0.284625	0.267194	0.296616	0.256000	0.255720	0.287287	0.287127	0.293406	0.288702	0.303868	0.281591	0.327055	0.332062	0.331724	0.297940	0.299713	0.282700	0.295319	0.304626	0.324895	0.287970	0.117630	0.278378	0.277151	0.297601	0.267495	0.298046	0.303917	0.309701	0.277024	0.305210	0.289477	0.301498	0.303972	0.286479	0.298251	0.295575	0.299302	0.282036	0.263303	0.258384	0.272776	0.280648	0.271578	0.301751	0.275628	0.291498	0.261306	0.281866	0.280200	0.284846	0.300303	0.310595	0.293422	0.371016	0.331625	0.291644	0.278651	0.280002	0.295806	0.275367	0.309321	0.291255	0.301512	0.284681	0.321368	0.311513	0.327374	0.350991	0.358069	0.294427	0.343853	0.281887	0.285237	0.305623	0.283435	0.275037	0.284306	0.298690	0.291172	0.295931	0.308445	0.306259	0.300324	0.298654	0.296133	0.299509	
0.301817	0.302431	0.311018	0.314761	0.281492	0.306304	0.293192	0.292617	0.285829	0.366250	0.349114	0.279413	0.287853	0.288476	0.166637	0.125730	0.000000	0.257916	0.254950	0.305195	0.345226	0.342469	0.349897	0.304477	0.336137	0.327352	0.300609	0.299888	0.259642	0.285476	0.290110	0.291403	0.287000	0.301703	0.281375	0.301997	0.264573	0.263951	0.292360	0.285975	0.293991	0.300145	0.314016	0.293560	0.330859	0.340747	0.340241	0.296188	0.297928	0.282804	0.308786	0.301645	0.325603	0.299746	0.056259	0.286634	0.279376	0.294267	0.278070	0.290438	0.306358	0.312406	0.281901	0.310963	0.288799	0.301308	0.304717	0.286014	0.300465	0.300560	0.303299	0.285004	0.273661	0.262104	0.280686	0.273485	0.281939	0.291812	0.284476	0.289294	0.270207	0.284944	0.275773	0.292566	0.299617	0.305411	0.295242	0.382187	0.347467	0.307162	0.272203	0.289308	0.301474	0.284723	0.318704	0.304693	0.299640	0.273895	0.306519	0.295567	0.332613	0.352702	0.360785	0.295323	0.343910	0.290238	0.291071	0.317902	0.280775	0.284059	0.282947	0.311787	0.306793	0.306817	0.302597	0.313703	0.298677	0.299935	0.300810	0.308462	
0.307851	0.280404	0.309117	0.329398	0.304270	0.321360	0.310801	0.314927	0.309979	0.372042	0.350867	0.215223	0.192347	0.225011	0.300148	0.217091	0.257916	0.000000	0.135359	0.170150	0.330328	0.330133	0.329306	0.314843	0.343287	0.335338	0.329794	0.327937	0.300551	0.304597	0.297220	0.297315	0.314771	0.333845	0.313403	0.339146	0.298091	0.296919	0.305355	0.310822	0.311665	0.312668	0.344066	0.315749	0.307203	0.358720	0.346042	0.309686	0.305586	0.280361	0.295588	0.288741	0.304218	0.321624	0.252150	0.288481	0.323733	0.324721	0.302954	0.303427	0.299117	0.326424	0.315312	0.314553	0.323286	0.313485	0.320652	0.320119	0.305623	0.310426	0.308518	0.301183	0.293005	0.298482	0.287804	0.299214	0.289029	0.311422	0.297158	0.313867	0.303441	0.323490	0.307577	0.298294	0.316345	0.290588	0.306095	0.417379	0.384876	0.334297	0.300494	0.309882	0.314692	0.317446	0.327118	0.313654	0.320205	0.294543	0.342349	0.339787	0.363657	0.386724	0.386391	0.287214	0.358995	0.322128	0.321768	0.339898	0.330086	0.302366	0.319228	0.318030	0.318001	0.320514	0.327367	0.324213	0.328879	0.339562	0.300845	0.325753	
0.289414	0.285097	0.301089	0.312234	0.284954	0.280077	0.275960	0.286885	0.275662	0.367171	0.353817	0.275350	0.226719	0.143825	0.263481	0.214514	0.254950	0.135359	0.000000	0.157727	0.333610	0.328042	0.335167	0.281252	0.325901	0.318978	0.302618	0.305794	0.260292	0.289374	0.276801	0.276722	0.277920	0.295347	0.278094	0.309632	0.271057	0.267447	0.303354	0.291329	0.296126	0.292543	0.309898	0.296891	0.313038	0.355941	0.319047	0.297668	0.296538	0.275945	0.300884	0.286446	0.318218	0.304506	0.249610	0.274105	0.294651	0.300402	0.303575	0.290891	0.294842	0.310789	0.277389	0.304868	0.289628	0.304701	0.307433	0.292476	0.298124	0.303169	0.302045	0.284891	0.269079	0.254973	0.279624	0.289555	0.269173	0.304951	0.278899	0.296353	0.274106	0.283501	0.273570	0.292313	0.301139	0.288741	0.294937	0.384717	0.361163	0.312218	0.275520	0.287676	0.294030	0.289026	0.300120	0.275011	0.303369	0.265081	0.310390	0.307105	0.332127	0.363708	0.367148	0.284762	0.350881	0.297039	0.298072	0.312355	0.301447	0.285220	0.305316	0.301270	0.303468	0.305980	0.309561	0.299824	0.307036	0.320459	0.284950	0.316699	
0.302349	0.274453	0.306132	0.313291	0.314734	0.322956	0.309663	0.319099	0.313930	0.345259	0.340391	0.158884	0.139342	0.144132	0.296498	0.296602	0.305195	0.170150	0.157727	0.000000	0.311490	0.314978	0.316392	0.322445	0.346066	0.347137	0.345346	0.351436	0.302138	0.299416	0.303731	0.299486	0.319644	0.338886	0.319547	0.316987	0.306090	0.297128	0.327690	0.311529	0.314465	0.325159	0.342397	0.318858	0.337186	0.358800	0.322569	0.334311	0.324851	0.303302	0.317087	0.315506	0.328772	0.325852	0.307662	0.294906	0.324400	0.330206	0.330520	0.303699	0.298547	0.313905	0.322516	0.319451	0.329477	0.345618	0.347847	0.331648	0.336404	0.347933	0.334330	0.331457	0.305013	0.292032	0.300569	0.318198	0.301417	0.325299	0.311924	0.318574	0.316326	0.331858	0.321949	0.298849	0.312270	0.299841	0.304932	0.393781	0.386320	0.338917	0.313509	0.320819	0.346846	0.322581	0.323607	0.298246	0.307350	0.307073	0.346676	0.345847	0.370483	0.387630	0.385100	0.292426	0.354583	0.320311	0.300518	0.335523	0.331973	0.291807	0.314852	0.317793	0.313803	0.316883	0.321888	0.333465	0.321263	0.337063	0.308194	0.319567	
0.288562	0.309899	0.340523	0.357657	0.348363	0.329554	0.315448	0.317952	0.347236	0.382346	0.350670	0.316041	0.328253	0.346052	0.343925	0.335611	0.345226	0.330328	0.333610	0.311490	0.000000	0.098399	0.105493	0.369076	0.347308	0.366718	0.331002	0.336431	0.318767	0.301296	0.308049	0.306897	0.321949	0.345518	0.323370	0.330341	0.339413	0.340597	0.350662	0.341591	0.343316	0.359224	0.355599	0.357118	0.349094	0.350506	0.337657	0.376112	0.371758	0.355097	0.346816	0.334474	0.327698	0.328090	0.346197	0.329445	0.344695	0.341455	0.349263	0.323218	0.320744	0.340323	0.352659	0.323967	0.347258	0.358859	0.392369	0.365631	0.370796	0.367277	0.354154	0.349964	0.337548	0.347180	0.337022	0.329785	0.330998	0.333934	0.344030	0.366218	0.342414	0.357896	0.345519	0.326184	0.343242	0.321388	0.346736	0.358787	0.386185	0.365997	0.346189	0.347212	0.355575	0.357961	0.330246	0.335496	0.322771	0.335846	0.334891	0.331060	0.375715	0.386891	0.392526	0.316275	0.357090	0.331224	0.332620	0.334423	0.331752	0.336574	0.341316	0.325530	0.340881	0.349538	0.346228	0.373740	0.369824	0.344357	0.322303	0.320251	
0.302199	0.302302	0.336381	0.355512	0.332556	0.339836	0.327629	0.332163	0.357119	0.385214	0.356552	0.312142	0.333378	0.336801	0.344588	0.340295	0.342469	0.330133	0.328042	0.314978	0.098399	0.000000	0.103505	0.367410	0.349967	0.365932	0.337242	0.338896	0.324690	0.323331	0.310930	0.333661	0.339682	0.348546	0.339999	0.331603	0.345409	0.349729	0.371759	0.351111	0.353978	0.360367	0.356052	0.358278	0.355947	0.350397	0.323186	0.371285	0.374968	0.352981	0.350296	0.332920	0.346704	0.341433	0.348929	0.342915	0.348840	0.352771	0.352988	0.321829	0.314593	0.331010	0.337129	0.326860	0.351513	0.352542	0.378007	0.353748	0.358977	0.356678	0.340645	0.342950	0.350761	0.347624	0.353980	0.338624	0.334968	0.358427	0.355378	0.359952	0.338680	0.344348	0.342825	0.323911	0.344164	0.325678	0.349047	0.354571	0.383059	0.366282	0.334703	0.344450	0.351852	0.352503	0.327966	0.333957	0.333079	0.328171	0.330452	0.316033	0.363059	0.379452	0.388295	0.323238	0.361253	0.333034	0.336369	0.338955	0.321216	0.341138	0.341084	0.327474	0.340435	0.342917	0.345041	0.367309	0.363041	0.341123	0.314260	0.326857	
0.307671	0.318491	0.352869	0.369906	0.341824	0.339798	0.326468	0.326777	0.354065	0.383783	0.346761	0.320686	0.333488	0.342754	0.351687	0.346221	0.349897	0.329306	0.335167	0.316392	0.105493	0.103505	0.000000	0.371038	0.364492	0.383021	0.358816	0.354738	0.331123	0.307923	0.303869	0.315682	0.337664	0.351781	0.338060	0.340433	0.348450	0.354122	0.365813	0.345483	0.348082	0.363653	0.348632	0.353742	0.339447	0.352355	0.325234	0.370285	0.372786	0.351984	0.347745	0.317854	0.333168	0.332924	0.355135	0.343067	0.350329	0.350510	0.352575	0.321386	0.318627	0.339499	0.349794	0.327098	0.353307	0.372445	0.384504	0.364176	0.366544	0.361413	0.351672	0.354378	0.330222	0.351906	0.324233	0.324538	0.339401	0.329799	0.354688	0.357069	0.345229	0.354950	0.339238	0.334253	0.361056	0.327278	0.365643	0.351684	0.391443	0.370552	0.338349	0.355897	0.354298	0.360257	0.348479	0.334605	0.327982	0.338306	0.344274	0.339412	0.367890	0.379921	0.390725	0.308277	0.356029	0.331536	0.333292	0.327591	0.326799	0.346927	0.341174	0.335492	0.353916	0.365496	0.338973	0.355680	0.352200	0.345052	0.312386	0.320658	
0.234410	0.275194	0.320889	0.302326	0.255435	0.289389	0.309365	0.314015	0.243240	0.319152	0.315122	0.323021	0.309582	0.305619	0.295901	0.301723	0.304477	0.314843	0.281252	0.322445	0.369076	0.367410	0.371038	0.000000	0.189399	0.135002	0.297096	0.303914	0.293968	0.318210	0.310025	0.330354	0.282353	0.307029	0.283088	0.324107	0.285327	0.283807	0.309200	0.333464	0.338486	0.290169	0.304422	0.322921	0.341213	0.378709	0.351111	0.308232	0.313394	0.304346	0.310057	0.322985	0.349792	0.300581	0.307600	0.301201	0.310781	0.317198	0.310412	0.306609	0.323027	0.347901	0.295868	0.339080	0.313341	0.289625	0.316522	0.323567	0.278813	0.296520	0.307062	0.302035	0.306705	0.289064	0.315351	0.293454	0.273222	0.321797	0.293777	0.289294	0.277349	0.309131	0.299062	0.319629	0.317374	0.341922	0.315748	0.403051	0.361693	0.311903	0.299221	0.256127	0.274539	0.280995	0.269396	0.267923	0.317452	0.308449	0.370372	0.344882	0.359143	0.382736	0.389491	0.327550	0.392869	0.307815	0.315562	0.331068	0.307585	0.309905	0.307287	0.328078	0.317700	0.328480	0.322320	0.312168	0.317182	0.312668	0.314480	0.328461	
0.236063	0.267191	0.329093	0.329655	0.286571	0.303434	0.276521	0.279761	0.312750	0.360460	0.336670	0.348708	0.342710	0.338102	0.322936	0.336075	0.336137	0.343287	0.325901	0.346066	0.347308	0.349967	0.364492	0.189399	0.000000	0.081539	0.325172	0.322419	0.318078	0.325825	0.342599	0.355122	0.323712	0.352380	0.324155	0.333570	0.311668	0.315546	0.325549	0.362912	0.365833	0.312211	0.326076	0.343155	0.376387	0.377334	0.358977	0.327517	0.322888	0.326453	0.353611	0.358221	0.376950	0.332047	0.344198	0.327811	0.331750	0.324608	0.323091	0.331214	0.347388	0.368941	0.311886	0.342885	0.333131	0.320454	0.335748	0.335088	0.316928	0.323692	0.349724	0.329261	0.327188	0.318347	0.336159	0.316442	0.306653	0.330039	0.331269	0.323597	0.332512	0.314391	0.317777	0.312221	0.346273	0.356171	0.347553	0.393890	0.379069	0.345612	0.321923	0.270951	0.280328	0.288686	0.284822	0.295589	0.330438	0.322004	0.351208	0.329423	0.383818	0.414204	0.424412	0.356280	0.416531	0.320441	0.328086	0.346953	0.340081	0.327560	0.340992	0.341226	0.333146	0.338754	0.352134	0.340499	0.333003	0.330632	0.332508	0.331997	
0.297294	0.267822	0.325818	0.320914	0.282523	0.298442	0.273886	0.272961	0.301969	0.340233	0.318620	0.348969	0.346830	0.336208	0.316077	0.328209	0.327352	0.335338	0.318978	0.347137	0.366718	0.365932	0.383021	0.135002	0.081539	0.000000	0.319076	0.316431	0.312195	0.339784	0.343541	0.354370	0.300353	0.330155	0.301979	0.352198	0.302528	0.307350	0.315975	0.349946	0.355117	0.297612	0.315393	0.336056	0.362477	0.394339	0.373300	0.326773	0.321152	0.325209	0.338666	0.342727	0.362884	0.317191	0.335793	0.319461	0.327186	0.318644	0.320961	0.320932	0.335852	0.354594	0.310820	0.336669	0.332625	0.318295	0.328186	0.330343	0.306288	0.322840	0.347818	0.335809	0.321675	0.313148	0.330920	0.304032	0.298812	0.331402	0.308302	0.302934	0.308970	0.310846	0.314214	0.307499	0.339874	0.348738	0.336214	0.405629	0.369149	0.337196	0.317981	0.272895	0.287533	0.285620	0.300241	0.311172	0.340594	0.322336	0.354261	0.329686	0.374859	0.401153	0.408404	0.344643	0.402737	0.335444	0.335474	0.360498	0.327727	0.320524	0.334324	0.328612	0.319304	0.335277	0.344655	0.328688	0.318963	0.340425	0.332648	0.350259	
0.313602	0.313644	0.327173	0.328594	0.298208	0.313251	0.315874	0.324454	0.310795	0.375814	0.362437	0.332746	0.338457	0.337062	0.315037	0.288037	0.300609	0.329794	0.302618	0.345346	0.331002	0.337242	0.358816	0.297096	0.325172	0.319076	0.000000	0.067095	0.232977	0.305166	0.309716	0.324139	0.210052	0.190077	0.212033	0.345013	0.290705	0.295977	0.332600	0.343655	0.343095	0.323023	0.314322	0.329065	0.364021	0.358833	0.363951	0.336339	0.337328	0.318628	0.329137	0.341048	0.354227	0.313209	0.301894	0.295238	0.307289	0.302968	0.307764	0.311443	0.315879	0.323866	0.311048	0.329289	0.316786	0.320981	0.338894	0.322451	0.316049	0.333152	0.324728	0.314060	0.321396	0.301045	0.329171	0.304861	0.301325	0.334096	0.295086	0.313202	0.282997	0.314766	0.309234	0.316447	0.335425	0.321610	0.326525	0.346181	0.309360	0.327308	0.310153	0.300056	0.316961	0.307952	0.289504	0.322068	0.298958	0.312240	0.331099	0.308176	0.308269	0.342311	0.346549	0.329064	0.339869	0.307135	0.309728	0.325349	0.304485	0.309789	0.319658	0.310476	0.324568	0.329813	0.334040	0.326334	0.334750	0.333370	0.323340	0.331491	
0.325473	0.315193	0.333003	0.339926	0.304699	0.319610	0.318275	0.327928	0.319041	0.386478	0.363702	0.338044	0.341874	0.342210	0.318339	0.289513	0.299888	0.327937	0.305794	0.351436	0.336431	0.338896	0.354738	0.303914	0.322419	0.316431	0.067095	0.000000	0.256179	0.309725	0.319286	0.331624	0.200926	0.166909	0.201931	0.351464	0.296018	0.301416	0.340639	0.349389	0.347951	0.326398	0.317649	0.333233	0.363718	0.355189	0.367417	0.335151	0.340323	0.318878	0.329708	0.339721	0.357042	0.315336	0.304444	0.302318	0.313749	0.309509	0.310564	0.316536	0.320532	0.325194	0.312756	0.326770	0.306277	0.323354	0.327350	0.321516	0.301227	0.320001	0.314793	0.309591	0.320272	0.304397	0.326994	0.305434	0.303640	0.336390	0.297172	0.317493	0.286317	0.312411	0.307430	0.314237	0.334572	0.322191	0.328017	0.334761	0.299319	0.330765	0.316927	0.299742	0.310365	0.308408	0.289399	0.321228	0.303079	0.317874	0.321423	0.299726	0.304158	0.340585	0.350005	0.334390	0.341889	0.310727	0.317411	0.328450	0.309459	0.313368	0.327560	0.307324	0.316768	0.322749	0.336363	0.324644	0.335734	0.337458	0.329218	0.336870	
0.296256	0.300783	0.298104	0.308393	0.286953	0.296467	0.286830	0.295102	0.279943	0.353492	0.339355	0.308117	0.299152	0.297000	0.263062	0.245155	0.259642	0.300551	0.260292	0.302138	0.318767	0.324690	0.331123	0.293968	0.318078	0.312195	0.232977	0.256179	0.000000	0.267035	0.281237	0.274616	0.122266	0.153769	0.124183	0.308062	0.260215	0.261306	0.276389	0.292263	0.294396	0.294533	0.289895	0.286184	0.333615	0.334736	0.337385	0.283038	0.284862	0.274139	0.297776	0.309858	0.319669	0.273923	0.253195	0.285873	0.257720	0.275463	0.267062	0.273688	0.290222	0.319002	0.269083	0.293186	0.275856	0.290245	0.285922	0.267508	0.280027	0.278963	0.290426	0.278779	0.257191	0.249459	0.264221	0.271988	0.275396	0.289025	0.270091	0.278873	0.266534	0.267267	0.257389	0.276504	0.289437	0.299118	0.288175	0.338010	0.302612	0.295996	0.281844	0.266683	0.283412	0.272426	0.280310	0.285363	0.283375	0.269412	0.294874	0.269999	0.320411	0.352331	0.358241	0.304166	0.354471	0.278499	0.276189	0.278331	0.264770	0.258564	0.276486	0.261073	0.265278	0.273993	0.288036	0.316301	0.295027	0.296923	0.290461	0.303525	
0.281478	0.303916	0.313562	0.325800	0.282202	0.321665	0.306590	0.309003	0.309946	0.341567	0.321984	0.301661	0.282943	0.292561	0.287211	0.282151	0.285476	0.304597	0.289374	0.299416	0.301296	0.323331	0.307923	0.318210	0.325825	0.339784	0.305166	0.309725	0.267035	0.000000	0.212441	0.194997	0.281831	0.306384	0.282027	0.293778	0.290515	0.288634	0.310865	0.327372	0.327954	0.298827	0.310152	0.302270	0.337215	0.314471	0.313274	0.317497	0.311466	0.292199	0.309088	0.305748	0.312066	0.282951	0.290502	0.303706	0.276613	0.272332	0.280097	0.271906	0.280491	0.315745	0.303783	0.318895	0.311007	0.319769	0.338969	0.309143	0.324512	0.320504	0.314796	0.301934	0.293956	0.290622	0.294672	0.293941	0.305473	0.314414	0.268708	0.279150	0.273971	0.309342	0.292377	0.309993	0.329011	0.292215	0.328074	0.373167	0.369136	0.344746	0.301642	0.302403	0.301332	0.310784	0.312801	0.305080	0.297911	0.295130	0.319389	0.308326	0.339412	0.375928	0.390251	0.313018	0.375668	0.279528	0.292673	0.289967	0.299312	0.286933	0.299555	0.311013	0.314030	0.323312	0.275049	0.328531	0.308832	0.308360	0.300872	0.307416	
0.279373	0.302814	0.333662	0.334983	0.272396	0.318143	0.317695	0.319724	0.290400	0.349945	0.332428	0.300418	0.302211	0.316786	0.292295	0.285530	0.290110	0.297220	0.276801	0.303731	0.308049	0.310930	0.303869	0.310025	0.342599	0.343541	0.309716	0.319286	0.281237	0.212441	0.000000	0.179410	0.301981	0.319663	0.302206	0.333394	0.299544	0.299473	0.301285	0.312144	0.312348	0.299415	0.314537	0.316696	0.345745	0.358311	0.333033	0.313594	0.306727	0.293840	0.316666	0.302381	0.318851	0.303831	0.288762	0.301554	0.308560	0.307185	0.303744	0.274376	0.286403	0.309528	0.299478	0.309854	0.315647	0.312363	0.332632	0.317664	0.322860	0.319639	0.316273	0.294472	0.295214	0.296273	0.301127	0.306855	0.305277	0.318306	0.304819	0.311093	0.303446	0.305506	0.290104	0.301422	0.334498	0.297659	0.329814	0.355877	0.354167	0.321024	0.280650	0.309082	0.315246	0.318774	0.322677	0.322978	0.300222	0.278338	0.333682	0.324135	0.342243	0.345626	0.367129	0.290544	0.353461	0.307136	0.294350	0.327848	0.322207	0.314986	0.317817	0.326228	0.322688	0.329809	0.299003	0.337563	0.336371	0.332933	0.282180	0.317238	
0.307151	0.307563	0.339639	0.336921	0.317459	0.323926	0.313943	0.319667	0.311308	0.360589	0.345635	0.318167	0.294350	0.308378	0.280745	0.289471	0.291403	0.297315	0.276722	0.299486	0.306897	0.333661	0.315682	0.330354	0.355122	0.354370	0.324139	0.331624	0.274616	0.194997	0.179410	0.000000	0.304203	0.327005	0.303037	0.325619	0.306653	0.303026	0.312383	0.298668	0.300107	0.306817	0.312221	0.325360	0.335592	0.350232	0.339565	0.331742	0.324822	0.297701	0.319793	0.315232	0.316124	0.288348	0.284955	0.316795	0.296919	0.296271	0.304487	0.281147	0.289059	0.323226	0.311418	0.318125	0.318505	0.335811	0.328014	0.311332	0.335937	0.332996	0.331768	0.317879	0.290006	0.292874	0.291219	0.313269	0.311002	0.285097	0.305747	0.313185	0.312988	0.314548	0.306261	0.313079	0.324481	0.295265	0.318083	0.365734	0.384030	0.341493	0.315798	0.314624	0.332620	0.323934	0.335725	0.322984	0.315245	0.311680	0.316562	0.325113	0.360793	0.362199	0.381460	0.306408	0.363506	0.305796	0.300307	0.324365	0.317253	0.309925	0.317850	0.322409	0.324520	0.333248	0.301557	0.335304	0.341359	0.322471	0.294314	0.308901	
0.313488	0.315707	0.310410	0.313596	0.288704	0.290469	0.296727	0.304565	0.282280	0.359989	0.332535	0.322313	0.313459	0.318547	0.288691	0.269336	0.287000	0.314771	0.277920	0.319644	0.321949	0.339682	0.337664	0.282353	0.323712	0.300353	0.210052	0.200926	0.122266	0.281831	0.301981	0.304203	0.000000	0.155107	0.016164	0.324948	0.262015	0.263200	0.301474	0.320845	0.320904	0.308811	0.295774	0.304080	0.342345	0.351126	0.354628	0.305996	0.311695	0.300189	0.303758	0.309547	0.324753	0.287598	0.281991	0.291765	0.284692	0.285925	0.293320	0.286563	0.296021	0.328690	0.284688	0.313743	0.282609	0.296788	0.295232	0.284112	0.267600	0.289413	0.293699	0.287622	0.286245	0.275875	0.294249	0.275348	0.273568	0.309604	0.274947	0.285275	0.273880	0.281389	0.264682	0.290531	0.313289	0.308758	0.315661	0.359365	0.318710	0.306340	0.291085	0.273546	0.299150	0.282031	0.294069	0.302940	0.295922	0.288868	0.315128	0.286935	0.340467	0.361918	0.370345	0.316753	0.367417	0.287974	0.288324	0.294754	0.284642	0.280805	0.300234	0.273909	0.291779	0.301516	0.305707	0.316387	0.315843	0.319726	0.305580	0.326008	
0.328030	0.332059	0.342554	0.351346	0.323298	0.334170	0.330603	0.341054	0.316387	0.368772	0.372143	0.340772	0.333851	0.335690	0.309235	0.284625	0.301703	0.333845	0.295347	0.338886	0.345518	0.348546	0.351781	0.307029	0.352380	0.330155	0.190077	0.166909	0.153769	0.306384	0.319663	0.327005	0.155107	0.000000	0.157040	0.353992	0.288418	0.294527	0.337038	0.346135	0.344477	0.325776	0.313163	0.325564	0.355851	0.362301	0.369850	0.324646	0.339930	0.324446	0.328231	0.339034	0.358908	0.316973	0.303712	0.301664	0.304210	0.315314	0.315406	0.315951	0.325423	0.339691	0.296856	0.326977	0.305649	0.320163	0.326082	0.304205	0.305433	0.309092	0.316672	0.302857	0.315547	0.302769	0.322877	0.304760	0.301987	0.335293	0.292387	0.307132	0.285576	0.295603	0.289921	0.305128	0.333410	0.332977	0.330474	0.333344	0.292428	0.323290	0.311970	0.308456	0.304742	0.313362	0.307879	0.323300	0.324027	0.317665	0.322522	0.305648	0.304410	0.333167	0.354899	0.330004	0.344298	0.303742	0.314615	0.307793	0.307872	0.306054	0.327954	0.311620	0.319256	0.327265	0.331770	0.333262	0.343380	0.342668	0.336677	0.339179	
0.313559	0.315098	0.308407	0.312563	0.287501	0.291386	0.297325	0.304785	0.282661	0.360053	0.332703	0.321501	0.314655	0.318373	0.287309	0.267194	0.281375	0.313403	0.278094	0.319547	0.323370	0.339999	0.338060	0.283088	0.324155	0.301979	0.212033	0.201931	0.124183	0.282027	0.302206	0.303037	0.016164	0.157040	0.000000	0.324442	0.262667	0.263041	0.301899	0.319193	0.317800	0.308636	0.295272	0.303128	0.342409	0.350443	0.354179	0.305161	0.311795	0.299308	0.304464	0.308825	0.324461	0.288225	0.277681	0.290870	0.284453	0.285190	0.291714	0.286207	0.295757	0.327980	0.283651	0.312903	0.282294	0.297405	0.294621	0.283418	0.266906	0.289083	0.292088	0.287251	0.284354	0.275687	0.291012	0.274061	0.273091	0.307410	0.275608	0.285731	0.273777	0.280442	0.264466	0.289940	0.312533	0.307910	0.314016	0.359069	0.319534	0.306913	0.291367	0.274708	0.298642	0.282212	0.295147	0.304039	0.295724	0.287728	0.314546	0.286343	0.338703	0.361347	0.368878	0.316184	0.365931	0.286772	0.287088	0.295533	0.282646	0.279752	0.299388	0.273328	0.291920	0.300433	0.305163	0.315078	0.314113	0.319865	0.305897	0.326039	
0.305580	0.342759	0.320372	0.323743	0.302297	0.301317	0.303739	0.312149	0.317965	0.353518	0.346574	0.315341	0.318048	0.299884	0.305163	0.296616	0.301997	0.339146	0.309632	0.316987	0.330341	0.331603	0.340433	0.324107	0.333570	0.352198	0.345013	0.351464	0.308062	0.293778	0.333394	0.325619	0.324948	0.353992	0.324442	0.000000	0.269204	0.242361	0.334396	0.311324	0.307981	0.333137	0.325284	0.322604	0.318666	0.200303	0.176272	0.313940	0.313931	0.308921	0.328970	0.336175	0.345812	0.309342	0.306397	0.291621	0.287927	0.309697	0.305244	0.326960	0.324865	0.343653	0.333514	0.357508	0.322795	0.334776	0.313906	0.303780	0.334534	0.328883	0.330924	0.316769	0.302329	0.297453	0.311790	0.316200	0.312646	0.324409	0.302851	0.319604	0.294923	0.342867	0.324127	0.352917	0.319790	0.342476	0.318501	0.385882	0.404652	0.341085	0.314318	0.326354	0.318944	0.331043	0.315473	0.287946	0.298092	0.306633	0.345588	0.343566	0.372450	0.382573	0.387541	0.332277	0.387613	0.297561	0.330325	0.326276	0.329106	0.312125	0.333161	0.345340	0.338959	0.350299	0.258333	0.320271	0.339521	0.312132	0.314602	0.319107	
0.303767	0.305179	0.312034	0.313182	0.279020	0.298463	0.288150	0.295234	0.289106	0.337604	0.328226	0.304477	0.304913	0.300997	0.266776	0.256000	0.264573	0.298091	0.271057	0.306090	0.339413	0.345409	0.348450	0.285327	0.311668	0.302528	0.290705	0.296018	0.260215	0.290515	0.299544	0.306653	0.262015	0.288418	0.262667	0.269204	0.000000	0.035787	0.291574	0.264186	0.263532	0.302599	0.312817	0.291705	0.333483	0.345469	0.340032	0.293286	0.288009	0.290948	0.295035	0.296970	0.322113	0.265943	0.269380	0.196345	0.281596	0.293419	0.295380	0.287457	0.304163	0.320480	0.287866	0.319538	0.294287	0.304284	0.318604	0.293808	0.307902	0.305067	0.306852	0.281362	0.280337	0.223635	0.290047	0.171238	0.138707	0.288761	0.270872	0.283489	0.272006	0.295179	0.283786	0.301180	0.297921	0.307110	0.295196	0.378222	0.346038	0.300870	0.265593	0.273573	0.293064	0.282420	0.294403	0.290910	0.293414	0.267442	0.322876	0.308828	0.338845	0.345318	0.348720	0.290042	0.348823	0.284861	0.296586	0.309112	0.299744	0.283220	0.301637	0.319774	0.308950	0.313547	0.275724	0.207190	0.288515	0.306397	0.294565	0.296039	
