0.000000	0.178680	0.291031	0.297330	0.306193	0.227284	0.304950	0.316209	0.199852	0.309919	0.310618	0.309155	0.294115	0.319147	0.327596	0.364991	0.336377	0.272010	0.339492	0.340650	0.284174	0.214292	0.311113	0.239351	0.261346	0.288563	0.320518	0.301754	0.318273	0.290220	0.289222	0.273503	0.302542	0.286600	0.303902	0.318743	0.308644	0.334130	0.334275	0.307042	0.307938	0.318548	0.364140	0.337125	0.315190	0.316406	0.324696	0.301968	0.326944	0.311908	0.324934	0.339080	0.362879	0.333943	0.337908	0.326543	0.340277	0.338680	0.319220	0.375750	0.374884	0.359229	0.324906	0.340881	0.305999	0.323588	0.329428	0.315323	0.322031	0.302766	0.297650	0.313806	0.313198	0.324096	0.307851	0.350409	0.368969	0.334211	0.351262	0.347007	0.329642	0.343170	0.346848	0.326901	0.300486	0.299225	0.300616	0.340132	0.330258	0.339487	0.341930	0.294676	0.300079	0.305353	0.297536	0.329396	0.299959	0.309022	0.332552	0.301025	0.316077	0.296091	0.296629	0.318379	0.315490	0.332789	0.315089	0.337175	0.366045	0.358972	0.353605	0.361902	0.322507	0.335226	0.325816	0.327191	0.330174	0.307649	0.304140	0.306680	
0.178680	0.000000	0.286589	0.274851	0.312586	0.298541	0.309149	0.301325	0.301637	0.287037	0.301438	0.273545	0.288713	0.279827	0.326592	0.355700	0.335507	0.278599	0.331195	0.326780	0.271576	0.245528	0.301632	0.277598	0.247916	0.255884	0.309059	0.296504	0.306887	0.324113	0.308041	0.313839	0.279587	0.272657	0.280160	0.279404	0.271305	0.282506	0.328577	0.297237	0.299973	0.316324	0.366463	0.324045	0.317334	0.309151	0.322337	0.295511	0.324695	0.310846	0.318197	0.306993	0.335003	0.324679	0.327622	0.319382	0.305600	0.307841	0.292086	0.373021	0.350210	0.352813	0.331716	0.337713	0.314710	0.315152	0.322504	0.308508	0.327250	0.296230	0.301248	0.304811	0.289417	0.307155	0.280979	0.339686	0.361368	0.297590	0.348371	0.340484	0.312815	0.346957	0.340788	0.327285	0.304954	0.286643	0.303909	0.322416	0.337886	0.324001	0.325937	0.282165	0.286237	0.302417	0.284469	0.326035	0.284219	0.313223	0.336064	0.285112	0.333694	0.294012	0.275669	0.311559	0.295780	0.315250	0.321839	0.312857	0.348666	0.367477	0.356427	0.346627	0.349695	0.339140	0.323372	0.331313	0.335321	0.332177	0.295333	0.314208	
0.291031	0.286589	0.000000	0.096566	0.240752	0.240127	0.284875	0.293704	0.213956	0.243034	0.295206	0.302651	0.309786	0.302009	0.312215	0.315372	0.303141	0.311543	0.319837	0.304654	0.319640	0.319329	0.327914	0.249904	0.256441	0.245304	0.295371	0.289074	0.288041	0.322701	0.298449	0.306502	0.297656	0.280355	0.298084	0.298759	0.301021	0.305032	0.314122	0.293977	0.292742	0.323640	0.336234	0.319516	0.341705	0.293468	0.305124	0.283654	0.314530	0.291690	0.282431	0.325033	0.324664	0.314999	0.302407	0.308274	0.318241	0.323834	0.302006	0.339211	0.344502	0.346071	0.310758	0.323389	0.327880	0.305452	0.327665	0.319334	0.328818	0.288903	0.295924	0.297283	0.297961	0.284974	0.276026	0.346968	0.353580	0.305278	0.336623	0.327007	0.330087	0.335313	0.341001	0.300862	0.280645	0.278903	0.278004	0.293808	0.326075	0.293457	0.299660	0.265399	0.271291	0.288134	0.274047	0.301495	0.267506	0.297816	0.306496	0.283749	0.341891	0.296211	0.270426	0.289820	0.292675	0.312343	0.326824	0.300378	0.327394	0.335620	0.328205	0.318219	0.300771	0.319713	0.328264	0.343734	0.344981	0.320406	0.300293	0.298694	
0.297330	0.274851	0.096566	0.000000	0.188707	0.245787	0.261242	0.272867	0.241057	0.239582	0.286786	0.291937	0.290778	0.294987	0.311111	0.304525	0.314355	0.301506	0.317340	0.310402	0.325224	0.312768	0.333234	0.262307	0.282637	0.273470	0.297102	0.283950	0.287748	0.320827	0.301572	0.306392	0.300893	0.284764	0.300736	0.295493	0.296119	0.288983	0.316467	0.296844	0.297261	0.320779	0.334885	0.318259	0.333585	0.302511	0.316245	0.290917	0.320303	0.305096	0.302153	0.334396	0.325366	0.309827	0.308868	0.297013	0.305924	0.317425	0.297390	0.333961	0.338522	0.328572	0.310136	0.317839	0.334054	0.308462	0.342174	0.327638	0.342425	0.292804	0.300985	0.296199	0.294587	0.276570	0.283490	0.343424	0.347109	0.301703	0.331099	0.322159	0.323662	0.346076	0.344078	0.304584	0.283878	0.282921	0.280206	0.292727	0.311202	0.291184	0.295488	0.252000	0.261258	0.295360	0.243205	0.271259	0.239185	0.295375	0.305360	0.286599	0.337829	0.295880	0.254262	0.289235	0.282534	0.303930	0.318203	0.304492	0.321202	0.335564	0.341862	0.321106	0.318087	0.313267	0.322230	0.322002	0.337187	0.335551	0.283356	0.300751	
0.306193	0.312586	0.240752	0.188707	0.000000	0.187215	0.222342	0.223162	0.225626	0.244480	0.262421	0.307815	0.307647	0.314449	0.332204	0.338224	0.345934	0.293762	0.328619	0.337856	0.300903	0.315527	0.307530	0.268275	0.281362	0.291571	0.299863	0.287821	0.293299	0.325837	0.311695	0.311419	0.309173	0.288164	0.311205	0.315254	0.318336	0.309557	0.318014	0.307682	0.307436	0.327945	0.338673	0.316465	0.328595	0.313891	0.326954	0.299652	0.321303	0.316535	0.316958	0.347410	0.325881	0.311363	0.350518	0.299168	0.333495	0.324140	0.313693	0.346680	0.346721	0.336800	0.294915	0.294374	0.344722	0.320407	0.336648	0.330346	0.334573	0.295778	0.303582	0.301558	0.324446	0.315010	0.299400	0.339224	0.356027	0.310509	0.325271	0.325121	0.332374	0.351214	0.347853	0.312874	0.293265	0.290399	0.289706	0.319076	0.335791	0.316517	0.321357	0.271860	0.272539	0.300669	0.262337	0.295845	0.267022	0.285234	0.324588	0.269626	0.332600	0.324369	0.300400	0.313874	0.318398	0.300759	0.300323	0.301267	0.330464	0.334951	0.304964	0.338747	0.337720	0.323651	0.320863	0.307494	0.329714	0.314482	0.318189	0.313160	
0.227284	0.298541	0.240127	0.245787	0.187215	0.000000	0.180923	0.148744	0.134848	0.243026	0.274616	0.320758	0.322755	0.328846	0.336896	0.372743	0.349996	0.311068	0.350896	0.358864	0.322936	0.323970	0.327790	0.262328	0.249987	0.306830	0.312187	0.303504	0.306344	0.305134	0.301566	0.274149	0.321177	0.308512	0.321907	0.316756	0.320608	0.330858	0.338719	0.321554	0.320757	0.335419	0.358521	0.344035	0.360281	0.325270	0.332300	0.308623	0.343150	0.310301	0.321442	0.361997	0.344075	0.339695	0.359953	0.335709	0.348500	0.335250	0.328399	0.367550	0.362553	0.361228	0.319667	0.326682	0.352093	0.330456	0.348493	0.341961	0.357095	0.314526	0.310132	0.323629	0.330393	0.341466	0.306906	0.360827	0.369895	0.328018	0.328214	0.330021	0.341652	0.346633	0.357295	0.328219	0.303481	0.307616	0.302400	0.338293	0.336076	0.329776	0.337367	0.285174	0.291767	0.297581	0.288706	0.313638	0.292023	0.313312	0.345018	0.289421	0.333449	0.311707	0.309860	0.328835	0.328185	0.319086	0.321424	0.324203	0.335840	0.340327	0.308234	0.351202	0.321218	0.317454	0.334042	0.342665	0.337884	0.316377	0.334411	0.311792	
0.304950	0.309149	0.284875	0.261242	0.222342	0.180923	0.000000	0.085092	0.167544	0.292352	0.321376	0.300675	0.313433	0.312230	0.353832	0.372460	0.366056	0.312280	0.355853	0.341513	0.295902	0.326004	0.302416	0.285226	0.304384	0.300886	0.297498	0.276241	0.290106	0.331291	0.317916	0.303821	0.304223	0.286884	0.306216	0.305513	0.312871	0.327398	0.341797	0.331995	0.328227	0.317387	0.341936	0.325946	0.341729	0.311993	0.316655	0.306281	0.338445	0.310136	0.318065	0.361737	0.348434	0.333318	0.354411	0.320028	0.320223	0.313537	0.328844	0.362754	0.348096	0.363429	0.317110	0.317253	0.334192	0.311528	0.341100	0.340628	0.349194	0.308240	0.302201	0.316379	0.330675	0.341187	0.303875	0.359744	0.373679	0.336525	0.316517	0.330199	0.328284	0.339499	0.344356	0.327254	0.293851	0.301326	0.290373	0.326357	0.322813	0.317356	0.325728	0.292670	0.294782	0.315584	0.279607	0.290774	0.280680	0.306528	0.330794	0.291554	0.310581	0.305567	0.296964	0.315813	0.320639	0.311213	0.306026	0.311959	0.326923	0.342125	0.313621	0.331760	0.329191	0.312814	0.327039	0.338766	0.345588	0.314625	0.318730	0.330608	
0.316209	0.301325	0.293704	0.272867	0.223162	0.148744	0.085092	0.000000	0.244354	0.257296	0.295746	0.318159	0.330745	0.328858	0.365888	0.380738	0.383474	0.310540	0.360852	0.370790	0.325414	0.329666	0.330067	0.287811	0.272405	0.317334	0.307662	0.307260	0.302076	0.329947	0.318163	0.300214	0.327481	0.308620	0.329924	0.307072	0.309848	0.327466	0.340802	0.331098	0.326141	0.327391	0.360149	0.333274	0.358078	0.330262	0.335636	0.325329	0.352487	0.327278	0.330126	0.366647	0.355089	0.331743	0.369289	0.325167	0.329500	0.321673	0.337040	0.361489	0.353016	0.360053	0.331824	0.334257	0.338780	0.322073	0.355087	0.353444	0.365516	0.315161	0.308202	0.323896	0.326590	0.345757	0.305621	0.372924	0.376718	0.339333	0.329000	0.342737	0.337199	0.365333	0.360600	0.345124	0.321025	0.320376	0.319222	0.335315	0.338209	0.326645	0.334232	0.306789	0.310199	0.320775	0.290052	0.304115	0.294197	0.312691	0.339093	0.293484	0.315993	0.303279	0.311938	0.333815	0.332032	0.320143	0.321472	0.319891	0.326326	0.350168	0.318476	0.343162	0.342060	0.323815	0.334210	0.345813	0.344399	0.335173	0.338840	0.334253	
0.199852	0.301637	0.213956	0.241057	0.225626	0.134848	0.167544	0.244354	0.000000	0.274281	0.301239	0.301777	0.298083	0.306477	0.324677	0.357631	0.329617	0.298336	0.341857	0.327648	0.281965	0.303792	0.285215	0.223920	0.241964	0.266164	0.305694	0.275611	0.300008	0.283865	0.272138	0.260173	0.293471	0.273132	0.293056	0.306316	0.310712	0.325815	0.326794	0.307317	0.306117	0.312596	0.337605	0.326681	0.334815	0.294438	0.300283	0.284871	0.317271	0.279487	0.293858	0.345772	0.329712	0.326765	0.340629	0.320812	0.334361	0.322765	0.315911	0.361764	0.351199	0.361661	0.297554	0.305445	0.332486	0.309209	0.324654	0.322710	0.329108	0.292252	0.288419	0.301393	0.318698	0.323222	0.296377	0.342808	0.361978	0.322430	0.330289	0.326594	0.319129	0.318133	0.330641	0.303372	0.272577	0.279024	0.270076	0.316203	0.313880	0.312418	0.319887	0.274483	0.277839	0.290956	0.272474	0.292682	0.274167	0.294602	0.320095	0.275704	0.320790	0.297333	0.292367	0.305230	0.312848	0.303353	0.302012	0.318617	0.346741	0.346563	0.317813	0.323408	0.291332	0.306445	0.321727	0.333788	0.337670	0.288544	0.306642	0.295297	
0.309919	0.287037	0.243034	0.239582	0.244480	0.243026	0.292352	0.257296	0.274281	0.000000	0.168077	0.256717	0.265749	0.259040	0.287735	0.316359	0.320125	0.286770	0.311001	0.318930	0.302906	0.307256	0.312307	0.261290	0.253902	0.276258	0.295381	0.274535	0.287202	0.296999	0.289643	0.281593	0.289061	0.273800	0.288892	0.301131	0.295824	0.304608	0.325920	0.282865	0.280058	0.312597	0.361508	0.313874	0.323215	0.284729	0.317060	0.288523	0.303169	0.297437	0.275383	0.312557	0.305838	0.309983	0.320342	0.299225	0.289072	0.296096	0.289568	0.318007	0.330193	0.331707	0.306842	0.305044	0.330825	0.303679	0.322425	0.314756	0.325426	0.282666	0.289727	0.292039	0.293832	0.278679	0.278900	0.334308	0.333341	0.291154	0.327040	0.341365	0.325012	0.335804	0.333597	0.306042	0.289420	0.281382	0.288688	0.298091	0.341705	0.293942	0.302367	0.261540	0.268253	0.305206	0.277400	0.300169	0.280590	0.292564	0.310480	0.277849	0.334156	0.326641	0.292465	0.316142	0.314178	0.307598	0.313712	0.309536	0.322303	0.329279	0.337273	0.328125	0.314182	0.317013	0.308766	0.310751	0.321488	0.327774	0.311660	0.308394	
0.310618	0.301438	0.295206	0.286786	0.262421	0.274616	0.321376	0.295746	0.301239	0.168077	0.000000	0.289632	0.276909	0.282118	0.290292	0.308347	0.336118	0.300966	0.322135	0.323713	0.317473	0.320404	0.323486	0.281071	0.293570	0.302403	0.309158	0.304420	0.310511	0.328205	0.322289	0.325796	0.319995	0.307974	0.320760	0.326221	0.316804	0.326577	0.328948	0.294241	0.295641	0.329751	0.378701	0.336430	0.332964	0.306283	0.340222	0.309120	0.323359	0.318525	0.300999	0.343458	0.316939	0.322635	0.323142	0.324792	0.293488	0.318765	0.292140	0.319741	0.326324	0.348641	0.334724	0.336695	0.344895	0.320225	0.351033	0.339756	0.350137	0.308339	0.311815	0.311848	0.321523	0.294462	0.306252	0.362690	0.370813	0.315951	0.342293	0.362081	0.352110	0.360706	0.348872	0.321635	0.314119	0.307126	0.315216	0.335123	0.365348	0.334476	0.340143	0.298104	0.304001	0.330781	0.306464	0.329251	0.309775	0.306385	0.331700	0.311223	0.330207	0.337337	0.305512	0.331364	0.321012	0.335787	0.325683	0.326780	0.349611	0.342941	0.360190	0.355589	0.343774	0.344706	0.333130	0.331421	0.342446	0.356414	0.332521	0.322396	
0.309155	0.273545	0.302651	0.291937	0.307815	0.320758	0.300675	0.318159	0.301777	0.256717	0.289632	0.000000	0.214725	0.121537	0.293353	0.325012	0.319327	0.239336	0.248851	0.242397	0.302421	0.316560	0.308933	0.292078	0.312353	0.276619	0.294690	0.275212	0.296233	0.298300	0.290765	0.323315	0.268295	0.266552	0.269589	0.295832	0.302124	0.291913	0.331260	0.283654	0.288692	0.304173	0.343931	0.298370	0.326291	0.292380	0.310412	0.269823	0.297087	0.300605	0.249442	0.305965	0.291680	0.321382	0.316093	0.304130	0.300012	0.301872	0.292516	0.321331	0.298806	0.346177	0.325875	0.324667	0.308527	0.273754	0.292855	0.313825	0.327297	0.277390	0.260209	0.288857	0.308414	0.297408	0.280281	0.339030	0.351450	0.301685	0.304705	0.328709	0.305049	0.357524	0.336612	0.303197	0.287329	0.299111	0.287262	0.309930	0.341580	0.309363	0.311586	0.273097	0.277323	0.314828	0.269933	0.317023	0.270230	0.297669	0.315993	0.286937	0.330668	0.308402	0.281068	0.322211	0.325725	0.307767	0.301516	0.307419	0.330490	0.355555	0.347068	0.332707	0.328599	0.322746	0.304461	0.324237	0.324612	0.342304	0.307244	0.316824	
0.294115	0.288713	0.309786	0.290778	0.307647	0.322755	0.313433	0.330745	0.298083	0.265749	0.276909	0.214725	0.000000	0.153435	0.306009	0.317065	0.316316	0.123440	0.278826	0.296584	0.296698	0.306847	0.316225	0.295899	0.309223	0.282551	0.289941	0.272683	0.288813	0.285800	0.285036	0.318801	0.294415	0.276558	0.292806	0.309676	0.316790	0.309365	0.323584	0.294250	0.297640	0.301269	0.352155	0.308549	0.303148	0.313804	0.311888	0.294864	0.328560	0.325818	0.325481	0.351633	0.322768	0.324704	0.322033	0.303865	0.297573	0.296600	0.307279	0.327827	0.328009	0.351158	0.319108	0.320425	0.332602	0.312488	0.343499	0.333361	0.338394	0.290559	0.296592	0.306730	0.323405	0.295191	0.290680	0.335693	0.354179	0.317643	0.338249	0.346122	0.337342	0.359814	0.347882	0.327397	0.305624	0.301641	0.304401	0.328585	0.333356	0.331408	0.331022	0.295523	0.300965	0.318762	0.286856	0.310461	0.288954	0.321687	0.333775	0.316044	0.325538	0.315776	0.297731	0.320292	0.311018	0.307310	0.301257	0.315569	0.347285	0.360217	0.351249	0.335008	0.330383	0.311345	0.311438	0.310006	0.317409	0.343284	0.312083	0.325667	
0.319147	0.279827	0.302009	0.294987	0.314449	0.328846	0.312230	0.328858	0.306477	0.259040	0.282118	0.121537	0.153435	0.000000	0.283143	0.307567	0.295629	0.230784	0.274114	0.222793	0.295135	0.326069	0.314602	0.302490	0.308457	0.275788	0.297539	0.280996	0.303053	0.299216	0.292747	0.326113	0.283071	0.275312	0.282108	0.307722	0.315207	0.307292	0.330268	0.288407	0.296150	0.305295	0.340299	0.293670	0.336249	0.299553	0.313490	0.283177	0.310051	0.311853	0.271999	0.311293	0.284932	0.326070	0.293785	0.299291	0.294098	0.297642	0.291031	0.318039	0.283479	0.360691	0.338697	0.335282	0.321178	0.292923	0.318704	0.322047	0.329401	0.285022	0.282584	0.304369	0.318900	0.302814	0.292148	0.348249	0.368122	0.314446	0.311087	0.330955	0.320247	0.365544	0.354952	0.317450	0.300893	0.299453	0.300607	0.319495	0.354623	0.321047	0.324640	0.289416	0.293288	0.325132	0.283829	0.320584	0.284340	0.308338	0.326927	0.296405	0.343205	0.332642	0.303537	0.328219	0.327188	0.312620	0.308430	0.310911	0.336556	0.357939	0.347217	0.326101	0.323527	0.310523	0.315346	0.317668	0.329319	0.348455	0.322680	0.318587	
0.327596	0.326592	0.312215	0.311111	0.332204	0.336896	0.353832	0.365888	0.324677	0.287735	0.290292	0.293353	0.306009	0.283143	0.000000	0.180456	0.163408	0.344879	0.273232	0.240035	0.350802	0.353111	0.359447	0.326150	0.329481	0.293912	0.324109	0.313620	0.321603	0.316034	0.323606	0.326020	0.315431	0.305378	0.315735	0.343201	0.345914	0.340486	0.350549	0.323521	0.324245	0.340439	0.377691	0.334386	0.344397	0.334932	0.354293	0.307275	0.327317	0.326571	0.322597	0.337489	0.312752	0.356825	0.174890	0.351892	0.293388	0.311450	0.305667	0.314662	0.334907	0.354002	0.332933	0.341016	0.344361	0.325964	0.339190	0.333833	0.344547	0.320275	0.327164	0.320164	0.351551	0.317600	0.337631	0.372585	0.372737	0.334191	0.320436	0.311097	0.321488	0.350117	0.346182	0.317117	0.316221	0.295783	0.314734	0.332711	0.373046	0.338175	0.340945	0.311234	0.319465	0.335919	0.313247	0.342090	0.322777	0.330833	0.330528	0.338381	0.367175	0.361736	0.338909	0.353702	0.343123	0.312443	0.299689	0.310176	0.357911	0.354252	0.356825	0.364442	0.344057	0.355536	0.348873	0.361275	0.358789	0.359534	0.338881	0.332227	
0.364991	0.355700	0.315372	0.304525	0.338224	0.372743	0.372460	0.380738	0.357631	0.316359	0.308347	0.325012	0.317065	0.307567	0.180456	0.000000	0.147077	0.359781	0.253896	0.196256	0.356749	0.361261	0.359766	0.338929	0.342771	0.309951	0.337046	0.327319	0.335644	0.342019	0.343798	0.353441	0.337541	0.322267	0.335089	0.360048	0.354812	0.349851	0.339897	0.339124	0.340893	0.340157	0.353518	0.342378	0.356757	0.349537	0.369068	0.330938	0.340966	0.354059	0.337728	0.358846	0.318208	0.354814	0.142625	0.348119	0.332492	0.337336	0.328701	0.312001	0.329641	0.366609	0.355736	0.356969	0.363007	0.346819	0.368748	0.358645	0.372904	0.335301	0.340682	0.335292	0.359094	0.320200	0.341941	0.381525	0.388689	0.346619	0.325718	0.327273	0.336760	0.365915	0.364287	0.331887	0.350408	0.344581	0.347741	0.345605	0.370948	0.353138	0.354171	0.324319	0.332807	0.356917	0.328078	0.350418	0.335862	0.342815	0.341768	0.351540	0.371752	0.373657	0.335326	0.342525	0.339012	0.338064	0.336923	0.337526	0.364835	0.365137	0.367806	0.366728	0.366131	0.358801	0.351193	0.368270	0.370635	0.387299	0.353328	0.356351	
0.336377	0.335507	0.303141	0.314355	0.345934	0.349996	0.366056	0.383474	0.329617	0.320125	0.336118	0.319327	0.316316	0.295629	0.163408	0.147077	0.000000	0.353463	0.223220	0.191318	0.356397	0.364529	0.367275	0.340182	0.319413	0.291061	0.329139	0.312625	0.326238	0.333439	0.335288	0.335232	0.324023	0.316933	0.320934	0.346512	0.340201	0.336134	0.354490	0.349092	0.352880	0.342276	0.353108	0.348723	0.352527	0.349850	0.367544	0.315973	0.345798	0.339339	0.330749	0.356958	0.313700	0.357590	0.111143	0.337075	0.338648	0.330830	0.340313	0.335503	0.334413	0.379997	0.354048	0.365105	0.364943	0.349561	0.352398	0.349104	0.353081	0.332054	0.340745	0.339432	0.349252	0.331839	0.326098	0.370532	0.386956	0.343772	0.322100	0.310174	0.334334	0.367749	0.373652	0.340911	0.339646	0.334803	0.337183	0.343970	0.374293	0.351662	0.352156	0.332581	0.327395	0.345075	0.312881	0.336115	0.320857	0.359073	0.355352	0.338094	0.384846	0.375000	0.330575	0.347712	0.340140	0.332681	0.329038	0.309731	0.361899	0.373108	0.343993	0.348690	0.336905	0.338974	0.348764	0.359492	0.365892	0.364830	0.350741	0.330187	
0.272010	0.278599	0.311543	0.301506	0.293762	0.311068	0.312280	0.310540	0.298336	0.286770	0.300966	0.239336	0.123440	0.230784	0.344879	0.359781	0.353463	0.000000	0.207395	0.310472	0.285712	0.288153	0.307140	0.267465	0.280495	0.294961	0.301787	0.299959	0.302265	0.290669	0.279815	0.296009	0.314543	0.296837	0.314803	0.316879	0.314863	0.317513	0.320985	0.289464	0.294578	0.303336	0.351418	0.308718	0.331264	0.327375	0.325760	0.305235	0.334849	0.333338	0.310958	0.357809	0.358745	0.328576	0.343856	0.312080	0.322238	0.318923	0.306987	0.353523	0.354982	0.357462	0.315029	0.326440	0.324782	0.306443	0.333354	0.343292	0.348838	0.291868	0.284526	0.309255	0.319832	0.292333	0.290477	0.349106	0.365595	0.328756	0.354401	0.368861	0.335634	0.350370	0.332626	0.328795	0.303867	0.315481	0.302866	0.322131	0.328549	0.328636	0.327815	0.296064	0.299138	0.321744	0.285536	0.333495	0.297041	0.299422	0.326936	0.300849	0.321565	0.325243	0.270742	0.315047	0.308882	0.330243	0.319711	0.336303	0.357180	0.363248	0.352606	0.352857	0.344877	0.329872	0.313886	0.322661	0.321960	0.339367	0.317915	0.323097	
0.339492	0.331195	0.319837	0.317340	0.328619	0.350896	0.355853	0.360852	0.341857	0.311001	0.322135	0.248851	0.278826	0.274114	0.273232	0.253896	0.223220	0.207395	0.000000	0.115438	0.349953	0.350684	0.349501	0.309359	0.298371	0.297596	0.335154	0.328835	0.339282	0.323736	0.314679	0.323442	0.344184	0.322376	0.343438	0.351672	0.347478	0.342511	0.347665	0.338625	0.342815	0.354471	0.361721	0.351820	0.354426	0.348288	0.366085	0.323786	0.362186	0.349425	0.330074	0.366564	0.358877	0.364297	0.210716	0.339355	0.357667	0.352708	0.351334	0.358557	0.357998	0.381954	0.364605	0.374736	0.357978	0.327856	0.349642	0.360344	0.370052	0.324906	0.319932	0.334036	0.355585	0.315787	0.305670	0.387467	0.393908	0.355270	0.355644	0.358220	0.362343	0.378987	0.366181	0.354028	0.342772	0.350281	0.336750	0.347143	0.371583	0.348291	0.354195	0.344597	0.337032	0.357343	0.321989	0.361416	0.330713	0.335189	0.342939	0.339101	0.372103	0.364987	0.314688	0.352619	0.340463	0.344447	0.337935	0.314780	0.371229	0.375889	0.347500	0.360723	0.363384	0.353069	0.345299	0.369119	0.370693	0.374148	0.347495	0.345827	
0.340650	0.326780	0.304654	0.310402	0.337856	0.358864	0.341513	0.370790	0.327648	0.318930	0.323713	0.242397	0.296584	0.222793	0.240035	0.196256	0.191318	0.310472	0.115438	0.000000	0.334364	0.349404	0.331395	0.319603	0.312833	0.277662	0.323658	0.312419	0.328188	0.338782	0.325114	0.337093	0.331816	0.305728	0.331233	0.353708	0.351355	0.342945	0.334979	0.323178	0.328885	0.327683	0.339829	0.330732	0.339862	0.330033	0.347219	0.305633	0.343966	0.334873	0.319504	0.347459	0.341024	0.350116	0.153052	0.322286	0.337960	0.340934	0.319728	0.337622	0.336027	0.359432	0.363597	0.362400	0.330338	0.301135	0.346602	0.350090	0.357375	0.314964	0.316267	0.320978	0.356633	0.315740	0.302690	0.380283	0.385120	0.347383	0.339356	0.339667	0.347821	0.362879	0.356864	0.337661	0.341624	0.336716	0.337107	0.341263	0.376218	0.342202	0.347617	0.331421	0.323097	0.343416	0.309598	0.348161	0.317298	0.318624	0.318969	0.333166	0.358835	0.364264	0.327892	0.331143	0.328482	0.324318	0.325943	0.300459	0.360835	0.359185	0.346341	0.346508	0.351018	0.341792	0.338523	0.352321	0.363998	0.369892	0.339057	0.349519	
0.284174	0.271576	0.319640	0.325224	0.300903	0.322936	0.295902	0.325414	0.281965	0.302906	0.317473	0.302421	0.296698	0.295135	0.350802	0.356749	0.356397	0.285712	0.349953	0.334364	0.000000	0.141483	0.071052	0.281785	0.301080	0.296987	0.313287	0.289416	0.310194	0.335309	0.315989	0.326876	0.298244	0.285351	0.297411	0.340417	0.327635	0.340066	0.336560	0.310963	0.312115	0.307737	0.353026	0.315740	0.328613	0.309787	0.311693	0.295498	0.318256	0.314274	0.307101	0.336414	0.346249	0.314304	0.353801	0.307640	0.342307	0.341487	0.320411	0.377892	0.356952	0.371234	0.316850	0.316863	0.333125	0.323345	0.316407	0.326307	0.323754	0.294065	0.296405	0.299422	0.319054	0.324770	0.303149	0.312549	0.335935	0.335823	0.343386	0.345157	0.326659	0.308291	0.300760	0.325069	0.299374	0.305326	0.302858	0.334128	0.362887	0.328894	0.335624	0.300953	0.290630	0.307481	0.302923	0.326415	0.299959	0.319142	0.336884	0.303639	0.337617	0.343760	0.305524	0.325668	0.327120	0.306762	0.310546	0.330840	0.344822	0.357964	0.339287	0.355758	0.342609	0.338159	0.329706	0.325840	0.340095	0.335961	0.325309	0.327862	
0.214292	0.245528	0.319329	0.312768	0.315527	0.323970	0.326004	0.329666	0.303792	0.307256	0.320404	0.316560	0.306847	0.326069	0.353111	0.361261	0.364529	0.288153	0.350684	0.349404	0.141483	0.000000	0.178287	0.284672	0.296232	0.311022	0.324808	0.307304	0.323684	0.336665	0.307433	0.315334	0.315517	0.301406	0.314538	0.336695	0.320209	0.338543	0.335191	0.307219	0.306141	0.321484	0.367656	0.330968	0.338423	0.318639	0.321511	0.306051	0.326685	0.313719	0.315021	0.345369	0.354915	0.322709	0.357342	0.314597	0.344301	0.341097	0.313549	0.368387	0.376799	0.363006	0.325014	0.333197	0.334822	0.324507	0.338598	0.337757	0.335270	0.303381	0.312940	0.311899	0.307779	0.330431	0.305481	0.321649	0.334502	0.334882	0.352302	0.358938	0.333368	0.322941	0.315323	0.340426	0.316132	0.299778	0.318046	0.345668	0.343553	0.340747	0.346791	0.309708	0.292695	0.301067	0.293814	0.319742	0.296077	0.311313	0.333341	0.304406	0.334613	0.324858	0.294397	0.327402	0.321073	0.320455	0.330083	0.338908	0.352149	0.359472	0.351186	0.361446	0.357054	0.347158	0.333436	0.333314	0.341315	0.349560	0.318599	0.335116	
0.311113	0.301632	0.327914	0.333234	0.307530	0.327790	0.302416	0.330067	0.285215	0.312307	0.323486	0.308933	0.316225	0.314602	0.359447	0.359766	0.367275	0.307140	0.349501	0.331395	0.071052	0.178287	0.000000	0.283080	0.307046	0.302460	0.326756	0.305270	0.324760	0.342494	0.325695	0.340005	0.310891	0.292834	0.310645	0.349402	0.339223	0.349212	0.341590	0.318618	0.320302	0.313907	0.351463	0.322039	0.340205	0.318205	0.316424	0.297553	0.319547	0.317403	0.316212	0.347366	0.355131	0.322288	0.363996	0.315132	0.356665	0.350072	0.336361	0.387400	0.367060	0.377951	0.324146	0.324062	0.339267	0.324102	0.321898	0.336333	0.330871	0.296353	0.300312	0.303513	0.331596	0.336648	0.308607	0.320994	0.344308	0.344652	0.356645	0.353020	0.339102	0.311364	0.302498	0.324650	0.305527	0.315424	0.307209	0.332365	0.368756	0.323612	0.332938	0.304068	0.297258	0.313638	0.318099	0.339239	0.315443	0.320080	0.333222	0.304766	0.341209	0.342423	0.315069	0.327916	0.333208	0.318011	0.324022	0.336403	0.353388	0.364444	0.343963	0.365346	0.349320	0.345674	0.336335	0.340002	0.356410	0.335119	0.327047	0.336938	
0.239351	0.277598	0.249904	0.262307	0.268275	0.262328	0.285226	0.287811	0.223920	0.261290	0.281071	0.292078	0.295899	0.302490	0.326150	0.338929	0.340182	0.267465	0.309359	0.319603	0.281785	0.284672	0.283080	0.000000	0.124031	0.164472	0.296153	0.286000	0.290542	0.279627	0.251051	0.275718	0.300043	0.277280	0.301111	0.311991	0.300488	0.320411	0.310805	0.288195	0.288940	0.292515	0.328366	0.306032	0.336554	0.301162	0.313360	0.266891	0.317102	0.274432	0.303705	0.335442	0.329001	0.308365	0.334496	0.300952	0.322480	0.323798	0.312051	0.336946	0.335523	0.342956	0.310176	0.311528	0.321458	0.267295	0.342178	0.325517	0.336463	0.276091	0.286664	0.275614	0.290359	0.297454	0.243811	0.334523	0.353386	0.313157	0.331308	0.336161	0.318580	0.323998	0.319275	0.306677	0.285978	0.280990	0.286653	0.303279	0.334388	0.309631	0.311042	0.274313	0.282323	0.295901	0.287307	0.317491	0.296954	0.280626	0.303656	0.267651	0.320879	0.312975	0.285549	0.295428	0.300119	0.307846	0.310085	0.318604	0.332259	0.332455	0.319644	0.322141	0.320381	0.323210	0.308960	0.319719	0.323397	0.316992	0.313055	0.295773	
0.261346	0.247916	0.256441	0.282637	0.281362	0.249987	0.304384	0.272405	0.241964	0.253902	0.293570	0.312353	0.309223	0.308457	0.329481	0.342771	0.319413	0.280495	0.298371	0.312833	0.301080	0.296232	0.307046	0.124031	0.000000	0.127774	0.303534	0.294410	0.297905	0.294215	0.264708	0.275544	0.301956	0.284907	0.302988	0.303924	0.294682	0.314096	0.332938	0.298077	0.299194	0.313484	0.346375	0.327230	0.344062	0.314744	0.326696	0.300971	0.334831	0.306277	0.309772	0.328420	0.330695	0.316417	0.318528	0.304142	0.334453	0.328440	0.322384	0.349137	0.340076	0.354104	0.322637	0.325696	0.329000	0.302604	0.336626	0.331471	0.339864	0.283026	0.291910	0.293175	0.297393	0.311087	0.272309	0.342883	0.352723	0.315152	0.342312	0.354144	0.323915	0.335613	0.334937	0.332331	0.303279	0.293390	0.301721	0.307473	0.325129	0.311426	0.314065	0.285316	0.290049	0.302170	0.302248	0.332213	0.310779	0.294282	0.317631	0.269844	0.339806	0.321495	0.288456	0.298788	0.298705	0.308163	0.323682	0.294267	0.333782	0.341066	0.298192	0.321331	0.322484	0.323243	0.330841	0.342413	0.340582	0.329714	0.327934	0.304749	
0.288563	0.255884	0.245304	0.273470	0.291571	0.306830	0.300886	0.317334	0.266164	0.276258	0.302403	0.276619	0.282551	0.275788	0.293912	0.309951	0.291061	0.294961	0.297596	0.277662	0.296987	0.311022	0.302460	0.164472	0.127774	0.000000	0.273266	0.252102	0.266323	0.307794	0.282201	0.304161	0.264219	0.247861	0.264781	0.279321	0.281395	0.289929	0.298830	0.278249	0.279531	0.289505	0.320351	0.288633	0.313968	0.276219	0.285306	0.261965	0.291207	0.276437	0.283857	0.298435	0.309535	0.305030	0.291284	0.286828	0.300800	0.301278	0.292641	0.334244	0.322878	0.344675	0.296740	0.298633	0.292045	0.271602	0.301254	0.293693	0.301319	0.252264	0.265425	0.259166	0.294618	0.283881	0.262142	0.319406	0.334017	0.292457	0.310762	0.319029	0.293141	0.320717	0.316513	0.297116	0.274812	0.267258	0.276305	0.283752	0.321696	0.285336	0.288215	0.262957	0.270641	0.294627	0.262667	0.296713	0.267936	0.295709	0.296230	0.276458	0.318904	0.304170	0.273722	0.280797	0.281058	0.289784	0.294130	0.259721	0.316047	0.341196	0.316902	0.295382	0.295550	0.297747	0.306199	0.323862	0.326324	0.329982	0.303449	0.311180	
0.320518	0.309059	0.295371	0.297102	0.299863	0.312187	0.297498	0.307662	0.305694	0.295381	0.309158	0.294690	0.289941	0.297539	0.324109	0.337046	0.329139	0.301787	0.335154	0.323658	0.313287	0.324808	0.326756	0.296153	0.303534	0.273266	0.000000	0.146514	0.050862	0.319827	0.293161	0.314191	0.188744	0.195765	0.191718	0.323806	0.320411	0.317279	0.296010	0.296389	0.298444	0.285675	0.324358	0.313446	0.292820	0.279462	0.291634	0.297655	0.310950	0.314804	0.299250	0.319584	0.322021	0.299637	0.335905	0.291011	0.311257	0.305088	0.299639	0.346819	0.329058	0.326017	0.293925	0.291759	0.313652	0.308711	0.315148	0.323813	0.322812	0.289204	0.296700	0.295555	0.323555	0.315830	0.298467	0.305554	0.316664	0.306307	0.306713	0.337652	0.306978	0.329931	0.324058	0.302016	0.290531	0.284563	0.289609	0.306697	0.307808	0.305034	0.304448	0.281673	0.282463	0.304339	0.278623	0.313965	0.287229	0.314954	0.316561	0.302612	0.323512	0.306698	0.273988	0.303801	0.301754	0.301655	0.292481	0.298503	0.338681	0.358663	0.346167	0.316202	0.310877	0.299893	0.306630	0.292068	0.296765	0.355694	0.322047	0.338523	
0.301754	0.296504	0.289074	0.283950	0.287821	0.303504	0.276241	0.307260	0.275611	0.274535	0.304420	0.275212	0.272683	0.280996	0.313620	0.327319	0.312625	0.299959	0.328835	0.312419	0.289416	0.307304	0.305270	0.286000	0.294410	0.252102	0.146514	0.000000	0.130166	0.302039	0.281637	0.303619	0.115376	0.142857	0.117504	0.302733	0.308230	0.298179	0.293720	0.298843	0.295131	0.276660	0.315484	0.301857	0.275991	0.262206	0.272922	0.273349	0.286548	0.289797	0.288500	0.303023	0.311762	0.281391	0.317427	0.274897	0.304575	0.297563	0.285750	0.336018	0.325793	0.312060	0.277059	0.272965	0.300021	0.298768	0.288309	0.301291	0.298297	0.264489	0.272222	0.270649	0.311659	0.306576	0.283922	0.283138	0.301118	0.292191	0.300973	0.311433	0.299733	0.316238	0.312174	0.292994	0.259495	0.269078	0.263246	0.281254	0.307741	0.282558	0.280370	0.263814	0.257250	0.296238	0.268841	0.285681	0.267266	0.307462	0.297710	0.285774	0.314375	0.310179	0.286613	0.285686	0.296166	0.278572	0.276439	0.279009	0.313181	0.347967	0.335434	0.301184	0.290635	0.278550	0.290937	0.277494	0.286554	0.339928	0.297472	0.335427	
0.318273	0.306887	0.288041	0.287748	0.293299	0.306344	0.290106	0.302076	0.300008	0.287202	0.310511	0.296233	0.288813	0.303053	0.321603	0.335644	0.326238	0.302265	0.339282	0.328188	0.310194	0.323684	0.324760	0.290542	0.297905	0.266323	0.050862	0.130166	0.000000	0.312770	0.290697	0.306782	0.168379	0.188354	0.170923	0.320431	0.316822	0.311588	0.294389	0.294541	0.292226	0.286253	0.328245	0.308733	0.289985	0.280787	0.293686	0.289959	0.303391	0.306451	0.297109	0.310303	0.317197	0.294016	0.331164	0.287326	0.301981	0.300931	0.295626	0.339371	0.326813	0.317349	0.286211	0.285012	0.315499	0.306959	0.309935	0.317762	0.314285	0.279700	0.288776	0.285719	0.316885	0.313325	0.293483	0.299414	0.312440	0.301729	0.308003	0.332054	0.297701	0.321472	0.321617	0.297186	0.286024	0.279319	0.289909	0.303003	0.305062	0.302676	0.301719	0.273604	0.275905	0.297378	0.274560	0.305253	0.283261	0.312719	0.313189	0.297678	0.322502	0.309651	0.270759	0.295891	0.296796	0.297758	0.292044	0.296150	0.332998	0.353543	0.341468	0.317504	0.305751	0.300306	0.302052	0.293379	0.296286	0.343197	0.317626	0.333509	
0.290220	0.324113	0.322701	0.320827	0.325837	0.305134	0.331291	0.329947	0.283865	0.296999	0.328205	0.298300	0.285800	0.299216	0.316034	0.342019	0.333439	0.290669	0.323736	0.338782	0.335309	0.336665	0.342494	0.279627	0.294215	0.307794	0.319827	0.302039	0.312770	0.000000	0.155843	0.282001	0.312546	0.293893	0.311854	0.323544	0.324243	0.330932	0.336206	0.299134	0.297794	0.303800	0.334415	0.312853	0.323346	0.321289	0.321605	0.285371	0.319747	0.324025	0.320655	0.346866	0.306136	0.322278	0.343301	0.310983	0.317612	0.310155	0.334187	0.334164	0.324495	0.347877	0.335300	0.336482	0.342850	0.315729	0.350562	0.344842	0.339648	0.297634	0.307714	0.307258	0.320653	0.321779	0.307501	0.336799	0.344281	0.312047	0.326115	0.328277	0.313570	0.345665	0.334407	0.322203	0.303491	0.294061	0.298205	0.335334	0.346927	0.334872	0.340343	0.303467	0.311910	0.309056	0.312665	0.317509	0.314991	0.335231	0.336125	0.313029	0.340424	0.342696	0.311768	0.329778	0.325023	0.309687	0.301995	0.315792	0.336429	0.359227	0.351358	0.345064	0.329441	0.338563	0.325607	0.323477	0.332336	0.350003	0.324949	0.341817	
0.289222	0.308041	0.298449	0.301572	0.311695	0.301566	0.317916	0.318163	0.272138	0.289643	0.322289	0.290765	0.285036	0.292747	0.323606	0.343798	0.335288	0.279815	0.314679	0.325114	0.315989	0.307433	0.325695	0.251051	0.264708	0.282201	0.293161	0.281637	0.290697	0.155843	0.000000	0.178353	0.306647	0.263818	0.305931	0.325966	0.314754	0.318409	0.327299	0.305166	0.302491	0.284361	0.317897	0.299788	0.334512	0.300963	0.308913	0.268520	0.322806	0.302992	0.307171	0.337952	0.310252	0.311999	0.338870	0.297781	0.308602	0.299857	0.293641	0.336578	0.327073	0.337256	0.324388	0.329834	0.327562	0.295990	0.347553	0.332381	0.340672	0.295889	0.304230	0.293898	0.317905	0.313205	0.281359	0.344039	0.357129	0.326110	0.323181	0.323350	0.307219	0.335740	0.338364	0.323353	0.284737	0.291596	0.285167	0.308057	0.316717	0.309804	0.311941	0.289214	0.296016	0.305441	0.292863	0.314622	0.294970	0.313616	0.314264	0.292071	0.335234	0.318670	0.292951	0.303498	0.312097	0.298722	0.304924	0.315776	0.324037	0.343242	0.340954	0.321162	0.312762	0.316681	0.325344	0.327207	0.328421	0.334552	0.306184	0.316162	
0.273503	0.313839	0.306502	0.306392	0.311419	0.274149	0.303821	0.300214	0.260173	0.281593	0.325796	0.323315	0.318801	0.326113	0.326020	0.353441	0.335232	0.296009	0.323442	0.337093	0.326876	0.315334	0.340005	0.275718	0.275544	0.304161	0.314191	0.303619	0.306782	0.282001	0.178353	0.000000	0.326325	0.288983	0.325928	0.338289	0.326937	0.337896	0.350168	0.324410	0.321266	0.318266	0.348619	0.328386	0.357642	0.328556	0.335191	0.309093	0.354322	0.332913	0.328317	0.352943	0.332375	0.342139	0.326468	0.326535	0.313224	0.298545	0.306400	0.348363	0.355527	0.342551	0.332673	0.332167	0.332766	0.311236	0.358762	0.350735	0.359036	0.324188	0.323863	0.324748	0.331667	0.325262	0.308874	0.354830	0.371511	0.334930	0.344876	0.342986	0.316554	0.357166	0.362863	0.340449	0.316424	0.310147	0.314066	0.321041	0.308924	0.322496	0.325692	0.295948	0.305680	0.324829	0.311894	0.330219	0.315828	0.326602	0.338526	0.304896	0.328840	0.320186	0.314377	0.328644	0.327172	0.318693	0.321444	0.338574	0.347964	0.358494	0.352187	0.335985	0.325846	0.325319	0.334355	0.331743	0.328410	0.354776	0.319749	0.331454	
0.302542	0.279587	0.297656	0.300893	0.309173	0.321177	0.304223	0.327481	0.293471	0.289061	0.319995	0.268295	0.294415	0.283071	0.315431	0.337541	0.324023	0.314543	0.344184	0.331816	0.298244	0.315517	0.310891	0.300043	0.301956	0.264219	0.188744	0.115376	0.168379	0.312546	0.306647	0.326325	0.000000	0.154249	0.016044	0.309438	0.312598	0.313972	0.313266	0.302551	0.299873	0.295231	0.329492	0.313980	0.289814	0.275314	0.286638	0.286978	0.303347	0.303871	0.296434	0.280119	0.317006	0.311473	0.331755	0.302483	0.306180	0.304904	0.298363	0.351082	0.333871	0.327452	0.299581	0.300816	0.291036	0.304485	0.290625	0.298666	0.294273	0.281092	0.293637	0.287311	0.319517	0.313356	0.300927	0.309928	0.327066	0.295363	0.317053	0.326299	0.294015	0.331942	0.318110	0.309347	0.285327	0.277394	0.288628	0.301193	0.320131	0.304422	0.304863	0.284257	0.281775	0.312439	0.287105	0.305668	0.282972	0.320017	0.309787	0.301000	0.326013	0.307748	0.284777	0.302830	0.306306	0.302544	0.309428	0.311836	0.329929	0.368079	0.350161	0.309382	0.306152	0.305632	0.324154	0.308285	0.316872	0.338532	0.292219	0.345158	
0.286600	0.272657	0.280355	0.284764	0.288164	0.308512	0.286884	0.308620	0.273132	0.273800	0.307974	0.266552	0.276558	0.275312	0.305378	0.322267	0.316933	0.296837	0.322376	0.305728	0.285351	0.301406	0.292834	0.277280	0.284907	0.247861	0.195765	0.142857	0.188354	0.293893	0.263818	0.288983	0.154249	0.000000	0.156939	0.305804	0.309623	0.317537	0.315034	0.287386	0.283975	0.279045	0.316975	0.295009	0.289618	0.276618	0.288188	0.262721	0.290056	0.282825	0.270840	0.279402	0.298568	0.307480	0.313021	0.290850	0.290992	0.286466	0.288438	0.333884	0.319367	0.320679	0.302136	0.307780	0.295729	0.293287	0.281327	0.283359	0.287827	0.260049	0.272826	0.270810	0.307991	0.303227	0.283203	0.320193	0.341328	0.315286	0.303763	0.323404	0.288549	0.322969	0.313430	0.303096	0.276291	0.267150	0.276416	0.303812	0.323936	0.301068	0.304842	0.272840	0.275658	0.302035	0.276069	0.294213	0.274181	0.307425	0.309389	0.290082	0.314973	0.290971	0.263795	0.296066	0.294281	0.291597	0.299902	0.300942	0.332128	0.361785	0.347327	0.324501	0.310188	0.308320	0.315168	0.297800	0.308771	0.319227	0.279695	0.325992	
0.303902	0.280160	0.298084	0.300736	0.311205	0.321907	0.306216	0.329924	0.293056	0.288892	0.320760	0.269589	0.292806	0.282108	0.315735	0.335089	0.320934	0.314803	0.343438	0.331233	0.297411	0.314538	0.310645	0.301111	0.302988	0.264781	0.191718	0.117504	0.170923	0.311854	0.305931	0.325928	0.016044	0.156939	0.000000	0.310284	0.313098	0.314247	0.314085	0.302443	0.299952	0.296123	0.331649	0.313824	0.291291	0.274931	0.285755	0.286976	0.303340	0.305429	0.297873	0.283283	0.316532	0.310855	0.329049	0.303437	0.307389	0.306530	0.298553	0.350325	0.333590	0.329410	0.298572	0.299067	0.292989	0.305445	0.291615	0.300558	0.294870	0.281952	0.295245	0.287033	0.319470	0.312295	0.300408	0.306619	0.323704	0.296411	0.316553	0.325432	0.293869	0.329614	0.315387	0.308652	0.285941	0.279344	0.289481	0.301111	0.320508	0.304995	0.305462	0.286443	0.283828	0.314545	0.287543	0.303678	0.283905	0.323023	0.311687	0.301985	0.325726	0.310035	0.285451	0.303867	0.307622	0.302086	0.309535	0.311212	0.330009	0.368141	0.350437	0.308806	0.305068	0.304599	0.325114	0.309708	0.318080	0.340354	0.293160	0.346816	
0.318743	0.279404	0.298759	0.295493	0.315254	0.316756	0.305513	0.307072	0.306316	0.301131	0.326221	0.295832	0.309676	0.307722	0.343201	0.360048	0.346512	0.316879	0.351672	0.353708	0.340417	0.336695	0.349402	0.311991	0.303924	0.279321	0.323806	0.302733	0.320431	0.323544	0.325966	0.338289	0.309438	0.305804	0.310284	0.000000	0.083187	0.111345	0.326206	0.311048	0.309477	0.315334	0.343110	0.303344	0.347227	0.308768	0.316206	0.307030	0.325882	0.320147	0.322541	0.348663	0.324128	0.326465	0.347381	0.327743	0.328322	0.326972	0.323247	0.309901	0.303539	0.324134	0.334727	0.338213	0.333548	0.320662	0.339096	0.328976	0.336409	0.296393	0.304746	0.309185	0.219414	0.251055	0.280816	0.345470	0.360402	0.255747	0.331628	0.339039	0.323094	0.366838	0.349680	0.325682	0.300086	0.307369	0.301852	0.307707	0.309387	0.307823	0.310640	0.300886	0.301854	0.324206	0.290925	0.305990	0.291311	0.291402	0.315929	0.272030	0.329157	0.305190	0.293716	0.318032	0.311997	0.322665	0.323309	0.318092	0.330858	0.366888	0.336866	0.329084	0.329385	0.330773	0.300004	0.333584	0.324937	0.327610	0.327950	0.295541	
0.308644	0.271305	0.301021	0.296119	0.318336	0.320608	0.312871	0.309848	0.310712	0.295824	0.316804	0.302124	0.316790	0.315207	0.345914	0.354812	0.340201	0.314863	0.347478	0.351355	0.327635	0.320209	0.339223	0.300488	0.294682	0.281395	0.320411	0.308230	0.316822	0.324243	0.314754	0.326937	0.312598	0.309623	0.313098	0.083187	0.000000	0.128382	0.335038	0.308321	0.306495	0.315413	0.346974	0.305073	0.341350	0.313158	0.326671	0.307711	0.333286	0.327488	0.324087	0.356994	0.327170	0.295223	0.341953	0.300644	0.329942	0.328781	0.323250	0.324166	0.315383	0.356061	0.343200	0.344753	0.339603	0.327013	0.346628	0.334803	0.342673	0.298815	0.305560	0.312869	0.151804	0.237616	0.239944	0.320393	0.356017	0.259389	0.333562	0.348507	0.329248	0.366084	0.345726	0.328098	0.304045	0.312975	0.305318	0.319611	0.309073	0.320754	0.323961	0.300426	0.300477	0.332562	0.288494	0.298181	0.282471	0.315396	0.329672	0.296512	0.327495	0.312537	0.288496	0.316015	0.303231	0.328394	0.330487	0.323241	0.336101	0.366460	0.361253	0.336726	0.338672	0.336656	0.285215	0.331220	0.322999	0.352751	0.322201	0.316003	
