0.000000	0.221221	0.334273	0.402325	0.352831	0.352131	0.339975	0.341045	0.304878	0.356304	0.339317	0.353340	0.331656	0.335531	0.325968	0.303769	0.331837	0.323424	0.332846	0.325566	0.150774	0.168727	0.250021	0.342328	0.357059	0.308654	0.347414	0.294497	0.332619	0.316682	0.325802	0.329450	0.315575	0.314312	0.317754	0.348344	0.340335	0.341039	0.327421	0.310881	0.321444	0.371692	0.352301	0.356508	0.358073	0.361690	0.348799	0.321670	0.314037	0.341275	0.358565	0.398118	0.361973	0.353477	0.296321	0.351628	0.352065	0.366123	0.359267	0.337748	0.335654	0.379913	0.336220	0.349876	0.316434	0.324357	0.369587	0.343729	0.331284	0.342574	0.337244	0.356438	0.313923	0.341331	0.303254	0.342963	0.355754	0.362231	0.396660	0.360630	0.385099	0.360078	0.346847	0.320277	0.389977	0.353405	0.360087	0.330399	0.358953	0.331701	0.359670	0.344797	0.338527	0.336340	0.347776	0.359259	0.346882	0.329094	0.316914	0.353595	0.353298	0.368296	0.372409	0.336011	0.332348	0.356564	0.341013	0.376649	0.373812	0.395512	0.320770	0.365334	0.360188	0.345504	0.358610	0.345996	0.345542	0.374845	0.334577	0.358566	
0.221221	0.000000	0.317619	0.375734	0.333419	0.355099	0.343635	0.331939	0.293722	0.251712	0.146879	0.335447	0.369701	0.356316	0.324696	0.288677	0.316282	0.362978	0.371640	0.332924	0.327853	0.337825	0.355606	0.304107	0.349364	0.262686	0.341380	0.311829	0.351227	0.370841	0.321014	0.326089	0.345698	0.329699	0.348220	0.343456	0.340116	0.313201	0.309263	0.305716	0.301577	0.358330	0.343235	0.326462	0.352235	0.343596	0.333759	0.321395	0.317446	0.324585	0.346037	0.391518	0.369210	0.344229	0.288684	0.330321	0.345693	0.350035	0.334843	0.334221	0.330235	0.364763	0.322011	0.332841	0.309136	0.316473	0.354499	0.324789	0.318990	0.308445	0.323107	0.345526	0.328842	0.335911	0.311320	0.332687	0.347118	0.355112	0.387977	0.340817	0.356531	0.345642	0.327896	0.299517	0.366575	0.354221	0.360925	0.337575	0.336079	0.330245	0.335015	0.326766	0.316739	0.319179	0.386405	0.392207	0.320303	0.336391	0.306024	0.344105	0.327437	0.368460	0.349457	0.363652	0.353812	0.344625	0.333983	0.368145	0.378311	0.356171	0.302917	0.390708	0.385361	0.371542	0.347694	0.333751	0.335158	0.374477	0.325804	0.342093	
0.334273	0.317619	0.000000	0.289000	0.156925	0.331460	0.309258	0.185729	0.151800	0.299506	0.252902	0.300520	0.312265	0.288336	0.234997	0.263613	0.274470	0.311886	0.314887	0.276778	0.342242	0.360515	0.313363	0.265775	0.265227	0.191894	0.300134	0.265273	0.284668	0.361528	0.246369	0.262194	0.281612	0.255471	0.285969	0.299503	0.317741	0.270949	0.267141	0.277862	0.267721	0.276754	0.274830	0.296415	0.305477	0.276402	0.272378	0.294342	0.243555	0.302338	0.338060	0.333188	0.347080	0.261758	0.270498	0.290037	0.276696	0.284064	0.278456	0.316831	0.306284	0.314391	0.243239	0.254164	0.289188	0.289677	0.271257	0.262302	0.275577	0.247191	0.256665	0.251530	0.276110	0.298218	0.263622	0.298382	0.270327	0.348145	0.291091	0.318327	0.314033	0.250391	0.236145	0.263594	0.360866	0.323692	0.320633	0.282678	0.305557	0.290857	0.301521	0.262453	0.256589	0.250426	0.297545	0.293346	0.244635	0.273689	0.248267	0.278672	0.310272	0.306385	0.300585	0.288425	0.282950	0.262549	0.248063	0.398857	0.413589	0.348035	0.229255	0.334243	0.322836	0.332635	0.265956	0.238403	0.300653	0.370829	0.259756	0.274632	
0.402325	0.375734	0.289000	0.000000	0.196853	0.302459	0.346766	0.245770	0.336246	0.330931	0.344819	0.374841	0.389087	0.364769	0.360221	0.363621	0.359279	0.391233	0.389326	0.365138	0.395442	0.405864	0.381688	0.317251	0.320679	0.331051	0.365196	0.364134	0.350521	0.399411	0.340970	0.343993	0.362694	0.369387	0.358908	0.364608	0.320565	0.363151	0.350438	0.365070	0.342701	0.389734	0.385428	0.384329	0.367269	0.357241	0.359510	0.355552	0.348408	0.364139	0.392541	0.383963	0.401600	0.358311	0.366860	0.360426	0.348453	0.345146	0.341345	0.370343	0.402337	0.369642	0.349322	0.338768	0.354087	0.345167	0.330516	0.368504	0.376380	0.365167	0.358782	0.316290	0.352057	0.335051	0.349341	0.359979	0.348810	0.370394	0.394355	0.387441	0.377758	0.321949	0.301177	0.332395	0.343528	0.406792	0.393079	0.347972	0.365097	0.377406	0.364210	0.357661	0.354258	0.342966	0.384215	0.377268	0.327583	0.375321	0.356232	0.346168	0.356609	0.352408	0.340366	0.381209	0.354594	0.370135	0.364800	0.375725	0.403980	0.359075	0.340563	0.423504	0.428053	0.415334	0.377685	0.355413	0.387365	0.393089	0.350344	0.345860	
0.352831	0.333419	0.156925	0.196853	0.000000	0.302023	0.346177	0.097134	0.180875	0.341664	0.296677	0.320011	0.324929	0.309585	0.281386	0.300812	0.291109	0.336718	0.337508	0.302200	0.337447	0.347223	0.324911	0.296042	0.303094	0.214536	0.298832	0.302990	0.284617	0.365154	0.271494	0.275574	0.303157	0.305615	0.307704	0.351098	0.312260	0.334807	0.299318	0.312343	0.295165	0.330847	0.329625	0.343201	0.307442	0.296679	0.305735	0.297221	0.290642	0.307232	0.367542	0.359869	0.345673	0.312139	0.309465	0.301170	0.302063	0.304455	0.300207	0.308656	0.334443	0.329299	0.286124	0.278265	0.292359	0.281619	0.275355	0.308945	0.326614	0.294495	0.299932	0.255364	0.291211	0.323725	0.284618	0.302823	0.289106	0.344118	0.321972	0.329033	0.320785	0.271842	0.233527	0.270198	0.375974	0.354718	0.339548	0.279632	0.333015	0.318762	0.329598	0.299251	0.294317	0.298069	0.337256	0.326353	0.285509	0.314038	0.283342	0.273291	0.321300	0.324852	0.301222	0.313345	0.287684	0.302692	0.281998	0.404893	0.434701	0.381753	0.271975	0.373511	0.367537	0.368050	0.329746	0.294814	0.335525	0.370483	0.282735	0.283025	
0.352131	0.355099	0.331460	0.302459	0.302023	0.000000	0.077949	0.218819	0.245883	0.341688	0.324774	0.340076	0.353047	0.339485	0.301205	0.328675	0.328192	0.355071	0.356608	0.340555	0.376892	0.381100	0.360971	0.337793	0.348359	0.288005	0.331632	0.299841	0.317040	0.327205	0.322334	0.322093	0.331951	0.308689	0.332653	0.384682	0.349807	0.369634	0.347247	0.341781	0.332373	0.351828	0.350340	0.328816	0.376448	0.345588	0.342528	0.358551	0.326917	0.373778	0.406022	0.392551	0.373517	0.342952	0.347310	0.375635	0.322447	0.325601	0.313947	0.378156	0.387984	0.391322	0.333016	0.331824	0.364360	0.353541	0.341958	0.336588	0.335283	0.325612	0.345602	0.345902	0.306684	0.359221	0.325466	0.349055	0.345672	0.379217	0.370104	0.388032	0.392633	0.363837	0.335674	0.340257	0.363169	0.370222	0.371980	0.375599	0.278703	0.384071	0.288968	0.357275	0.336457	0.344231	0.376104	0.347428	0.345436	0.305935	0.323317	0.356282	0.287243	0.279697	0.283395	0.353789	0.321366	0.339833	0.345129	0.347511	0.371661	0.331952	0.327099	0.373825	0.369520	0.371053	0.381297	0.335894	0.374324	0.434262	0.347082	0.362131	
0.339975	0.343635	0.309258	0.346766	0.346177	0.077949	0.000000	0.277846	0.176087	0.323900	0.309651	0.352549	0.364711	0.352950	0.298572	0.311477	0.326518	0.361825	0.370521	0.348989	0.371499	0.375782	0.350708	0.320242	0.330765	0.291749	0.334652	0.287450	0.319690	0.330575	0.324036	0.329772	0.324384	0.290601	0.324171	0.364880	0.355872	0.352815	0.332011	0.326470	0.328499	0.341951	0.340566	0.317203	0.379656	0.347139	0.330889	0.337653	0.301140	0.353597	0.380904	0.393092	0.374790	0.333924	0.328771	0.371643	0.313265	0.315794	0.317425	0.382609	0.378275	0.393287	0.323243	0.326132	0.344332	0.341855	0.329164	0.310238	0.305572	0.300513	0.320463	0.339903	0.313387	0.356806	0.332564	0.358702	0.331888	0.387434	0.356458	0.370859	0.384787	0.346947	0.329677	0.336690	0.361003	0.366433	0.367578	0.368096	0.273599	0.373145	0.283231	0.337291	0.315069	0.321529	0.361567	0.352755	0.329899	0.296568	0.314856	0.372876	0.274295	0.265472	0.276451	0.342230	0.308446	0.328774	0.329999	0.347941	0.352020	0.309758	0.313478	0.352482	0.349064	0.357898	0.364541	0.316645	0.362260	0.432761	0.335121	0.363451	
0.341045	0.331939	0.185729	0.245770	0.097134	0.218819	0.277846	0.000000	0.161691	0.367805	0.319025	0.328563	0.337089	0.317848	0.285762	0.308625	0.306145	0.342590	0.344247	0.310560	0.347188	0.352099	0.336174	0.297686	0.297322	0.191294	0.314761	0.310443	0.311604	0.378902	0.273411	0.277986	0.310008	0.312963	0.317151	0.364956	0.320136	0.347651	0.302578	0.308397	0.294412	0.325519	0.328401	0.344056	0.304741	0.305959	0.304119	0.291441	0.285839	0.307841	0.351790	0.344041	0.329653	0.312426	0.318850	0.305471	0.294296	0.305852	0.305316	0.303554	0.325062	0.322701	0.282673	0.289292	0.298535	0.285157	0.266094	0.299005	0.315792	0.289085	0.307117	0.264857	0.270038	0.329867	0.282439	0.308804	0.305419	0.356564	0.312807	0.319594	0.313748	0.284235	0.245776	0.282128	0.356193	0.334628	0.328805	0.307497	0.339352	0.338903	0.339619	0.292525	0.292446	0.307229	0.346824	0.350960	0.297073	0.327258	0.292979	0.286719	0.336809	0.340165	0.324838	0.325005	0.300321	0.289726	0.289691	0.402386	0.439331	0.392091	0.282910	0.369871	0.358866	0.367477	0.328441	0.294537	0.333476	0.389383	0.287792	0.299141	
0.304878	0.293722	0.151800	0.336246	0.180875	0.245883	0.176087	0.161691	0.000000	0.300375	0.255643	0.302060	0.308161	0.297461	0.245655	0.255147	0.266240	0.311400	0.315809	0.280533	0.332717	0.332479	0.302724	0.259929	0.270679	0.176286	0.295079	0.255996	0.280501	0.343761	0.242637	0.259540	0.276980	0.256421	0.280301	0.306502	0.301291	0.293414	0.263815	0.275219	0.268857	0.290765	0.289998	0.306124	0.303858	0.273385	0.262393	0.270877	0.232730	0.277797	0.328881	0.346484	0.345846	0.272616	0.259677	0.297884	0.272781	0.287520	0.288463	0.300653	0.294537	0.321793	0.246078	0.249901	0.276524	0.277916	0.271785	0.251040	0.260561	0.238349	0.241716	0.259518	0.264491	0.289664	0.252967	0.291690	0.262906	0.335021	0.298751	0.304325	0.320294	0.271810	0.242941	0.252158	0.347461	0.314526	0.316674	0.279054	0.304791	0.288610	0.303954	0.259538	0.254474	0.241986	0.312914	0.308712	0.260846	0.262525	0.239768	0.287167	0.298227	0.311387	0.302676	0.285787	0.279182	0.269450	0.248068	0.377889	0.388539	0.327602	0.228577	0.328771	0.319904	0.322119	0.288989	0.235343	0.298909	0.367423	0.262053	0.284345	
0.356304	0.251712	0.299506	0.330931	0.341664	0.341688	0.323900	0.367805	0.300375	0.000000	0.119383	0.346362	0.351252	0.346347	0.329380	0.339280	0.354184	0.347871	0.349703	0.312190	0.394226	0.387435	0.352575	0.291262	0.310816	0.298165	0.343677	0.296647	0.347588	0.358450	0.309514	0.321321	0.331682	0.316357	0.324936	0.293117	0.299950	0.302259	0.325633	0.332762	0.320907	0.366031	0.351621	0.336881	0.395749	0.354220	0.339274	0.372415	0.311949	0.370939	0.366176	0.368700	0.424496	0.322793	0.330113	0.371321	0.318889	0.308026	0.292096	0.377418	0.371193	0.393655	0.325058	0.312818	0.361940	0.360617	0.347390	0.321984	0.287682	0.314898	0.310868	0.337958	0.307796	0.280173	0.293594	0.377460	0.360627	0.339987	0.381738	0.390446	0.411556	0.351972	0.329103	0.336151	0.301100	0.346384	0.359507	0.330113	0.338052	0.329124	0.332265	0.334226	0.292739	0.311441	0.383609	0.363970	0.298494	0.347302	0.314488	0.349076	0.345203	0.350672	0.338418	0.363698	0.376626	0.341004	0.329823	0.335698	0.350398	0.281029	0.294430	0.362724	0.359929	0.344798	0.371323	0.317552	0.361832	0.363089	0.333751	0.351585	
0.339317	0.146879	0.252902	0.344819	0.296677	0.324774	0.309651	0.319025	0.255643	0.119383	0.000000	0.305577	0.332540	0.315901	0.288663	0.302789	0.314956	0.328723	0.330768	0.295538	0.378319	0.374623	0.337896	0.287697	0.308680	0.249214	0.306044	0.262029	0.306510	0.339222	0.274712	0.288680	0.296004	0.277562	0.296650	0.308652	0.312301	0.282771	0.287601	0.294497	0.282885	0.318209	0.309942	0.295755	0.358103	0.309769	0.300325	0.332028	0.271380	0.331195	0.345208	0.347810	0.383842	0.291513	0.300063	0.334525	0.299958	0.290897	0.275434	0.339294	0.323977	0.360662	0.282683	0.273685	0.324449	0.319765	0.307734	0.278050	0.267580	0.262624	0.269665	0.297119	0.289348	0.295010	0.269053	0.332851	0.311195	0.333338	0.338339	0.352177	0.369127	0.308895	0.286028	0.297401	0.345151	0.328475	0.340457	0.311324	0.323623	0.314923	0.318575	0.292434	0.276625	0.276574	0.346160	0.326898	0.282125	0.298989	0.270943	0.304077	0.329436	0.336930	0.324465	0.328805	0.335631	0.302073	0.289334	0.371917	0.393470	0.322309	0.258061	0.347993	0.344784	0.333229	0.333515	0.275472	0.330307	0.369402	0.289685	0.309250	
0.353340	0.335447	0.300520	0.374841	0.320011	0.340076	0.352549	0.328563	0.302060	0.346362	0.305577	0.000000	0.169571	0.091504	0.305566	0.331717	0.337412	0.284749	0.208997	0.257797	0.376012	0.376070	0.358970	0.316767	0.329690	0.308267	0.345112	0.314536	0.342964	0.342929	0.299048	0.312765	0.329155	0.319528	0.331900	0.345854	0.337956	0.334961	0.304623	0.307205	0.303164	0.312127	0.308450	0.331914	0.376981	0.337785	0.316206	0.359106	0.319432	0.352025	0.389106	0.371673	0.373978	0.342385	0.334934	0.364127	0.320806	0.315539	0.311700	0.381048	0.352403	0.385264	0.297030	0.306960	0.353397	0.352530	0.338424	0.325696	0.336448	0.322669	0.316742	0.327875	0.327736	0.347580	0.313871	0.341627	0.333796	0.335129	0.366260	0.377879	0.396481	0.347707	0.318259	0.324610	0.382014	0.349501	0.359627	0.333820	0.330849	0.339446	0.328200	0.329751	0.312210	0.314798	0.342370	0.333518	0.323695	0.310535	0.314533	0.318363	0.340529	0.341801	0.327981	0.336716	0.342203	0.347205	0.325282	0.419104	0.433631	0.389223	0.298124	0.367635	0.361657	0.345699	0.356701	0.315563	0.351524	0.376657	0.319585	0.317213	
0.331656	0.369701	0.312265	0.389087	0.324929	0.353047	0.364711	0.337089	0.308161	0.351252	0.332540	0.169571	0.000000	0.131466	0.304991	0.329967	0.333169	0.152047	0.098367	0.182478	0.337464	0.327662	0.326400	0.338978	0.351476	0.313700	0.346599	0.300251	0.326533	0.308020	0.301378	0.314696	0.304754	0.303407	0.304704	0.328001	0.320225	0.314312	0.303750	0.310998	0.306156	0.355552	0.350426	0.359142	0.390237	0.362589	0.324354	0.357952	0.317733	0.365536	0.409719	0.393219	0.371306	0.326868	0.333191	0.357976	0.359167	0.347916	0.340212	0.374913	0.348214	0.383008	0.300549	0.321032	0.356113	0.352232	0.350398	0.343291	0.303985	0.342951	0.332697	0.344124	0.300333	0.315071	0.282465	0.351472	0.347059	0.340123	0.383937	0.391773	0.392934	0.368589	0.330978	0.336725	0.360936	0.314667	0.324720	0.317925	0.360744	0.324313	0.355180	0.352052	0.319006	0.331719	0.303559	0.292188	0.329221	0.309982	0.314641	0.317308	0.368674	0.347218	0.361094	0.297222	0.313644	0.342830	0.324814	0.413560	0.435120	0.391902	0.292361	0.294677	0.307690	0.278907	0.366206	0.327123	0.348695	0.319903	0.320546	0.311126	
0.335531	0.356316	0.288336	0.364769	0.309585	0.339485	0.352950	0.317848	0.297461	0.346347	0.315901	0.091504	0.131466	0.000000	0.296844	0.329333	0.335142	0.236165	0.136439	0.260767	0.356049	0.358624	0.334661	0.300294	0.307218	0.298082	0.342353	0.295485	0.323395	0.323330	0.286963	0.302102	0.298981	0.302338	0.301722	0.341078	0.340046	0.331281	0.297353	0.298248	0.294823	0.334882	0.328063	0.338477	0.375067	0.334355	0.301698	0.356701	0.307358	0.351076	0.389649	0.366954	0.356176	0.332261	0.332647	0.361780	0.317668	0.310936	0.304146	0.374524	0.344411	0.385017	0.281333	0.296768	0.349470	0.348689	0.329172	0.317011	0.332307	0.318178	0.308450	0.318409	0.313897	0.332634	0.301754	0.351059	0.336091	0.358060	0.354480	0.378587	0.390592	0.337471	0.307806	0.324037	0.376446	0.343877	0.352892	0.328182	0.350549	0.337356	0.347164	0.330319	0.309736	0.314089	0.311179	0.297326	0.319921	0.308584	0.309937	0.314583	0.354308	0.331556	0.344458	0.298142	0.306828	0.333480	0.312891	0.425775	0.446214	0.400108	0.290726	0.339679	0.352832	0.319364	0.354414	0.305314	0.353847	0.372298	0.316846	0.311949	
0.325968	0.324696	0.234997	0.360221	0.281386	0.301205	0.298572	0.285762	0.245655	0.329380	0.288663	0.305566	0.304991	0.296844	0.000000	0.145885	0.156108	0.294262	0.311251	0.254354	0.346302	0.356873	0.333550	0.297629	0.302046	0.257578	0.278333	0.250215	0.255644	0.354814	0.270449	0.284021	0.286577	0.239882	0.289322	0.314055	0.308129	0.298576	0.274367	0.267913	0.272811	0.306943	0.305328	0.312269	0.320938	0.274866	0.280779	0.301438	0.263207	0.322134	0.353404	0.341031	0.347923	0.291696	0.160932	0.309611	0.285597	0.298077	0.293273	0.323110	0.321088	0.336950	0.251429	0.275910	0.305876	0.305561	0.311079	0.289177	0.300787	0.285372	0.286188	0.300570	0.261963	0.278730	0.269688	0.306150	0.288676	0.331150	0.321835	0.325542	0.350201	0.303846	0.266555	0.276269	0.344336	0.317336	0.321248	0.311429	0.290711	0.305013	0.294077	0.298819	0.286803	0.274983	0.341847	0.329158	0.293574	0.268559	0.256946	0.291601	0.311707	0.332876	0.314293	0.318099	0.303587	0.293706	0.271098	0.406128	0.413630	0.366507	0.247748	0.344822	0.321249	0.333369	0.328285	0.272927	0.309643	0.379786	0.279878	0.294945	
0.303769	0.288677	0.263613	0.363621	0.300812	0.328675	0.311477	0.308625	0.255147	0.339280	0.302789	0.331717	0.329967	0.329333	0.145885	0.000000	0.109119	0.324628	0.334117	0.299520	0.332307	0.345145	0.335234	0.296367	0.300419	0.261052	0.310683	0.276141	0.306432	0.380783	0.283130	0.291287	0.287026	0.269956	0.288385	0.300704	0.326850	0.299471	0.286627	0.295035	0.287850	0.306187	0.300590	0.309072	0.305676	0.311888	0.309303	0.275631	0.279716	0.295148	0.325498	0.369808	0.318074	0.302899	0.068261	0.281640	0.303443	0.316670	0.310814	0.309174	0.300567	0.315021	0.268765	0.301274	0.278141	0.277370	0.322180	0.299427	0.303227	0.295181	0.281224	0.292506	0.290427	0.306792	0.296008	0.290228	0.302146	0.356938	0.344506	0.294085	0.310692	0.317768	0.273566	0.243751	0.367926	0.336078	0.341338	0.324538	0.284548	0.297264	0.285766	0.283366	0.286471	0.267434	0.330919	0.331145	0.277425	0.295851	0.271202	0.298345	0.284932	0.327030	0.325356	0.328379	0.308968	0.301657	0.285670	0.384800	0.394091	0.368643	0.265357	0.352678	0.345740	0.340445	0.284928	0.270524	0.269781	0.340408	0.292238	0.301417	
0.331837	0.316282	0.274470	0.359279	0.291109	0.328192	0.326518	0.306145	0.266240	0.354184	0.314956	0.337412	0.333169	0.335142	0.156108	0.109119	0.000000	0.312687	0.338199	0.287856	0.332498	0.345083	0.330541	0.321673	0.330913	0.278100	0.300555	0.285346	0.289128	0.387497	0.276467	0.302384	0.302048	0.276955	0.302918	0.325650	0.325597	0.317365	0.299833	0.313405	0.303376	0.315254	0.319167	0.330531	0.284133	0.273472	0.285251	0.282589	0.290151	0.301104	0.337358	0.374463	0.325918	0.313022	0.167811	0.280573	0.303488	0.318583	0.316405	0.293894	0.295132	0.301445	0.270829	0.313168	0.290647	0.286170	0.329146	0.310300	0.315914	0.306918	0.294605	0.303353	0.290097	0.309991	0.293290	0.291494	0.312437	0.355236	0.349614	0.309502	0.315577	0.329592	0.284513	0.255060	0.371044	0.327992	0.355088	0.321208	0.302458	0.300634	0.304057	0.273874	0.273631	0.260150	0.344461	0.336899	0.295085	0.300066	0.282051	0.302954	0.303091	0.333580	0.327476	0.327426	0.308620	0.310623	0.298909	0.387696	0.409516	0.379690	0.266295	0.360490	0.357610	0.346750	0.293446	0.282565	0.288698	0.344194	0.305978	0.302950	
0.323424	0.362978	0.311886	0.391233	0.336718	0.355071	0.361825	0.342590	0.311400	0.347871	0.328723	0.284749	0.152047	0.236165	0.294262	0.324628	0.312687	0.000000	0.127864	0.114453	0.350491	0.340542	0.336569	0.336500	0.343197	0.314177	0.333574	0.297178	0.316555	0.322432	0.310054	0.319404	0.303042	0.300100	0.302443	0.342050	0.329565	0.313752	0.315475	0.316475	0.307411	0.358746	0.358998	0.371232	0.378479	0.347879	0.338046	0.355756	0.312320	0.364197	0.403913	0.390681	0.371199	0.302768	0.324881	0.336379	0.353568	0.337376	0.335992	0.347447	0.336791	0.355130	0.316756	0.324460	0.356631	0.361553	0.358577	0.336700	0.299440	0.339556	0.328156	0.346807	0.280824	0.307539	0.275839	0.351463	0.336732	0.337203	0.370642	0.377690	0.395710	0.354861	0.334177	0.337627	0.349234	0.299548	0.320269	0.332620	0.368748	0.329444	0.361385	0.348907	0.319555	0.326816	0.300094	0.291572	0.323552	0.303330	0.311041	0.332964	0.362541	0.344714	0.369656	0.308030	0.320774	0.328177	0.326430	0.413558	0.412323	0.382071	0.296470	0.281777	0.292696	0.276740	0.367523	0.323198	0.341994	0.348614	0.311942	0.337564	
0.332846	0.371640	0.314887	0.389326	0.337508	0.356608	0.370521	0.344247	0.315809	0.349703	0.330768	0.208997	0.098367	0.136439	0.311251	0.334117	0.338199	0.127864	0.000000	0.230108	0.350961	0.339727	0.323488	0.342795	0.349481	0.317979	0.345742	0.301365	0.324826	0.312173	0.302025	0.317485	0.300485	0.303437	0.300139	0.335012	0.338864	0.307883	0.309283	0.313407	0.311276	0.348722	0.347929	0.358982	0.406993	0.365101	0.326367	0.363836	0.309446	0.370253	0.410520	0.391760	0.380026	0.320296	0.338661	0.366805	0.356910	0.344387	0.338211	0.380069	0.353014	0.388204	0.296696	0.322671	0.367003	0.365439	0.352718	0.338170	0.302192	0.339988	0.326796	0.342620	0.293478	0.319344	0.279872	0.361566	0.353175	0.350943	0.373716	0.397562	0.409892	0.363958	0.330084	0.343858	0.348546	0.309109	0.314044	0.327157	0.368490	0.335096	0.362001	0.352111	0.324061	0.329412	0.303936	0.286115	0.324833	0.307588	0.316503	0.321337	0.367469	0.352570	0.367915	0.297603	0.319317	0.335822	0.327407	0.409830	0.430714	0.392103	0.296299	0.298555	0.309547	0.278709	0.372580	0.326700	0.362646	0.335367	0.323568	0.316368	
0.325566	0.332924	0.276778	0.365138	0.302200	0.340555	0.348989	0.310560	0.280533	0.312190	0.295538	0.257797	0.182478	0.260767	0.254354	0.299520	0.287856	0.114453	0.230108	0.000000	0.351652	0.341342	0.328151	0.308660	0.315925	0.284818	0.309002	0.287406	0.310000	0.351159	0.278911	0.289914	0.313742	0.290043	0.315396	0.306609	0.293330	0.299888	0.284869	0.285417	0.276143	0.336450	0.333084	0.341624	0.332310	0.306044	0.315378	0.332472	0.288623	0.347487	0.374715	0.359088	0.381877	0.278107	0.297507	0.308598	0.315025	0.318601	0.321630	0.314205	0.326889	0.315892	0.290711	0.300277	0.326788	0.332190	0.335083	0.316483	0.271393	0.307504	0.306520	0.323606	0.256667	0.274810	0.255009	0.328265	0.309732	0.311591	0.355943	0.358346	0.351556	0.330159	0.296592	0.299924	0.319651	0.283426	0.292173	0.298514	0.338330	0.297135	0.334641	0.318353	0.289158	0.294909	0.345000	0.335251	0.299371	0.299831	0.279658	0.299683	0.351185	0.358182	0.334284	0.320057	0.331151	0.307719	0.294379	0.400058	0.410975	0.340090	0.256029	0.301539	0.287643	0.298253	0.330059	0.283396	0.313444	0.334793	0.297474	0.307689	
0.150774	0.327853	0.342242	0.395442	0.337447	0.376892	0.371499	0.347188	0.332717	0.394226	0.378319	0.376012	0.337464	0.356049	0.346302	0.332307	0.332498	0.350491	0.350961	0.351652	0.000000	0.107922	0.178517	0.359677	0.368370	0.340260	0.323915	0.325551	0.313038	0.328983	0.335275	0.356721	0.333663	0.335320	0.336296	0.358364	0.375974	0.347926	0.353871	0.352623	0.366080	0.385054	0.372946	0.382858	0.355296	0.378062	0.370823	0.313921	0.336544	0.334766	0.361382	0.401979	0.360082	0.371427	0.326620	0.335613	0.365292	0.383957	0.381154	0.335324	0.342469	0.369238	0.364170	0.370125	0.325444	0.325236	0.387683	0.367175	0.357627	0.368004	0.363346	0.373366	0.353968	0.378276	0.347612	0.368113	0.375253	0.401327	0.403624	0.359122	0.359034	0.377985	0.362942	0.335711	0.403837	0.371943	0.361085	0.327190	0.367931	0.346915	0.366964	0.354859	0.346226	0.365949	0.344705	0.362001	0.345181	0.361145	0.338454	0.332904	0.363291	0.376249	0.360332	0.328666	0.316354	0.362945	0.351656	0.378224	0.379039	0.416009	0.347228	0.362689	0.359999	0.358004	0.353865	0.379244	0.345200	0.345009	0.355464	0.327014	
0.168727	0.337825	0.360515	0.405864	0.347223	0.381100	0.375782	0.352099	0.332479	0.387435	0.374623	0.376070	0.327662	0.358624	0.356873	0.345145	0.345083	0.340542	0.339727	0.341342	0.107922	0.000000	0.225421	0.376842	0.386505	0.344168	0.353890	0.322931	0.326685	0.333201	0.348858	0.357162	0.327845	0.332745	0.330159	0.368793	0.360595	0.363164	0.344847	0.343469	0.353207	0.382227	0.369623	0.379886	0.371741	0.383059	0.379700	0.317081	0.339503	0.327148	0.354252	0.402159	0.354334	0.359146	0.335319	0.342450	0.376730	0.391184	0.383570	0.342444	0.355442	0.381080	0.374543	0.360144	0.328644	0.325759	0.375864	0.358528	0.347906	0.357764	0.350672	0.362928	0.352088	0.379601	0.336034	0.344611	0.368937	0.360844	0.406587	0.343625	0.363370	0.373864	0.361153	0.330350	0.408608	0.353390	0.329627	0.324548	0.370935	0.336064	0.368021	0.336990	0.337299	0.349620	0.318541	0.360762	0.342583	0.353604	0.340906	0.332943	0.379266	0.388708	0.375779	0.299204	0.333620	0.374717	0.366577	0.392024	0.400359	0.436360	0.342866	0.346640	0.346100	0.336235	0.363476	0.380475	0.346445	0.311202	0.354242	0.326600	
0.250021	0.355606	0.313363	0.381688	0.324911	0.360971	0.350708	0.336174	0.302724	0.352575	0.337896	0.358970	0.326400	0.334661	0.333550	0.335234	0.330541	0.336569	0.323488	0.328151	0.178517	0.225421	0.000000	0.338937	0.354032	0.316780	0.315531	0.304225	0.303212	0.317459	0.287832	0.310582	0.309093	0.316261	0.313462	0.334295	0.334071	0.349135	0.325413	0.339184	0.338951	0.337334	0.347118	0.370269	0.364324	0.352478	0.336325	0.355657	0.312443	0.367809	0.387858	0.388905	0.386913	0.334972	0.337474	0.359629	0.345223	0.346796	0.354770	0.339497	0.339806	0.360720	0.321519	0.343925	0.360312	0.356041	0.367753	0.333931	0.321548	0.329738	0.326269	0.353172	0.321878	0.338167	0.322200	0.377915	0.335054	0.345206	0.342797	0.382126	0.361750	0.361575	0.326798	0.344170	0.363674	0.343836	0.321324	0.287503	0.362572	0.342400	0.358818	0.341859	0.329950	0.331048	0.347414	0.341198	0.333919	0.336129	0.300989	0.320064	0.366612	0.332909	0.324449	0.293547	0.286984	0.327509	0.321340	0.385861	0.417307	0.378755	0.306296	0.342383	0.356920	0.334410	0.339673	0.319872	0.360286	0.362934	0.335685	0.315932	
0.342328	0.304107	0.265775	0.317251	0.296042	0.337793	0.320242	0.297686	0.259929	0.291262	0.287697	0.316767	0.338978	0.300294	0.297629	0.296367	0.321673	0.336500	0.342795	0.308660	0.359677	0.376842	0.338937	0.000000	0.099296	0.144740	0.322139	0.308852	0.317274	0.374215	0.281000	0.277246	0.314239	0.301012	0.315128	0.302366	0.335774	0.306623	0.307323	0.318494	0.304448	0.332795	0.326882	0.341380	0.334971	0.313823	0.306104	0.322469	0.270557	0.333381	0.343354	0.351872	0.366011	0.307424	0.301397	0.303455	0.307169	0.316425	0.312145	0.319063	0.317108	0.339968	0.273678	0.295604	0.340042	0.324090	0.296644	0.287086	0.294301	0.285028	0.289040	0.297569	0.284528	0.288666	0.274203	0.343575	0.324931	0.362990	0.321034	0.340863	0.323632	0.302834	0.274683	0.293313	0.352591	0.354947	0.358574	0.328519	0.339313	0.327354	0.339757	0.309336	0.298473	0.296227	0.355599	0.331683	0.295275	0.332254	0.289584	0.329380	0.326912	0.342366	0.345059	0.349372	0.334091	0.263537	0.263223	0.389520	0.394994	0.338174	0.271241	0.358770	0.349771	0.356041	0.307240	0.267201	0.313628	0.387528	0.300861	0.317051	
0.357059	0.349364	0.265227	0.320679	0.303094	0.348359	0.330765	0.297322	0.270679	0.310816	0.308680	0.329690	0.351476	0.307218	0.302046	0.300419	0.330913	0.343197	0.349481	0.315925	0.368370	0.386505	0.354032	0.099296	0.000000	0.229873	0.311373	0.306421	0.318540	0.374233	0.287023	0.280959	0.301667	0.299448	0.302925	0.306647	0.332055	0.309839	0.296663	0.306701	0.295046	0.335162	0.323831	0.336834	0.313941	0.322313	0.314129	0.314546	0.279126	0.327810	0.351902	0.353069	0.366147	0.307484	0.305797	0.282086	0.307022	0.314920	0.315185	0.298898	0.312894	0.320249	0.270756	0.299417	0.332402	0.319485	0.313768	0.300129	0.308472	0.299067	0.301962	0.311986	0.293648	0.299728	0.278200	0.336099	0.315844	0.360778	0.312987	0.341346	0.323101	0.313355	0.290828	0.290224	0.340581	0.360160	0.349326	0.317362	0.344296	0.331388	0.344088	0.303072	0.297448	0.304159	0.345526	0.343608	0.290476	0.340215	0.297658	0.316155	0.321333	0.332639	0.335171	0.347684	0.323663	0.275910	0.268103	0.388844	0.392500	0.347871	0.279344	0.366392	0.358110	0.363463	0.309658	0.269442	0.313368	0.383311	0.298405	0.307027	
0.308654	0.262686	0.191894	0.331051	0.214536	0.288005	0.291749	0.191294	0.176286	0.298165	0.249214	0.308267	0.313700	0.298082	0.257578	0.261052	0.278100	0.314177	0.317979	0.284818	0.340260	0.344168	0.316780	0.144740	0.229873	0.000000	0.304031	0.279181	0.297740	0.358298	0.254770	0.267859	0.287307	0.279956	0.291152	0.316435	0.321122	0.305159	0.276037	0.290382	0.284054	0.297711	0.291410	0.303703	0.315466	0.295389	0.277709	0.286613	0.233079	0.304015	0.323229	0.330279	0.334734	0.288620	0.269310	0.287981	0.285929	0.290816	0.287304	0.299554	0.294473	0.332082	0.251450	0.260929	0.301080	0.282178	0.265393	0.253273	0.261917	0.239651	0.257011	0.262429	0.263328	0.289342	0.256063	0.301670	0.288370	0.349709	0.307753	0.315449	0.312201	0.277002	0.238152	0.259069	0.363251	0.322341	0.327742	0.300608	0.305026	0.303536	0.303706	0.272860	0.268843	0.261674	0.316519	0.305698	0.266192	0.286579	0.260206	0.293989	0.312365	0.330243	0.317156	0.312658	0.307183	0.252574	0.249805	0.392741	0.413870	0.355249	0.237285	0.338018	0.330588	0.326298	0.298838	0.243182	0.299298	0.372427	0.268158	0.290222	
0.347414	0.341380	0.300134	0.365196	0.298832	0.331632	0.334652	0.314761	0.295079	0.343677	0.306044	0.345112	0.346599	0.342353	0.278333	0.310683	0.300555	0.333574	0.345742	0.309002	0.323915	0.353890	0.315531	0.322139	0.311373	0.304031	0.000000	0.202309	0.173187	0.324855	0.294063	0.302664	0.215122	0.244334	0.225715	0.344620	0.358087	0.330519	0.305863	0.314874	0.308204	0.354870	0.354184	0.323423	0.345347	0.313462	0.326699	0.343868	0.296348	0.360363	0.378770	0.350751	0.390856	0.314740	0.315782	0.312924	0.300080	0.302723	0.287669	0.343444	0.337646	0.355511	0.307423	0.325832	0.360708	0.346436	0.350779	0.317977	0.309974	0.308617	0.322852	0.347859	0.298595	0.323983	0.313394	0.355639	0.335292	0.380690	0.337211	0.391209	0.361367	0.357948	0.328339	0.329994	0.361323	0.342373	0.321308	0.301904	0.365417	0.355133	0.366380	0.331026	0.315222	0.319623	0.338148	0.323019	0.316224	0.288805	0.293310	0.315557	0.352815	0.362648	0.319479	0.301796	0.280486	0.310716	0.300050	0.404390	0.405382	0.358073	0.295253	0.377329	0.352737	0.364566	0.358106	0.308576	0.330342	0.396047	0.318807	0.316427	
0.294497	0.311829	0.265273	0.364134	0.302990	0.299841	0.287450	0.310443	0.255996	0.296647	0.262029	0.314536	0.300251	0.295485	0.250215	0.276141	0.285346	0.297178	0.301365	0.287406	0.325551	0.322931	0.304225	0.308852	0.306421	0.279181	0.202309	0.000000	0.206107	0.297474	0.254393	0.280090	0.147428	0.115676	0.154176	0.318074	0.305237	0.305703	0.269478	0.268486	0.271279	0.310032	0.309523	0.288387	0.356853	0.310577	0.297574	0.324737	0.259909	0.338951	0.348209	0.337370	0.368309	0.284686	0.274610	0.334163	0.289946	0.294948	0.281419	0.341693	0.318576	0.363626	0.264142	0.273940	0.328829	0.315623	0.309529	0.282664	0.282379	0.279648	0.272569	0.298321	0.279602	0.301988	0.274761	0.320895	0.308753	0.333192	0.336743	0.351792	0.376586	0.319731	0.287316	0.298551	0.358456	0.327567	0.334347	0.305003	0.329366	0.308225	0.329005	0.295646	0.289528	0.286895	0.292104	0.292581	0.287855	0.260437	0.263342	0.293815	0.336595	0.316852	0.334232	0.289296	0.288435	0.304525	0.288096	0.386265	0.392742	0.347765	0.252432	0.331804	0.322692	0.313595	0.343580	0.285740	0.325861	0.376686	0.281004	0.308727	
0.332619	0.351227	0.284668	0.350521	0.284617	0.317040	0.319690	0.311604	0.280501	0.347588	0.306510	0.342964	0.326533	0.323395	0.255644	0.306432	0.289128	0.316555	0.324826	0.310000	0.313038	0.326685	0.303212	0.317274	0.318540	0.297740	0.173187	0.206107	0.000000	0.316678	0.303440	0.315105	0.293145	0.171093	0.296858	0.331322	0.343085	0.325802	0.309019	0.309671	0.312918	0.350344	0.351252	0.331000	0.344553	0.299928	0.318788	0.341857	0.291420	0.351070	0.384640	0.361203	0.365459	0.313339	0.312205	0.330435	0.313130	0.325006	0.306469	0.346290	0.341121	0.366576	0.300773	0.310593	0.349850	0.346769	0.351261	0.317193	0.336119	0.311573	0.308680	0.330493	0.305730	0.316394	0.316702	0.350812	0.332486	0.375209	0.327819	0.365255	0.366760	0.344800	0.316506	0.327044	0.386461	0.360876	0.337494	0.292244	0.359651	0.346247	0.362292	0.318044	0.316798	0.307828	0.329228	0.307961	0.322606	0.285290	0.292235	0.313132	0.351619	0.333816	0.314349	0.278184	0.249272	0.310495	0.296483	0.414282	0.417261	0.374364	0.286842	0.375103	0.362422	0.363986	0.355469	0.311431	0.348538	0.393884	0.320907	0.319581	
0.316682	0.370841	0.361528	0.399411	0.365154	0.327205	0.330575	0.378902	0.343761	0.358450	0.339222	0.342929	0.308020	0.323330	0.354814	0.380783	0.387497	0.322432	0.312173	0.351159	0.328983	0.333201	0.317459	0.374215	0.374233	0.358298	0.324855	0.297474	0.316678	0.000000	0.310742	0.233223	0.326538	0.287746	0.328708	0.366439	0.364918	0.360455	0.360064	0.365080	0.366882	0.374126	0.367096	0.326555	0.413576	0.366163	0.368613	0.392783	0.348749	0.390305	0.436558	0.424306	0.422223	0.363738	0.373867	0.412316	0.369614	0.364980	0.345211	0.395191	0.375734	0.419218	0.353959	0.351693	0.406516	0.389839	0.385204	0.362195	0.348044	0.355142	0.356199	0.375367	0.341857	0.352940	0.348445	0.387417	0.352591	0.386847	0.398363	0.414246	0.444512	0.391267	0.380722	0.381466	0.414975	0.381321	0.382175	0.311707	0.382759	0.348273	0.383217	0.387296	0.368309	0.365819	0.349992	0.328133	0.377108	0.305505	0.363272	0.364301	0.368647	0.355258	0.353950	0.315418	0.316753	0.386081	0.364274	0.386821	0.383261	0.359388	0.341268	0.367734	0.368637	0.354556	0.415184	0.363363	0.409850	0.407166	0.356740	0.367719	
0.325802	0.321014	0.246369	0.340970	0.271494	0.322334	0.324036	0.273411	0.242637	0.309514	0.274712	0.299048	0.301378	0.286963	0.270449	0.283130	0.276467	0.310054	0.302025	0.278911	0.335275	0.348858	0.287832	0.281000	0.287023	0.254770	0.294063	0.254393	0.303440	0.310742	0.000000	0.111906	0.253063	0.274104	0.259401	0.297737	0.275359	0.288721	0.255592	0.261704	0.269822	0.291772	0.286772	0.317512	0.313717	0.287350	0.263542	0.284388	0.239275	0.300927	0.356212	0.333577	0.337292	0.275941	0.286095	0.303089	0.276997	0.280184	0.308630	0.294338	0.288677	0.319068	0.248174	0.267981	0.295643	0.279677	0.292112	0.265147	0.269872	0.260217	0.261966	0.282440	0.255124	0.278124	0.245172	0.301903	0.272933	0.316219	0.314021	0.330490	0.326973	0.303018	0.264411	0.277936	0.342157	0.308283	0.316476	0.276455	0.322914	0.302286	0.320760	0.278316	0.263629	0.265192	0.316715	0.287290	0.266751	0.297963	0.262814	0.275953	0.302911	0.307175	0.303354	0.302161	0.290396	0.284027	0.267158	0.374495	0.417712	0.351205	0.238390	0.344767	0.338837	0.325297	0.304455	0.257179	0.310464	0.354062	0.279895	0.276668	
0.329450	0.326089	0.262194	0.343993	0.275574	0.322093	0.329772	0.277986	0.259540	0.321321	0.288680	0.312765	0.314696	0.302102	0.284021	0.291287	0.302384	0.319404	0.317485	0.289914	0.356721	0.357162	0.310582	0.277246	0.280959	0.267859	0.302664	0.280090	0.315105	0.233223	0.111906	0.000000	0.274061	0.272269	0.280193	0.308558	0.289874	0.301830	0.276516	0.283824	0.281308	0.313336	0.307316	0.340662	0.316769	0.283512	0.283824	0.299491	0.257112	0.319139	0.366795	0.353518	0.363486	0.283757	0.294842	0.306437	0.308412	0.316688	0.308296	0.300742	0.309509	0.321705	0.262069	0.278695	0.315945	0.295830	0.298154	0.273635	0.274538	0.271422	0.276563	0.291697	0.263708	0.277493	0.262065	0.315966	0.273627	0.327419	0.323450	0.340892	0.333761	0.309030	0.278303	0.290113	0.343748	0.313729	0.323953	0.253675	0.333488	0.282441	0.331626	0.289938	0.281317	0.278271	0.339409	0.318529	0.289649	0.310499	0.280412	0.287684	0.322215	0.322849	0.316058	0.316932	0.305248	0.289192	0.273232	0.390357	0.420970	0.358950	0.259223	0.349940	0.339359	0.338829	0.324400	0.266900	0.312414	0.367345	0.288830	0.297872	
0.315575	0.345698	0.281612	0.362694	0.303157	0.331951	0.324384	0.310008	0.276980	0.331682	0.296004	0.329155	0.304754	0.298981	0.286577	0.287026	0.302048	0.303042	0.300485	0.313742	0.333663	0.327845	0.309093	0.314239	0.301667	0.287307	0.215122	0.147428	0.293145	0.326538	0.253063	0.274061	0.000000	0.211389	0.019417	0.313863	0.296346	0.305888	0.278635	0.287816	0.285412	0.307389	0.304082	0.331038	0.328368	0.322407	0.298818	0.319486	0.267486	0.328592	0.346743	0.349492	0.356292	0.300602	0.293874	0.311447	0.310248	0.311964	0.317853	0.322094	0.323982	0.335558	0.269282	0.281662	0.331216	0.313870	0.306533	0.286258	0.288737	0.286223	0.278765	0.294976	0.288478	0.301820	0.274675	0.297395	0.298437	0.320331	0.315858	0.345412	0.343475	0.319115	0.284499	0.294788	0.348035	0.331296	0.317493	0.312689	0.326878	0.308621	0.326303	0.302252	0.291028	0.296197	0.288868	0.297090	0.286495	0.287869	0.274987	0.290510	0.334574	0.312923	0.337535	0.301631	0.299204	0.301970	0.288665	0.393510	0.406928	0.375446	0.272964	0.334647	0.340840	0.314767	0.330326	0.284966	0.325234	0.375453	0.281880	0.298569	
0.314312	0.329699	0.255471	0.369387	0.305615	0.308689	0.290601	0.312963	0.256421	0.316357	0.277562	0.319528	0.303407	0.302338	0.239882	0.269956	0.276955	0.300100	0.303437	0.290043	0.335320	0.332745	0.316261	0.301012	0.299448	0.279956	0.244334	0.115676	0.171093	0.287746	0.274104	0.272269	0.211389	0.000000	0.214819	0.311906	0.313939	0.296862	0.272506	0.271707	0.284661	0.309246	0.308535	0.289524	0.339649	0.289724	0.291642	0.320112	0.248848	0.334813	0.346575	0.346124	0.368939	0.270065	0.281395	0.334616	0.300699	0.305317	0.284374	0.336962	0.319307	0.355584	0.257319	0.279881	0.326565	0.314853	0.313388	0.270723	0.286331	0.262499	0.264809	0.302789	0.286654	0.296851	0.284474	0.326976	0.293448	0.349836	0.326192	0.347863	0.369507	0.312030	0.289983	0.302366	0.375933	0.334245	0.342016	0.295865	0.332496	0.300850	0.331992	0.298391	0.298982	0.289873	0.306491	0.296356	0.301910	0.264576	0.276776	0.312999	0.332405	0.312948	0.340004	0.296306	0.274754	0.303972	0.282666	0.394306	0.392212	0.347284	0.257022	0.333832	0.323497	0.322090	0.334063	0.273078	0.325890	0.383700	0.283887	0.311428	
0.317754	0.348220	0.285969	0.358908	0.307704	0.332653	0.324171	0.317151	0.280301	0.324936	0.296650	0.331900	0.304704	0.301722	0.289322	0.288385	0.302918	0.302443	0.300139	0.315396	0.336296	0.330159	0.313462	0.315128	0.302925	0.291152	0.225715	0.154176	0.296858	0.328708	0.259401	0.280193	0.019417	0.214819	0.000000	0.310512	0.293335	0.305755	0.282606	0.292450	0.288928	0.309939	0.306128	0.333911	0.332309	0.326671	0.301937	0.324106	0.269679	0.331865	0.347490	0.351365	0.362167	0.306381	0.295998	0.313492	0.310914	0.312587	0.321240	0.325741	0.329129	0.338200	0.272843	0.284520	0.335700	0.317412	0.310780	0.288528	0.290908	0.290189	0.280647	0.297984	0.292670	0.298498	0.275142	0.297445	0.301811	0.320344	0.318749	0.350375	0.349701	0.323637	0.287334	0.295078	0.341645	0.332194	0.321930	0.315266	0.325794	0.310550	0.325320	0.306335	0.294520	0.297782	0.292250	0.300856	0.290672	0.288195	0.277549	0.292675	0.332753	0.313713	0.337301	0.306385	0.305482	0.306493	0.292136	0.388925	0.399083	0.368053	0.275878	0.337713	0.342803	0.314976	0.332262	0.287992	0.328136	0.372800	0.281935	0.301186	
0.348344	0.343456	0.299503	0.364608	0.351098	0.384682	0.364880	0.364956	0.306502	0.293117	0.308652	0.345854	0.328001	0.341078	0.314055	0.300704	0.325650	0.342050	0.335012	0.306609	0.358364	0.368793	0.334295	0.302366	0.306647	0.316435	0.344620	0.318074	0.331322	0.366439	0.297737	0.308558	0.313863	0.311906	0.310512	0.000000	0.162754	0.157545	0.308814	0.316416	0.324672	0.316573	0.303082	0.346284	0.354364	0.346736	0.333888	0.345695	0.315501	0.354744	0.352252	0.369429	0.390786	0.323038	0.312860	0.333027	0.321631	0.334264	0.330454	0.356103	0.354856	0.355446	0.301357	0.328257	0.348128	0.345642	0.360236	0.335994	0.310875	0.324509	0.326806	0.347702	0.280002	0.204533	0.304402	0.342716	0.339978	0.295435	0.365100	0.366743	0.360277	0.351196	0.318698	0.307216	0.335729	0.360357	0.353828	0.310873	0.329640	0.295663	0.323255	0.335282	0.313980	0.319144	0.364577	0.352191	0.322146	0.339932	0.307645	0.326407	0.323587	0.338605	0.352631	0.338671	0.330409	0.336894	0.322129	0.328017	0.338426	0.307443	0.299568	0.367000	0.364399	0.362841	0.270174	0.296051	0.321278	0.336721	0.327305	0.315105	
0.340335	0.340116	0.317741	0.320565	0.312260	0.349807	0.355872	0.320136	0.301291	0.299950	0.312301	0.337956	0.320225	0.340046	0.308129	0.326850	0.325597	0.329565	0.338864	0.293330	0.375974	0.360595	0.334071	0.335774	0.332055	0.321122	0.358087	0.305237	0.343085	0.364918	0.275359	0.289874	0.296346	0.313939	0.293335	0.162754	0.000000	0.285946	0.309889	0.317054	0.290123	0.329880	0.317477	0.356271	0.384615	0.344161	0.334334	0.340021	0.311753	0.351994	0.371089	0.349433	0.387676	0.335766	0.338616	0.362544	0.325444	0.329011	0.321560	0.375466	0.374344	0.394398	0.311135	0.306599	0.345652	0.333203	0.342131	0.331790	0.308044	0.321456	0.324990	0.335127	0.236135	0.180507	0.225535	0.291398	0.264524	0.165941	0.379034	0.376676	0.381060	0.345658	0.308528	0.310647	0.325116	0.351218	0.356145	0.298718	0.354218	0.330857	0.349984	0.335109	0.319036	0.312490	0.364127	0.342941	0.320389	0.338733	0.307841	0.326388	0.333800	0.304289	0.331290	0.344895	0.321223	0.340189	0.326408	0.338923	0.374049	0.314078	0.296309	0.371567	0.372879	0.358052	0.380699	0.315309	0.365159	0.365062	0.321346	0.345263	
