0.000000	0.313050	0.319403	0.337044	0.326607	0.337611	0.333333	0.335704	0.341778	0.334688	0.330013	0.311817	0.345815	0.322047	0.339595	0.332556	0.313295	0.344007	0.343567	0.357522	0.232590	0.239917	0.255847	0.311741	0.334380	0.311790	0.296279	0.330713	0.307597	0.337183	0.325696	0.330296	0.336417	0.351317	0.330399	0.336633	0.330459	0.296949	0.375873	0.347448	0.369194	0.348145	0.343351	0.340657	0.365897	0.351670	0.328721	0.386449	0.376179	0.361820	0.341446	0.332450	0.325741	0.343036	0.342909	0.352309	0.334215	0.340785	0.344458	0.342850	0.329653	0.354701	0.344084	0.331782	0.347116	0.331138	0.347573	0.356277	0.347766	0.352069	0.353033	0.341401	0.353103	0.339524	0.343863	0.348832	0.346122	0.319244	0.320912	0.363580	0.320575	0.350666	0.348103	0.343126	0.338561	0.343155	0.318705	0.301623	0.301242	0.337549	0.305052	0.349577	0.349439	0.345504	0.336642	0.360106	0.343299	0.319442	0.328308	0.284744	0.359334	0.323267	0.330871	0.299901	0.323209	0.321345	0.350073	0.338954	0.348459	0.367144	0.341340	0.359841	0.346422	0.346994	0.346852	0.339448	0.343380	0.330988	0.315154	0.302378	
0.313050	0.000000	0.287880	0.133707	0.063992	0.179796	0.198863	0.213632	0.170464	0.298952	0.305925	0.390945	0.344261	0.397700	0.346058	0.347175	0.359158	0.346956	0.336907	0.362974	0.307457	0.336111	0.356170	0.349022	0.330863	0.354345	0.348447	0.315309	0.306402	0.341655	0.341351	0.308587	0.322979	0.338994	0.328543	0.353847	0.335760	0.359668	0.365016	0.336093	0.349170	0.337697	0.319211	0.318209	0.338552	0.321481	0.334489	0.336565	0.318021	0.338394	0.316282	0.322619	0.313145	0.358361	0.357467	0.364109	0.332875	0.337205	0.338248	0.304490	0.314553	0.313123	0.328936	0.316303	0.352644	0.342751	0.314471	0.311782	0.357752	0.334617	0.337980	0.343536	0.366333	0.336501	0.347088	0.339211	0.335131	0.350778	0.399388	0.376311	0.409011	0.367881	0.347756	0.345399	0.371416	0.337400	0.373977	0.350072	0.354775	0.329255	0.354101	0.344889	0.333621	0.332681	0.334130	0.350619	0.331458	0.310244	0.309988	0.360956	0.365877	0.368072	0.351696	0.364428	0.389812	0.393993	0.406196	0.391783	0.333630	0.327151	0.334475	0.325748	0.339627	0.346049	0.342515	0.347906	0.353296	0.313343	0.313297	0.305696	
0.319403	0.287880	0.000000	0.304851	0.249771	0.320151	0.329854	0.293110	0.279833	0.327316	0.324967	0.340721	0.336637	0.337575	0.334154	0.315161	0.336714	0.324806	0.327252	0.337769	0.304535	0.336084	0.350986	0.328183	0.302594	0.313605	0.333829	0.304273	0.310303	0.327286	0.305554	0.334245	0.313059	0.317112	0.313616	0.329933	0.345793	0.317536	0.374199	0.326182	0.359612	0.321659	0.327510	0.313661	0.324149	0.348148	0.320010	0.359037	0.337665	0.341243	0.338034	0.309058	0.310687	0.362428	0.333477	0.374167	0.324927	0.329247	0.318214	0.339339	0.348016	0.340486	0.345403	0.343020	0.321486	0.315608	0.340714	0.347799	0.330874	0.338151	0.334541	0.302704	0.345480	0.321085	0.325499	0.323602	0.346248	0.326255	0.379410	0.359405	0.369561	0.327061	0.326925	0.321206	0.357465	0.348941	0.345699	0.319764	0.323932	0.343696	0.316421	0.339019	0.334141	0.336636	0.336961	0.332498	0.343989	0.332124	0.331516	0.313997	0.335319	0.329251	0.306326	0.313634	0.323531	0.377484	0.356991	0.369466	0.341921	0.342598	0.335221	0.351405	0.341972	0.349927	0.364131	0.368626	0.366524	0.329679	0.332941	0.335613	
0.337044	0.133707	0.304851	0.000000	0.099039	0.222050	0.218710	0.271851	0.209241	0.309846	0.317297	0.360017	0.313308	0.366846	0.328599	0.325562	0.347981	0.328790	0.310755	0.337173	0.322772	0.357641	0.343949	0.334017	0.332090	0.343099	0.327685	0.299791	0.286608	0.362711	0.327412	0.299971	0.309349	0.311352	0.313474	0.334623	0.316654	0.344608	0.355860	0.316475	0.337655	0.327979	0.305717	0.310992	0.337331	0.316229	0.335911	0.318292	0.312723	0.329344	0.298129	0.306207	0.290452	0.338509	0.339937	0.345296	0.306151	0.319627	0.315963	0.287889	0.296798	0.304537	0.314416	0.302065	0.344361	0.328341	0.295612	0.296275	0.338871	0.319773	0.321344	0.327800	0.351546	0.316949	0.329122	0.339081	0.344310	0.335439	0.393765	0.359108	0.392797	0.358016	0.334114	0.326340	0.352059	0.314491	0.351359	0.315402	0.327063	0.292126	0.320025	0.335165	0.340464	0.343233	0.321704	0.346463	0.314804	0.294716	0.289194	0.340663	0.336926	0.329759	0.336377	0.362026	0.373419	0.389272	0.408741	0.390596	0.319698	0.323280	0.327445	0.321879	0.323103	0.331147	0.351360	0.339508	0.347163	0.295586	0.287670	0.295801	
0.326607	0.063992	0.249771	0.099039	0.000000	0.182365	0.199127	0.206762	0.153497	0.290883	0.298867	0.385440	0.341046	0.392711	0.346613	0.344407	0.363739	0.347721	0.332216	0.360830	0.306573	0.350203	0.368412	0.345797	0.317016	0.339881	0.348642	0.318786	0.307068	0.357892	0.332662	0.314306	0.326891	0.328003	0.331585	0.355956	0.336828	0.358312	0.372569	0.330541	0.354969	0.336293	0.315784	0.316487	0.340855	0.323763	0.335522	0.334454	0.315235	0.337651	0.311527	0.315594	0.303527	0.355676	0.355635	0.367957	0.326400	0.332977	0.327951	0.301864	0.313774	0.315375	0.330205	0.317240	0.351931	0.337036	0.303975	0.304939	0.351425	0.327621	0.330649	0.336235	0.363129	0.335038	0.344935	0.359564	0.352625	0.346531	0.401256	0.372498	0.398917	0.362954	0.340168	0.340426	0.377070	0.342217	0.371657	0.345463	0.350706	0.326305	0.350562	0.342905	0.332612	0.333894	0.338671	0.354990	0.329801	0.307763	0.307332	0.354740	0.360713	0.355319	0.337466	0.358004	0.373488	0.397777	0.408561	0.393614	0.332075	0.318829	0.341316	0.332272	0.337353	0.345216	0.355540	0.352767	0.357167	0.307124	0.308590	0.299472	
0.337611	0.179796	0.320151	0.222050	0.182365	0.000000	0.043568	0.135232	0.175124	0.294002	0.299796	0.376582	0.348970	0.374177	0.307372	0.317269	0.343910	0.334632	0.338765	0.354729	0.317229	0.345114	0.363047	0.359137	0.329211	0.347012	0.362603	0.339156	0.327785	0.360051	0.345209	0.337331	0.339051	0.360942	0.340830	0.351561	0.334184	0.377164	0.382837	0.349857	0.375740	0.345250	0.324826	0.328663	0.344849	0.330236	0.346762	0.349819	0.321391	0.351122	0.326564	0.332807	0.322791	0.344731	0.330526	0.363531	0.314265	0.312420	0.314974	0.293006	0.320041	0.296984	0.331826	0.325312	0.358436	0.347935	0.325684	0.325621	0.363254	0.352491	0.353854	0.351469	0.370063	0.347006	0.352093	0.370491	0.357256	0.359149	0.399710	0.364576	0.388923	0.369579	0.360104	0.362304	0.364299	0.347244	0.357830	0.358189	0.363720	0.320293	0.366049	0.352767	0.361924	0.364262	0.348302	0.350534	0.342777	0.326628	0.321362	0.365309	0.347217	0.376891	0.350303	0.360898	0.381548	0.395779	0.410636	0.383896	0.344511	0.334985	0.342777	0.344288	0.330281	0.326213	0.356843	0.346540	0.364806	0.336885	0.324090	0.315635	
0.333333	0.198863	0.329854	0.218710	0.199127	0.043568	0.000000	0.157652	0.147250	0.313721	0.315858	0.366147	0.334301	0.363569	0.297409	0.307361	0.334496	0.325477	0.329439	0.347107	0.308467	0.332266	0.353769	0.344275	0.332901	0.356898	0.348826	0.336819	0.324811	0.357079	0.337406	0.326698	0.328304	0.350162	0.330283	0.341505	0.318384	0.367368	0.370454	0.344114	0.365187	0.342866	0.321885	0.326199	0.329787	0.314282	0.338499	0.343897	0.319204	0.341360	0.320060	0.323256	0.314223	0.333136	0.321226	0.353511	0.301132	0.304051	0.306962	0.277625	0.307467	0.286251	0.323425	0.314137	0.348700	0.335346	0.317292	0.319065	0.353111	0.342226	0.343576	0.338581	0.359696	0.335789	0.341772	0.364704	0.347228	0.342383	0.395649	0.363080	0.387177	0.362902	0.357216	0.359960	0.353476	0.339585	0.344673	0.349647	0.353253	0.313720	0.358178	0.352347	0.361585	0.364443	0.343302	0.351603	0.339155	0.315690	0.311435	0.354177	0.340436	0.372985	0.348623	0.358446	0.379782	0.383584	0.409751	0.383414	0.340840	0.334995	0.335252	0.334634	0.318929	0.312248	0.346257	0.326604	0.352049	0.330797	0.318698	0.313410	
0.335704	0.213632	0.293110	0.271851	0.206762	0.135232	0.157652	0.000000	0.148619	0.279452	0.273484	0.363768	0.333805	0.362347	0.299231	0.308978	0.341002	0.318032	0.322496	0.352018	0.308896	0.350812	0.368465	0.358469	0.310410	0.317481	0.361904	0.331647	0.325568	0.367911	0.343339	0.322069	0.332427	0.354468	0.335873	0.349953	0.325133	0.370584	0.379171	0.350043	0.364694	0.339745	0.319452	0.317407	0.340825	0.337892	0.343184	0.349721	0.315854	0.343943	0.313168	0.331301	0.320800	0.346566	0.315872	0.365759	0.312899	0.325138	0.318069	0.293061	0.316171	0.301029	0.339856	0.332632	0.353885	0.338070	0.314295	0.314942	0.349375	0.340086	0.340479	0.337852	0.372496	0.342031	0.353883	0.371496	0.354216	0.362514	0.403080	0.369020	0.394324	0.373320	0.346470	0.343641	0.354902	0.345074	0.356059	0.378673	0.380735	0.319357	0.367291	0.343542	0.354132	0.356581	0.330141	0.347373	0.328548	0.316608	0.317515	0.363535	0.344229	0.375768	0.344030	0.366849	0.380114	0.398942	0.407627	0.386524	0.351625	0.342974	0.337706	0.340421	0.322064	0.331079	0.355581	0.352506	0.356446	0.332648	0.319784	0.314360	
0.341778	0.170464	0.279833	0.209241	0.153497	0.175124	0.147250	0.148619	0.000000	0.315957	0.312558	0.368149	0.338220	0.375829	0.327635	0.329433	0.351909	0.326881	0.329448	0.347413	0.309901	0.345220	0.364714	0.341924	0.301749	0.333057	0.344744	0.322085	0.322914	0.350727	0.320360	0.307861	0.319316	0.319881	0.323189	0.343929	0.322593	0.364693	0.369418	0.340209	0.358373	0.337479	0.321118	0.318208	0.328625	0.311261	0.327787	0.329509	0.311667	0.330374	0.310254	0.324503	0.313820	0.356539	0.339974	0.375800	0.294569	0.305141	0.304624	0.292133	0.315568	0.297854	0.325111	0.320302	0.342517	0.326789	0.302674	0.303053	0.337605	0.325641	0.330612	0.327279	0.362481	0.331506	0.342531	0.349644	0.352052	0.340545	0.402303	0.367739	0.395547	0.354432	0.336528	0.334648	0.365646	0.334212	0.357822	0.342775	0.349145	0.330957	0.348027	0.346634	0.354363	0.357571	0.340466	0.348753	0.339752	0.299285	0.301252	0.337926	0.348410	0.360397	0.332145	0.352385	0.364277	0.393182	0.406288	0.391209	0.336386	0.334789	0.333389	0.336197	0.336880	0.340513	0.339456	0.339415	0.337182	0.321933	0.313584	0.310194	
0.334688	0.298952	0.327316	0.309846	0.290883	0.294002	0.313721	0.279452	0.315957	0.000000	0.042568	0.344758	0.336322	0.369367	0.331549	0.332189	0.344283	0.318338	0.322788	0.346460	0.344123	0.372564	0.367002	0.318034	0.305715	0.308284	0.332055	0.328757	0.323094	0.342740	0.323190	0.316568	0.341963	0.353055	0.342159	0.328132	0.363811	0.352554	0.392405	0.356915	0.368644	0.339199	0.340457	0.329858	0.354206	0.363583	0.332923	0.377013	0.369426	0.362959	0.332030	0.332016	0.328415	0.361940	0.337737	0.379994	0.335749	0.339067	0.334744	0.331916	0.353425	0.343770	0.373841	0.362731	0.346260	0.333196	0.341977	0.342245	0.332806	0.343475	0.340955	0.338883	0.376365	0.349425	0.348096	0.396502	0.357213	0.365369	0.419345	0.381507	0.390645	0.347048	0.332591	0.335624	0.355282	0.348497	0.352514	0.359643	0.365431	0.336701	0.350833	0.356109	0.363575	0.364866	0.318120	0.336909	0.320924	0.334866	0.333385	0.364538	0.347801	0.356186	0.325884	0.335713	0.343387	0.411559	0.371716	0.373856	0.333967	0.339342	0.348812	0.348652	0.344770	0.353733	0.348949	0.364706	0.348159	0.346186	0.338964	0.338354	
0.330013	0.305925	0.324967	0.317297	0.298867	0.299796	0.315858	0.273484	0.312558	0.042568	0.000000	0.349588	0.341554	0.374606	0.332663	0.333197	0.344999	0.317956	0.319116	0.344821	0.341220	0.369706	0.366041	0.316963	0.305530	0.303107	0.322229	0.325674	0.315104	0.342787	0.322605	0.311069	0.334688	0.351118	0.334228	0.331208	0.362013	0.351114	0.391286	0.356036	0.366118	0.337410	0.337301	0.333636	0.355548	0.363829	0.329467	0.379080	0.371031	0.364411	0.331415	0.332580	0.328816	0.356923	0.339260	0.374144	0.333066	0.341124	0.331967	0.328836	0.351949	0.344358	0.373851	0.363136	0.342992	0.332494	0.349246	0.350962	0.332304	0.352517	0.350485	0.346107	0.376754	0.347286	0.347628	0.398908	0.355096	0.361755	0.420156	0.387912	0.396451	0.348028	0.330884	0.336023	0.349622	0.342827	0.348070	0.365511	0.357279	0.339987	0.355391	0.353944	0.361539	0.363521	0.315193	0.344480	0.319734	0.329663	0.327922	0.361743	0.347779	0.357355	0.319751	0.336546	0.337529	0.414327	0.366541	0.369560	0.331236	0.338686	0.350367	0.341201	0.341429	0.351714	0.342121	0.361834	0.342486	0.340280	0.335011	0.334629	
0.311817	0.390945	0.340721	0.360017	0.385440	0.376582	0.366147	0.363768	0.368149	0.344758	0.349588	0.000000	0.116603	0.118200	0.297808	0.272127	0.310879	0.280161	0.244998	0.297667	0.294823	0.307171	0.283104	0.296754	0.284689	0.298261	0.314416	0.334394	0.328521	0.334365	0.310735	0.324338	0.345875	0.338797	0.341489	0.336954	0.341346	0.331331	0.384992	0.348119	0.351435	0.341004	0.334822	0.330520	0.374552	0.375099	0.355202	0.373451	0.378880	0.373769	0.330340	0.331444	0.322139	0.366088	0.295037	0.360240	0.316069	0.320068	0.325391	0.360645	0.347690	0.383527	0.377713	0.369172	0.340895	0.322579	0.367618	0.375176	0.340690	0.356902	0.357039	0.327222	0.362413	0.343327	0.353100	0.387994	0.348188	0.353814	0.355693	0.381809	0.338377	0.370323	0.353048	0.357055	0.324494	0.371854	0.326367	0.318114	0.323293	0.296917	0.303776	0.371997	0.380779	0.371243	0.330108	0.372291	0.332848	0.370753	0.356055	0.323636	0.285974	0.303718	0.336183	0.334437	0.343565	0.365680	0.376956	0.370534	0.382933	0.390751	0.351772	0.356634	0.347308	0.354380	0.364576	0.345597	0.354024	0.365001	0.356482	0.359406	
0.345815	0.344261	0.336637	0.313308	0.341046	0.348970	0.334301	0.333805	0.338220	0.336322	0.341554	0.116603	0.000000	0.193233	0.273652	0.248302	0.296455	0.247252	0.179314	0.306940	0.294042	0.330990	0.334503	0.310828	0.251067	0.315825	0.310802	0.280739	0.275324	0.331073	0.307620	0.318213	0.298296	0.300711	0.301492	0.303053	0.304337	0.325702	0.388599	0.316131	0.327940	0.303433	0.296800	0.293183	0.336406	0.332877	0.323209	0.332486	0.331148	0.354903	0.308130	0.293236	0.287390	0.360710	0.271218	0.373026	0.282613	0.291886	0.296687	0.326044	0.307815	0.351445	0.337171	0.329833	0.331570	0.313746	0.328416	0.332021	0.308725	0.318130	0.320948	0.316044	0.356048	0.301152	0.311819	0.377672	0.342507	0.346481	0.388449	0.356821	0.382011	0.374470	0.315694	0.313924	0.311751	0.316731	0.311253	0.355417	0.353367	0.287177	0.331730	0.337372	0.345765	0.340740	0.290529	0.330583	0.292582	0.334088	0.328314	0.357265	0.261713	0.338249	0.308891	0.358435	0.369001	0.388839	0.407346	0.397873	0.343941	0.355874	0.321621	0.323550	0.308713	0.338088	0.342535	0.318477	0.336516	0.312223	0.306760	0.338590	
0.322047	0.397700	0.337575	0.366846	0.392711	0.374177	0.363569	0.362347	0.375829	0.369367	0.374606	0.118200	0.193233	0.000000	0.300967	0.259806	0.331411	0.263306	0.263043	0.259648	0.328571	0.348111	0.322964	0.302361	0.318657	0.308149	0.321638	0.350970	0.357711	0.346203	0.324863	0.334095	0.352843	0.345849	0.347263	0.352236	0.350551	0.344099	0.386567	0.359923	0.370351	0.356768	0.342081	0.341416	0.388296	0.378584	0.359999	0.389798	0.379817	0.375786	0.348074	0.346107	0.338713	0.373557	0.283135	0.379763	0.337134	0.338865	0.343991	0.363158	0.358927	0.388678	0.384197	0.382949	0.360625	0.348709	0.376025	0.383565	0.355119	0.366923	0.373114	0.341747	0.370994	0.360192	0.368592	0.356947	0.355327	0.336537	0.350963	0.379664	0.334569	0.346762	0.362707	0.367481	0.334657	0.378037	0.337619	0.321680	0.320553	0.310414	0.308175	0.376554	0.383370	0.375630	0.357452	0.397663	0.354896	0.373757	0.362527	0.314684	0.305048	0.307299	0.352976	0.330852	0.341854	0.354377	0.366887	0.363741	0.380762	0.403089	0.342946	0.366622	0.359824	0.366854	0.362254	0.344570	0.346125	0.368084	0.367599	0.372422	
0.339595	0.346058	0.334154	0.328599	0.346613	0.307372	0.297409	0.299231	0.327635	0.331549	0.332663	0.297808	0.273652	0.300967	0.000000	0.131132	0.206534	0.196086	0.167045	0.230227	0.313917	0.338358	0.337093	0.302214	0.311428	0.303537	0.329885	0.317119	0.310413	0.331435	0.306488	0.325701	0.298197	0.311744	0.297919	0.318161	0.321196	0.323081	0.377819	0.331893	0.349125	0.324208	0.331119	0.326441	0.318767	0.341380	0.324964	0.332812	0.308304	0.332124	0.313838	0.290508	0.285144	0.353604	0.139364	0.373472	0.303567	0.312410	0.311340	0.339033	0.337140	0.353106	0.348515	0.347982	0.324853	0.297304	0.352522	0.355349	0.325618	0.341862	0.333574	0.309226	0.348648	0.310595	0.317830	0.364822	0.333322	0.328178	0.380762	0.358507	0.381400	0.361064	0.331645	0.334867	0.320510	0.314950	0.317947	0.348377	0.354088	0.319113	0.338243	0.339740	0.342918	0.345154	0.301207	0.320846	0.303684	0.332535	0.333047	0.329252	0.310026	0.362150	0.347129	0.369717	0.381542	0.391063	0.378789	0.363321	0.341147	0.338988	0.308785	0.310729	0.294917	0.303269	0.353218	0.335481	0.343021	0.328487	0.320886	0.331146	
0.332556	0.347175	0.315161	0.325562	0.344407	0.317269	0.307361	0.308978	0.329433	0.332189	0.333197	0.272127	0.248302	0.259806	0.131132	0.000000	0.203116	0.190431	0.178070	0.236581	0.299843	0.329367	0.330209	0.294086	0.287481	0.297053	0.310821	0.299523	0.304582	0.318817	0.293540	0.305750	0.294890	0.305903	0.293874	0.302823	0.311019	0.311688	0.372445	0.315313	0.336901	0.306744	0.307503	0.303310	0.314817	0.327524	0.309028	0.340921	0.319591	0.331148	0.309478	0.277548	0.277120	0.353469	0.109184	0.371313	0.277757	0.288538	0.284426	0.326576	0.317543	0.345388	0.337295	0.331954	0.318538	0.289736	0.336419	0.338220	0.301617	0.314042	0.320197	0.295620	0.335220	0.297401	0.303703	0.339485	0.322722	0.312462	0.372981	0.351958	0.365671	0.337528	0.308466	0.310252	0.316689	0.319423	0.317818	0.338717	0.342336	0.281456	0.307046	0.332631	0.337974	0.331119	0.300579	0.326892	0.302050	0.325332	0.324268	0.321497	0.288650	0.345476	0.319176	0.345651	0.353196	0.380712	0.377585	0.372847	0.326494	0.351329	0.296004	0.302041	0.295598	0.319461	0.341514	0.316042	0.336289	0.320684	0.319797	0.327108	
0.313295	0.359158	0.336714	0.347981	0.363739	0.343910	0.334496	0.341002	0.351909	0.344283	0.344999	0.310879	0.296455	0.331411	0.206534	0.203116	0.000000	0.288239	0.258808	0.325848	0.301455	0.333967	0.330312	0.305413	0.314827	0.309332	0.309378	0.298532	0.312059	0.334907	0.304876	0.325823	0.294035	0.304823	0.291239	0.302444	0.321376	0.327564	0.380087	0.330495	0.353214	0.306829	0.314038	0.318606	0.322875	0.336789	0.319023	0.345966	0.304254	0.322439	0.311705	0.278468	0.291153	0.354018	0.203703	0.370452	0.303724	0.315551	0.309168	0.343630	0.334792	0.350949	0.316348	0.311511	0.315477	0.298822	0.320442	0.312522	0.292645	0.297547	0.288963	0.285985	0.326496	0.302003	0.295608	0.367468	0.334789	0.341872	0.361731	0.337326	0.353421	0.361331	0.304483	0.315686	0.315799	0.331819	0.312924	0.334998	0.339886	0.298499	0.315675	0.305593	0.309064	0.309404	0.286098	0.292015	0.295570	0.334485	0.333671	0.323773	0.318677	0.363567	0.346273	0.354974	0.368027	0.359244	0.377808	0.368937	0.335592	0.351724	0.314855	0.324198	0.305207	0.323931	0.350966	0.331766	0.343287	0.334848	0.322630	0.322520	
0.344007	0.346956	0.324806	0.328790	0.347721	0.334632	0.325477	0.318032	0.326881	0.318338	0.317956	0.280161	0.247252	0.263306	0.196086	0.190431	0.288239	0.000000	0.166057	0.098293	0.326953	0.345585	0.350387	0.301794	0.288181	0.291431	0.317902	0.305345	0.300765	0.320908	0.290049	0.295906	0.298908	0.313655	0.299874	0.316148	0.319536	0.325338	0.370377	0.318527	0.323710	0.293956	0.298882	0.295357	0.322129	0.314613	0.303969	0.324262	0.311580	0.329089	0.307361	0.296372	0.290543	0.339798	0.178153	0.359491	0.283495	0.292371	0.297232	0.326989	0.312059	0.349344	0.337534	0.328079	0.326510	0.305201	0.337300	0.337859	0.310739	0.323061	0.329858	0.311265	0.357107	0.310455	0.318311	0.341110	0.336270	0.304472	0.381807	0.361789	0.376454	0.327341	0.316281	0.311835	0.333753	0.319943	0.333129	0.340969	0.341481	0.295568	0.317083	0.336538	0.344352	0.343691	0.298054	0.332701	0.304497	0.327924	0.327712	0.334278	0.304556	0.339652	0.324370	0.351897	0.360638	0.387644	0.361015	0.371071	0.334859	0.345463	0.323346	0.312874	0.301292	0.321115	0.331037	0.320422	0.322832	0.330606	0.328132	0.337963	
0.343567	0.336907	0.327252	0.310755	0.332216	0.338765	0.329439	0.322496	0.329448	0.322788	0.319116	0.244998	0.179314	0.263043	0.167045	0.178070	0.258808	0.166057	0.000000	0.201017	0.296092	0.333802	0.334087	0.303323	0.280918	0.307452	0.306658	0.294503	0.279989	0.323067	0.292160	0.300583	0.280161	0.285302	0.283103	0.299063	0.304160	0.318876	0.382096	0.305724	0.324146	0.296990	0.300739	0.293183	0.308436	0.326941	0.300941	0.317141	0.301781	0.327975	0.304426	0.272218	0.262744	0.355634	0.155941	0.375553	0.279419	0.292431	0.294914	0.313331	0.301140	0.340354	0.335701	0.326340	0.330190	0.298636	0.334736	0.333400	0.295287	0.310096	0.316413	0.309051	0.349353	0.288138	0.298857	0.356959	0.336267	0.323009	0.383753	0.344253	0.376610	0.352651	0.301583	0.307198	0.311288	0.304272	0.311449	0.342630	0.341477	0.281336	0.316044	0.325523	0.331575	0.329565	0.288048	0.322205	0.287884	0.317438	0.316500	0.327672	0.276941	0.342002	0.318222	0.353957	0.363795	0.389729	0.363623	0.364525	0.329058	0.330789	0.299136	0.289119	0.279730	0.305376	0.342966	0.331557	0.335485	0.314906	0.312718	0.322248	
0.357522	0.362974	0.337769	0.337173	0.360830	0.354729	0.347107	0.352018	0.347413	0.346460	0.344821	0.297667	0.306940	0.259648	0.230227	0.236581	0.325848	0.098293	0.201017	0.000000	0.335825	0.365518	0.338287	0.313587	0.306531	0.319280	0.335584	0.321447	0.317159	0.331936	0.298614	0.308139	0.308073	0.311786	0.309840	0.322660	0.326276	0.331901	0.371554	0.324170	0.326445	0.312455	0.318174	0.313702	0.342157	0.328046	0.318838	0.344407	0.336674	0.338420	0.337015	0.313000	0.307949	0.343360	0.208096	0.353597	0.302996	0.308752	0.314694	0.336079	0.331500	0.361763	0.355092	0.345219	0.334301	0.320926	0.356953	0.356478	0.327604	0.337106	0.344423	0.324279	0.362096	0.317633	0.322275	0.360026	0.348809	0.328803	0.390044	0.367138	0.387009	0.340812	0.328273	0.321320	0.347812	0.327826	0.340570	0.340254	0.341976	0.299780	0.324967	0.338559	0.347425	0.343522	0.334993	0.364301	0.344259	0.339766	0.332871	0.337969	0.309580	0.343927	0.327750	0.349894	0.363950	0.391613	0.377100	0.387405	0.344135	0.351134	0.325411	0.331324	0.316609	0.337442	0.363307	0.330170	0.344691	0.343576	0.334882	0.351668	
0.232590	0.307457	0.304535	0.322772	0.306573	0.317229	0.308467	0.308896	0.309901	0.344123	0.341220	0.294823	0.294042	0.328571	0.313917	0.299843	0.301455	0.326953	0.296092	0.335825	0.000000	0.181725	0.219084	0.305548	0.336628	0.304533	0.281742	0.302049	0.276829	0.330499	0.317015	0.321441	0.293749	0.310788	0.291571	0.319426	0.309167	0.297142	0.359329	0.318546	0.343995	0.321434	0.323685	0.317591	0.324746	0.312059	0.291333	0.331235	0.325655	0.330165	0.305849	0.288164	0.282247	0.342261	0.313427	0.364836	0.304909	0.309268	0.308628	0.318147	0.304391	0.341133	0.324541	0.328454	0.328555	0.312489	0.326003	0.329109	0.326546	0.331477	0.328616	0.317245	0.337709	0.312730	0.316948	0.360062	0.319564	0.320734	0.354433	0.349443	0.347642	0.373008	0.336281	0.339629	0.327001	0.329719	0.322324	0.322188	0.319183	0.325540	0.319614	0.337757	0.347199	0.343787	0.315068	0.337807	0.327944	0.301521	0.315707	0.311424	0.337019	0.350501	0.330013	0.351229	0.363844	0.349615	0.390149	0.367462	0.342112	0.374920	0.309558	0.324971	0.323903	0.335573	0.336382	0.322100	0.327404	0.325111	0.313344	0.299863	
0.239917	0.336111	0.336084	0.357641	0.350203	0.345114	0.332266	0.350812	0.345220	0.372564	0.369706	0.307171	0.330990	0.348111	0.338358	0.329367	0.333967	0.345585	0.333802	0.365518	0.181725	0.000000	0.100855	0.290813	0.361567	0.300672	0.308470	0.338349	0.315745	0.340304	0.336855	0.330940	0.334983	0.344927	0.329441	0.336333	0.331278	0.306861	0.364982	0.355866	0.357937	0.364316	0.363283	0.358860	0.360971	0.360781	0.334393	0.352062	0.362031	0.344065	0.332742	0.323576	0.319989	0.358176	0.335021	0.350084	0.322116	0.333595	0.332300	0.359913	0.335781	0.364887	0.364941	0.340888	0.341190	0.319534	0.349451	0.359293	0.349204	0.355784	0.350055	0.327023	0.347151	0.343073	0.349405	0.361295	0.332547	0.333568	0.329949	0.378815	0.326371	0.364286	0.359609	0.361764	0.344384	0.341396	0.336511	0.323080	0.319864	0.345379	0.320927	0.375941	0.375581	0.369844	0.356233	0.376099	0.364635	0.333471	0.334042	0.307120	0.379132	0.354499	0.362438	0.340707	0.359807	0.336482	0.367519	0.351030	0.356246	0.377342	0.350618	0.356901	0.355575	0.355834	0.360614	0.373680	0.372995	0.343757	0.330647	0.328934	
0.255847	0.356170	0.350986	0.343949	0.368412	0.363047	0.353769	0.368465	0.364714	0.367002	0.366041	0.283104	0.334503	0.322964	0.337093	0.330209	0.330312	0.350387	0.334087	0.338287	0.219084	0.100855	0.000000	0.288984	0.355405	0.304134	0.307003	0.328140	0.304856	0.345772	0.330168	0.323100	0.334537	0.327823	0.329228	0.332818	0.336560	0.312792	0.349460	0.346530	0.340127	0.361319	0.361067	0.358268	0.369446	0.369010	0.349187	0.364513	0.371630	0.345073	0.335651	0.333105	0.324206	0.362549	0.333710	0.338202	0.323465	0.338714	0.337089	0.352819	0.343608	0.366994	0.353244	0.334556	0.342474	0.315726	0.348148	0.359818	0.347901	0.356961	0.347737	0.325414	0.345607	0.341042	0.347391	0.363563	0.348098	0.350420	0.332087	0.367904	0.320010	0.361766	0.354385	0.362325	0.335342	0.343208	0.330008	0.311021	0.311545	0.331886	0.309522	0.365881	0.370299	0.365901	0.353217	0.374326	0.365984	0.335747	0.323663	0.297329	0.370900	0.332366	0.350825	0.334052	0.350608	0.336432	0.362297	0.343127	0.366490	0.375079	0.354907	0.353863	0.354251	0.348002	0.360210	0.384291	0.373182	0.347719	0.339462	0.337445	
0.311741	0.349022	0.328183	0.334017	0.345797	0.359137	0.344275	0.358469	0.341924	0.318034	0.316963	0.296754	0.310828	0.302361	0.302214	0.294086	0.305413	0.301794	0.303323	0.313587	0.305548	0.290813	0.288984	0.000000	0.233572	0.132636	0.327327	0.321461	0.332641	0.319849	0.290557	0.294084	0.315528	0.321270	0.311476	0.320764	0.341205	0.321951	0.363434	0.329613	0.351205	0.324054	0.325131	0.320823	0.345742	0.351958	0.319314	0.342919	0.324640	0.333445	0.321321	0.298655	0.289738	0.360797	0.294046	0.377351	0.299694	0.302553	0.300043	0.318599	0.321307	0.337625	0.348090	0.339318	0.312425	0.295529	0.347137	0.351222	0.310335	0.339361	0.329947	0.293546	0.347343	0.334475	0.330815	0.367612	0.336315	0.327687	0.352436	0.376010	0.346487	0.310010	0.317407	0.325225	0.316128	0.328082	0.310533	0.297631	0.296363	0.332981	0.307833	0.344985	0.346167	0.337229	0.307806	0.311695	0.311128	0.332087	0.322128	0.288369	0.356961	0.328676	0.351032	0.335841	0.342170	0.340318	0.338902	0.348036	0.343899	0.347627	0.324167	0.321827	0.310849	0.310943	0.349557	0.353771	0.345042	0.328600	0.318944	0.322803	
0.334380	0.330863	0.302594	0.332090	0.317016	0.329211	0.332901	0.310410	0.301749	0.305715	0.305530	0.284689	0.251067	0.318657	0.311428	0.287481	0.314827	0.288181	0.280918	0.306531	0.336628	0.361567	0.355405	0.233572	0.000000	0.240579	0.321500	0.291837	0.289590	0.330740	0.302928	0.326305	0.293223	0.291318	0.297700	0.296186	0.320000	0.324248	0.399114	0.315481	0.333231	0.292504	0.304163	0.291301	0.328075	0.333929	0.308971	0.335170	0.323655	0.346560	0.314847	0.294700	0.283965	0.364786	0.292004	0.382436	0.283463	0.287231	0.287941	0.337475	0.315367	0.346340	0.336220	0.327580	0.316634	0.302763	0.330696	0.329766	0.306347	0.311572	0.314743	0.315519	0.366533	0.314291	0.312297	0.373932	0.351960	0.343397	0.405068	0.355204	0.395234	0.350656	0.300847	0.315929	0.334717	0.321093	0.325132	0.355138	0.353833	0.307240	0.346831	0.319348	0.319523	0.318704	0.304373	0.315317	0.311385	0.332663	0.326245	0.337454	0.301332	0.325982	0.280707	0.325916	0.325530	0.388019	0.363104	0.385389	0.330334	0.326856	0.322986	0.314011	0.294880	0.329073	0.336215	0.332325	0.342705	0.322589	0.319691	0.330844	
0.311790	0.354345	0.313605	0.343099	0.339881	0.347012	0.356898	0.317481	0.333057	0.308284	0.303107	0.298261	0.315825	0.308149	0.303537	0.297053	0.309332	0.291431	0.307452	0.319280	0.304533	0.300672	0.304134	0.132636	0.240579	0.000000	0.320806	0.314062	0.324423	0.330120	0.299000	0.304191	0.319899	0.330784	0.315578	0.331155	0.348317	0.326611	0.369551	0.344438	0.362964	0.336324	0.336955	0.331407	0.345452	0.358557	0.325361	0.347579	0.329991	0.333208	0.319456	0.315627	0.304237	0.370320	0.301339	0.387020	0.319032	0.318923	0.319553	0.335139	0.333696	0.365225	0.357553	0.355501	0.320599	0.304400	0.346002	0.351540	0.320942	0.348673	0.341430	0.308390	0.362886	0.338942	0.347392	0.370675	0.346429	0.345376	0.366832	0.392064	0.358952	0.314582	0.324100	0.324762	0.319102	0.328677	0.310738	0.317344	0.315748	0.342230	0.319729	0.349100	0.347135	0.342438	0.303175	0.324028	0.308137	0.327694	0.319836	0.290090	0.356789	0.321997	0.327600	0.319094	0.317300	0.362575	0.354573	0.357434	0.348796	0.352530	0.331445	0.330187	0.322998	0.329830	0.342717	0.373812	0.336900	0.340597	0.318376	0.319220	
0.296279	0.348447	0.333829	0.327685	0.348642	0.362603	0.348826	0.361904	0.344744	0.332055	0.322229	0.314416	0.310802	0.321638	0.329885	0.310821	0.309378	0.317902	0.306658	0.335584	0.281742	0.308470	0.307003	0.327327	0.321500	0.320806	0.000000	0.201538	0.152075	0.340933	0.320272	0.319959	0.220457	0.298946	0.216113	0.299999	0.330771	0.327955	0.381872	0.330927	0.337561	0.309624	0.308246	0.301987	0.328240	0.325230	0.312159	0.355820	0.340944	0.345600	0.328584	0.302207	0.296453	0.364210	0.317004	0.368310	0.296024	0.305934	0.314458	0.326769	0.320235	0.345147	0.322842	0.312085	0.335485	0.316016	0.318593	0.322440	0.313911	0.321223	0.311278	0.317068	0.383021	0.291628	0.317450	0.340961	0.373934	0.315126	0.367785	0.349056	0.344649	0.360254	0.326969	0.331253	0.332299	0.319281	0.324225	0.307747	0.305255	0.334692	0.310991	0.326766	0.328876	0.326099	0.320673	0.348052	0.331004	0.307877	0.305828	0.304641	0.331587	0.340098	0.321790	0.341979	0.344764	0.368884	0.388562	0.379199	0.322790	0.342565	0.319976	0.330254	0.318133	0.332044	0.320218	0.335405	0.312503	0.312947	0.305685	0.319354	
0.330713	0.315309	0.304273	0.299791	0.318786	0.339156	0.336819	0.331647	0.322085	0.328757	0.325674	0.334394	0.280739	0.350970	0.317119	0.299523	0.298532	0.305345	0.294503	0.321447	0.302049	0.338349	0.328140	0.321461	0.291837	0.314062	0.201538	0.000000	0.104596	0.331563	0.313321	0.324653	0.200133	0.190589	0.207981	0.277838	0.322665	0.321535	0.367197	0.312208	0.319828	0.263628	0.274719	0.271981	0.311575	0.314099	0.297871	0.324246	0.310284	0.327947	0.323010	0.279086	0.279699	0.368422	0.304716	0.372756	0.281400	0.292837	0.293365	0.313857	0.317960	0.341936	0.307043	0.309306	0.308447	0.298055	0.315859	0.325642	0.295081	0.312744	0.302513	0.292915	0.353179	0.269902	0.288237	0.340307	0.358456	0.329229	0.392013	0.344426	0.386315	0.338088	0.289135	0.291199	0.324127	0.288678	0.319857	0.324614	0.322545	0.323567	0.324131	0.287834	0.291528	0.291476	0.286610	0.310445	0.296854	0.313321	0.300075	0.320213	0.318156	0.346429	0.303260	0.344936	0.352514	0.382155	0.402484	0.395141	0.326633	0.330136	0.315513	0.314183	0.304642	0.333230	0.329608	0.328814	0.320306	0.293581	0.288859	0.309722	
0.307597	0.306402	0.310303	0.286608	0.307068	0.327785	0.324811	0.325568	0.322914	0.323094	0.315104	0.328521	0.275324	0.357711	0.310413	0.304582	0.312059	0.300765	0.279989	0.317159	0.276829	0.315745	0.304856	0.332641	0.289590	0.324423	0.152075	0.104596	0.000000	0.342131	0.313612	0.316661	0.163843	0.214226	0.169428	0.297505	0.313841	0.318250	0.370457	0.309209	0.321333	0.281160	0.281866	0.272491	0.308674	0.313883	0.303123	0.325489	0.318374	0.326299	0.314337	0.275165	0.274956	0.357421	0.307139	0.363618	0.284323	0.294037	0.295259	0.306244	0.301582	0.328032	0.308755	0.298991	0.319341	0.300385	0.323135	0.325163	0.313385	0.319229	0.309798	0.301727	0.375810	0.289609	0.306276	0.356301	0.365565	0.324296	0.387582	0.345702	0.369510	0.350896	0.305458	0.298180	0.322543	0.288016	0.315700	0.324214	0.321374	0.316797	0.321696	0.305283	0.307382	0.309187	0.294297	0.315755	0.304179	0.308914	0.298266	0.323313	0.304436	0.347865	0.289309	0.347605	0.353892	0.381441	0.398727	0.390110	0.324691	0.326836	0.309445	0.306270	0.300205	0.328814	0.321341	0.329327	0.312053	0.286437	0.278862	0.299270	
0.337183	0.341655	0.327286	0.362711	0.357892	0.360051	0.357079	0.367911	0.350727	0.342740	0.342787	0.334365	0.331073	0.346203	0.331435	0.318817	0.334907	0.320908	0.323067	0.331936	0.330499	0.340304	0.345772	0.319849	0.330740	0.330120	0.340933	0.331563	0.342131	0.000000	0.108608	0.169071	0.324928	0.329383	0.326079	0.352670	0.356069	0.347430	0.364560	0.338899	0.325385	0.340296	0.344904	0.337044	0.347593	0.341249	0.330678	0.349900	0.345531	0.359188	0.364271	0.335295	0.329651	0.368653	0.333966	0.373859	0.338626	0.339455	0.341201	0.356377	0.349503	0.357816	0.363565	0.366247	0.332709	0.338023	0.375880	0.377227	0.334750	0.352155	0.358139	0.333521	0.388742	0.339648	0.346167	0.351479	0.343859	0.330299	0.393538	0.387393	0.390034	0.366699	0.345615	0.347046	0.361845	0.352002	0.365551	0.348152	0.351107	0.355835	0.342674	0.377267	0.373576	0.378265	0.347723	0.344267	0.355293	0.357105	0.356620	0.329774	0.340504	0.362059	0.354455	0.360025	0.370946	0.393297	0.370718	0.395975	0.344093	0.374854	0.336299	0.341640	0.342726	0.355565	0.362194	0.356307	0.370774	0.342272	0.336401	0.342267	
0.325696	0.341351	0.305554	0.327412	0.332662	0.345209	0.337406	0.343339	0.320360	0.323190	0.322605	0.310735	0.307620	0.324863	0.306488	0.293540	0.304876	0.290049	0.292160	0.298614	0.317015	0.336855	0.330168	0.290557	0.302928	0.299000	0.320272	0.313321	0.313612	0.108608	0.000000	0.118797	0.296152	0.305853	0.295932	0.326895	0.345605	0.330633	0.362575	0.313358	0.319376	0.302897	0.305274	0.299838	0.328645	0.329787	0.313355	0.337749	0.320291	0.334500	0.329533	0.304479	0.292564	0.344584	0.299242	0.364036	0.305932	0.316335	0.311957	0.327833	0.328148	0.325450	0.336554	0.346637	0.313118	0.305721	0.340297	0.343599	0.293867	0.323570	0.328787	0.298793	0.365163	0.317660	0.316588	0.353413	0.353993	0.317734	0.377324	0.365375	0.366753	0.329671	0.304994	0.309602	0.351466	0.331735	0.335448	0.321256	0.322963	0.326017	0.312844	0.342666	0.343846	0.344831	0.326211	0.323853	0.333983	0.334580	0.329009	0.302668	0.308844	0.334524	0.328377	0.336157	0.342893	0.378913	0.362117	0.384312	0.333304	0.346913	0.321911	0.330031	0.312706	0.323643	0.356533	0.348467	0.347575	0.324830	0.314753	0.327019	
0.330296	0.308587	0.334245	0.299971	0.314306	0.337331	0.326698	0.322069	0.307861	0.316568	0.311069	0.324338	0.318213	0.334095	0.325701	0.305750	0.325823	0.295906	0.300583	0.308139	0.321441	0.330940	0.323100	0.294084	0.326305	0.304191	0.319959	0.324653	0.316661	0.169071	0.118797	0.000000	0.315998	0.321713	0.315497	0.334025	0.338264	0.341625	0.354247	0.333898	0.320545	0.329144	0.319768	0.326771	0.356619	0.345123	0.330149	0.358108	0.350198	0.335920	0.331036	0.322125	0.309588	0.334901	0.309758	0.330528	0.319489	0.331258	0.323510	0.301575	0.326920	0.318232	0.342845	0.331531	0.336143	0.316536	0.341185	0.341380	0.309230	0.328261	0.338690	0.311228	0.365622	0.342464	0.342783	0.341165	0.333047	0.322380	0.364533	0.379441	0.364549	0.325552	0.319670	0.323774	0.343449	0.344535	0.352979	0.332089	0.335387	0.321698	0.322542	0.356512	0.358912	0.357944	0.349200	0.368103	0.348899	0.319138	0.316503	0.315592	0.360284	0.345677	0.349383	0.351950	0.360906	0.375081	0.362541	0.368116	0.340426	0.360689	0.333499	0.328266	0.326801	0.334626	0.339266	0.350468	0.345528	0.321591	0.312434	0.316727	
0.336417	0.322979	0.313059	0.309349	0.326891	0.339051	0.328304	0.332427	0.319316	0.341963	0.334688	0.345875	0.298296	0.352843	0.298197	0.294890	0.294035	0.298908	0.280161	0.308073	0.293749	0.334983	0.334537	0.315528	0.293223	0.319899	0.220457	0.200133	0.163843	0.324928	0.296152	0.315998	0.000000	0.150246	0.013592	0.296428	0.310679	0.315422	0.370185	0.294209	0.314892	0.289326	0.299420	0.284611	0.295936	0.307144	0.302590	0.318732	0.308506	0.314783	0.316612	0.269805	0.266397	0.361802	0.305434	0.373882	0.272503	0.283880	0.291671	0.313066	0.309218	0.317186	0.315757	0.317437	0.306653	0.296921	0.321941	0.324661	0.304567	0.311382	0.303348	0.297858	0.365767	0.280279	0.295407	0.350344	0.356284	0.332443	0.380598	0.336620	0.381515	0.354103	0.309110	0.312085	0.332377	0.297139	0.324900	0.325181	0.322820	0.320102	0.320410	0.310282	0.309644	0.306972	0.289837	0.307273	0.300903	0.295263	0.293405	0.312994	0.298899	0.358674	0.308186	0.342813	0.356516	0.393068	0.401208	0.397348	0.302175	0.323789	0.286072	0.291026	0.278799	0.310084	0.327022	0.333998	0.319169	0.306313	0.287945	0.298444	
0.351317	0.338994	0.317112	0.311352	0.328003	0.360942	0.350162	0.354468	0.319881	0.353055	0.351118	0.338797	0.300711	0.345849	0.311744	0.305903	0.304823	0.313655	0.285302	0.311786	0.310788	0.344927	0.327823	0.321270	0.291318	0.330784	0.298946	0.190589	0.214226	0.329383	0.305853	0.321713	0.150246	0.000000	0.157227	0.299455	0.306669	0.315303	0.348706	0.299654	0.297802	0.302430	0.311819	0.304228	0.315397	0.312562	0.304995	0.309382	0.312370	0.317035	0.323220	0.281052	0.266579	0.363793	0.311259	0.366441	0.290168	0.297398	0.296569	0.308246	0.306431	0.327759	0.322907	0.320006	0.311253	0.310293	0.325076	0.326955	0.315110	0.319721	0.313567	0.299669	0.361765	0.281271	0.296893	0.346596	0.359540	0.335027	0.388774	0.352078	0.392410	0.357269	0.314122	0.314272	0.347583	0.315264	0.334395	0.331760	0.324093	0.320940	0.322909	0.318388	0.317827	0.321772	0.281430	0.300369	0.290136	0.310575	0.314220	0.325783	0.308126	0.349175	0.314163	0.352958	0.361346	0.388106	0.406961	0.402850	0.319086	0.343373	0.304453	0.317922	0.305228	0.333673	0.329759	0.335481	0.316328	0.308216	0.303149	0.309429	
0.330399	0.328543	0.313616	0.313474	0.331585	0.340830	0.330283	0.335873	0.323189	0.342159	0.334228	0.341489	0.301492	0.347263	0.297919	0.293874	0.291239	0.299874	0.283103	0.309840	0.291571	0.329441	0.329228	0.311476	0.297700	0.315578	0.216113	0.207981	0.169428	0.326079	0.295932	0.315497	0.013592	0.157227	0.000000	0.297556	0.312051	0.311252	0.368255	0.297685	0.319120	0.292294	0.300393	0.285595	0.299230	0.309141	0.302485	0.322178	0.312514	0.315529	0.316410	0.273733	0.269320	0.358637	0.304800	0.371278	0.273888	0.285707	0.294144	0.314081	0.311208	0.317232	0.316809	0.319110	0.305994	0.296305	0.323641	0.328036	0.304644	0.315105	0.305439	0.300119	0.362378	0.281962	0.298034	0.344020	0.353841	0.328948	0.369017	0.335402	0.370499	0.348676	0.310515	0.312863	0.332507	0.300483	0.324660	0.320100	0.318598	0.320379	0.316424	0.312101	0.312110	0.308571	0.293179	0.311164	0.303075	0.295652	0.295035	0.306648	0.300331	0.354549	0.310618	0.337416	0.352122	0.384217	0.393483	0.390574	0.303862	0.327265	0.288243	0.294821	0.282453	0.311367	0.326078	0.331941	0.317619	0.307517	0.291233	0.298546	
0.336633	0.353847	0.329933	0.334623	0.355956	0.351561	0.341505	0.349953	0.343929	0.328132	0.331208	0.336954	0.303053	0.352236	0.318161	0.302823	0.302444	0.316148	0.299063	0.322660	0.319426	0.336333	0.332818	0.320764	0.296186	0.331155	0.299999	0.277838	0.297505	0.352670	0.326895	0.334025	0.296428	0.299455	0.297556	0.000000	0.186211	0.156680	0.350689	0.304260	0.313917	0.305292	0.311799	0.310462	0.328296	0.311448	0.276850	0.341509	0.333882	0.343434	0.321713	0.270391	0.259287	0.354741	0.307885	0.371212	0.283996	0.286902	0.286350	0.272273	0.305874	0.277621	0.335079	0.327842	0.315724	0.301389	0.330737	0.334251	0.305817	0.314555	0.306886	0.300846	0.288387	0.216555	0.252921	0.308105	0.313590	0.330881	0.395535	0.354747	0.378450	0.350091	0.308881	0.317740	0.338207	0.312867	0.330893	0.331233	0.322644	0.308239	0.328568	0.317820	0.318042	0.315990	0.297082	0.312257	0.308558	0.311639	0.305049	0.314579	0.323727	0.336044	0.316925	0.337833	0.348014	0.365600	0.392172	0.395133	0.339607	0.342203	0.321477	0.322018	0.305807	0.327210	0.338912	0.295411	0.301523	0.329079	0.315588	0.312250	
0.330459	0.335760	0.345793	0.316654	0.336828	0.334184	0.318384	0.325133	0.322593	0.363811	0.362013	0.341346	0.304337	0.350551	0.321196	0.311019	0.321376	0.319536	0.304160	0.326276	0.309167	0.331278	0.336560	0.341205	0.320000	0.348317	0.330771	0.322665	0.313841	0.356069	0.345605	0.338264	0.310679	0.306669	0.312051	0.186211	0.000000	0.170200	0.339695	0.305470	0.323701	0.335653	0.324549	0.317309	0.335439	0.278036	0.306465	0.334074	0.340268	0.347259	0.320517	0.310512	0.296994	0.322645	0.325973	0.350914	0.296053	0.308467	0.303265	0.261901	0.273443	0.274470	0.336074	0.318625	0.330440	0.316701	0.334946	0.340678	0.347199	0.339451	0.332094	0.327199	0.267246	0.271039	0.281480	0.320350	0.277608	0.315163	0.397579	0.365378	0.384258	0.372247	0.350959	0.350749	0.341117	0.327106	0.329941	0.333408	0.325037	0.295824	0.336166	0.347400	0.344469	0.343709	0.312155	0.338002	0.327369	0.297102	0.308980	0.330981	0.339785	0.358339	0.328919	0.353148	0.359974	0.382365	0.412580	0.397330	0.329729	0.335158	0.316378	0.331104	0.320099	0.336963	0.346337	0.262712	0.329292	0.314848	0.305713	0.284980	
