0.000000	0.190612	0.311365	0.240488	0.302596	0.228285	0.312050	0.349572	0.294793	0.249879	0.333565	0.309048	0.372658	0.369791	0.328945	0.309750	0.292473	0.371598	0.313568	0.294605	0.263224	0.275721	0.259611	0.295968	0.314899	0.339775	0.377226	0.323726	0.361307	0.377225	0.392128	0.373834	0.367369	0.328924	0.360492	0.336225	0.329143	0.314411	0.335425	0.339077	0.352237	0.318365	0.317466	0.327412	0.355893	0.332128	0.365373	0.345844	0.345770	0.339756	0.387076	0.334126	0.383485	0.367665	0.319554	0.358839	0.298987	0.294066	0.308201	0.360355	0.344702	0.368190	0.295049	0.306236	0.342247	0.326640	0.356962	0.344759	0.357084	0.334190	0.342443	0.338562	0.310931	0.326803	0.350279	0.299894	0.334173	0.307095	0.352200	0.341454	0.344566	0.334898	0.336284	0.353287	0.341274	0.340830	0.331583	0.321459	0.406396	0.335304	0.381711	0.340738	0.361606	0.357198	0.350734	0.335537	0.353152	0.398578	0.380558	0.323858	0.363985	0.335335	0.352767	0.388270	0.354176	0.317085	0.310149	0.344473	0.320956	0.324952	0.327806	0.340792	0.332397	0.323608	0.354766	0.339149	0.345161	0.395600	0.320875	0.351920	
0.190612	0.000000	0.317755	0.309031	0.254753	0.270817	0.333692	0.313062	0.259643	0.260929	0.353373	0.277205	0.364015	0.363638	0.319727	0.310961	0.320443	0.366370	0.319884	0.328867	0.246718	0.286472	0.302651	0.251923	0.252841	0.297774	0.357470	0.306095	0.343097	0.364889	0.371872	0.359614	0.345162	0.302803	0.337764	0.313782	0.304384	0.326808	0.325650	0.320987	0.331335	0.283624	0.279123	0.283210	0.314713	0.298168	0.327889	0.331488	0.329840	0.310537	0.387790	0.322207	0.361562	0.339198	0.322019	0.348936	0.303258	0.297030	0.306081	0.335633	0.309931	0.338722	0.275318	0.292064	0.323274	0.313071	0.334858	0.311957	0.335546	0.318087	0.303857	0.300562	0.308405	0.305905	0.305258	0.292834	0.302107	0.301706	0.332175	0.319504	0.323591	0.325211	0.326362	0.341279	0.299562	0.305968	0.297179	0.307864	0.395683	0.312373	0.366232	0.303169	0.309433	0.334449	0.305536	0.262493	0.289446	0.377028	0.376840	0.299275	0.347665	0.318686	0.335851	0.369228	0.335137	0.289980	0.290721	0.318954	0.289635	0.284836	0.292880	0.319481	0.290472	0.303723	0.336108	0.305837	0.356866	0.361483	0.298381	0.322292	
0.311365	0.317755	0.000000	0.151080	0.190010	0.276188	0.321887	0.366966	0.289193	0.299398	0.370316	0.235871	0.353390	0.356244	0.269716	0.250728	0.296611	0.350898	0.251672	0.253614	0.324091	0.302983	0.309162	0.210026	0.219848	0.235210	0.344821	0.291246	0.328306	0.381464	0.382283	0.388362	0.339712	0.285790	0.333121	0.303460	0.306126	0.302727	0.308730	0.303375	0.327994	0.274905	0.280451	0.262993	0.311842	0.289703	0.324553	0.378144	0.378187	0.359796	0.360458	0.297623	0.357776	0.336675	0.261473	0.341356	0.286990	0.291712	0.281357	0.322715	0.314370	0.327001	0.276319	0.270985	0.325463	0.310460	0.343973	0.336094	0.346664	0.339115	0.315958	0.309632	0.277456	0.299973	0.297103	0.280231	0.313919	0.284090	0.329778	0.338367	0.313307	0.354686	0.359206	0.370876	0.311816	0.292269	0.320636	0.327815	0.375785	0.329425	0.345489	0.341813	0.349145	0.334548	0.339129	0.325962	0.335903	0.378259	0.368245	0.280171	0.326726	0.309085	0.311491	0.331041	0.309585	0.289177	0.281575	0.298990	0.287256	0.295642	0.288172	0.322960	0.300103	0.312229	0.332644	0.324154	0.340540	0.344431	0.293394	0.307109	
0.240488	0.309031	0.151080	0.000000	0.221042	0.207331	0.254196	0.357304	0.279010	0.212809	0.290480	0.230401	0.337667	0.340554	0.270173	0.250069	0.296879	0.333378	0.236351	0.225231	0.315327	0.282657	0.299081	0.191810	0.224390	0.272565	0.358366	0.285229	0.335243	0.384288	0.379284	0.385562	0.339932	0.287739	0.334417	0.302155	0.301794	0.288525	0.296508	0.292619	0.329563	0.291899	0.300215	0.275586	0.343362	0.282100	0.356218	0.353555	0.352725	0.350983	0.357120	0.299850	0.340753	0.348359	0.265060	0.334988	0.281741	0.283145	0.284024	0.332941	0.319378	0.339809	0.272389	0.281272	0.306498	0.287668	0.351372	0.341760	0.351871	0.314345	0.325021	0.317715	0.280038	0.319878	0.321972	0.295840	0.320817	0.301455	0.338425	0.350614	0.324242	0.340727	0.346616	0.349367	0.337150	0.315485	0.332302	0.340470	0.383965	0.352118	0.356396	0.339855	0.353980	0.340844	0.337964	0.321781	0.340699	0.384954	0.372804	0.293671	0.320568	0.310176	0.313113	0.355233	0.311744	0.287262	0.290595	0.323008	0.296710	0.307974	0.309987	0.329309	0.297702	0.302862	0.336731	0.328041	0.335454	0.362585	0.318908	0.327536	
0.302596	0.254753	0.190010	0.221042	0.000000	0.283415	0.349722	0.359241	0.272390	0.208327	0.304440	0.235776	0.342974	0.337880	0.281895	0.260112	0.285334	0.337060	0.278159	0.276771	0.285983	0.294108	0.269696	0.203697	0.208826	0.264161	0.341028	0.261231	0.312355	0.342845	0.343937	0.345012	0.320149	0.261907	0.312957	0.270969	0.262458	0.271687	0.281330	0.283043	0.293658	0.252212	0.253618	0.229795	0.289128	0.259015	0.305996	0.336888	0.332837	0.318134	0.359222	0.280313	0.326089	0.293740	0.268430	0.303254	0.255817	0.256989	0.260521	0.293504	0.272502	0.300055	0.234192	0.245018	0.287045	0.269430	0.317655	0.301847	0.319108	0.297796	0.269282	0.264002	0.270226	0.274736	0.272017	0.261437	0.279898	0.271905	0.303940	0.312674	0.284086	0.333195	0.332205	0.336115	0.284391	0.259921	0.304580	0.320185	0.386699	0.312312	0.329277	0.268923	0.276073	0.290806	0.274848	0.237085	0.259209	0.362989	0.357931	0.249208	0.316914	0.264971	0.282537	0.320802	0.290413	0.257449	0.264182	0.273805	0.252945	0.253222	0.261592	0.296588	0.258648	0.271439	0.297059	0.281065	0.312543	0.355623	0.267160	0.303148	
0.228285	0.270817	0.276188	0.207331	0.283415	0.000000	0.216542	0.288801	0.120981	0.228651	0.317010	0.285430	0.369520	0.373316	0.311844	0.303060	0.293702	0.372475	0.295293	0.286230	0.323244	0.294426	0.310474	0.274154	0.290901	0.304845	0.385253	0.314316	0.354469	0.372506	0.384033	0.364784	0.358421	0.299574	0.350148	0.295522	0.290882	0.275786	0.313615	0.318609	0.332392	0.299457	0.295855	0.296940	0.337524	0.294844	0.367072	0.347403	0.343347	0.344118	0.375147	0.318155	0.356443	0.354917	0.304191	0.327495	0.280571	0.277536	0.288435	0.349297	0.334458	0.350108	0.281149	0.293010	0.324158	0.310785	0.342498	0.323263	0.345395	0.301090	0.320890	0.314834	0.275170	0.290264	0.310439	0.293618	0.339541	0.302675	0.327945	0.332264	0.325457	0.338858	0.338320	0.347381	0.320889	0.309020	0.312949	0.318188	0.396607	0.330862	0.367634	0.335809	0.343389	0.339150	0.328029	0.315360	0.318561	0.400121	0.401314	0.307738	0.354381	0.319727	0.351216	0.357187	0.349077	0.303014	0.299901	0.331861	0.310337	0.309795	0.322051	0.322101	0.296001	0.294662	0.329805	0.318330	0.320326	0.390674	0.312361	0.332397	
0.312050	0.333692	0.321887	0.254196	0.349722	0.216542	0.000000	0.176918	0.264431	0.262303	0.144187	0.330732	0.264646	0.265226	0.367027	0.352065	0.340103	0.261534	0.323162	0.330061	0.402488	0.363939	0.369181	0.315312	0.319531	0.361395	0.326801	0.342814	0.298259	0.315283	0.292797	0.296948	0.304020	0.341565	0.306030	0.363599	0.375413	0.369208	0.378872	0.376872	0.342302	0.361477	0.349535	0.343582	0.404368	0.373138	0.415096	0.418645	0.416562	0.414403	0.310173	0.380666	0.295267	0.374189	0.349349	0.348133	0.361122	0.351467	0.359870	0.363899	0.341933	0.367418	0.345451	0.352584	0.391753	0.380271	0.397301	0.384613	0.399471	0.406569	0.383621	0.379907	0.356265	0.364300	0.374495	0.355045	0.348159	0.347401	0.360090	0.394653	0.350308	0.410614	0.413023	0.417560	0.384081	0.382197	0.382821	0.397215	0.302988	0.380296	0.300970	0.326282	0.340836	0.338826	0.332457	0.284594	0.317635	0.310467	0.318767	0.369173	0.327193	0.363647	0.322724	0.333021	0.321480	0.355994	0.366850	0.387104	0.382776	0.370802	0.373526	0.383249	0.370093	0.362140	0.340669	0.343639	0.345312	0.365686	0.387159	0.402623	
0.349572	0.313062	0.366966	0.357304	0.359241	0.288801	0.176918	0.000000	0.173808	0.327713	0.208090	0.352436	0.293146	0.290502	0.392235	0.372026	0.374477	0.291614	0.339686	0.354292	0.417987	0.403982	0.398172	0.349910	0.339199	0.361362	0.329491	0.360038	0.303618	0.325957	0.313319	0.330675	0.306855	0.351452	0.309881	0.392028	0.377856	0.395172	0.401220	0.406371	0.355430	0.365118	0.350409	0.351637	0.403699	0.375669	0.421176	0.403786	0.400430	0.398584	0.293473	0.396735	0.290285	0.369367	0.374527	0.357145	0.377072	0.367461	0.373780	0.363358	0.349510	0.365679	0.360388	0.374260	0.392951	0.395336	0.394445	0.394287	0.393588	0.397471	0.395949	0.401663	0.390654	0.401898	0.398723	0.382048	0.351340	0.373321	0.377993	0.400667	0.359819	0.391928	0.393811	0.397643	0.371670	0.380007	0.370171	0.410286	0.309915	0.379025	0.288153	0.317479	0.320777	0.339395	0.329027	0.302179	0.305575	0.313721	0.321694	0.384999	0.334504	0.385786	0.318785	0.335421	0.318678	0.381829	0.387822	0.399202	0.382891	0.370841	0.370323	0.385377	0.376160	0.357127	0.364767	0.354405	0.361826	0.368138	0.392739	0.413207	
0.294793	0.259643	0.289193	0.279010	0.272390	0.120981	0.264431	0.173808	0.000000	0.274038	0.352471	0.284211	0.372592	0.371464	0.312708	0.302227	0.300779	0.373690	0.285681	0.288415	0.323307	0.311387	0.311375	0.280446	0.267714	0.289715	0.371413	0.309395	0.343735	0.367036	0.377631	0.372130	0.347351	0.294186	0.340671	0.295197	0.290701	0.286445	0.322801	0.329802	0.337001	0.289079	0.287028	0.282548	0.320867	0.282862	0.347284	0.332732	0.328725	0.329643	0.351089	0.312073	0.348841	0.351713	0.302393	0.336581	0.281574	0.279385	0.288242	0.345356	0.319909	0.345677	0.281583	0.294264	0.306789	0.303675	0.339572	0.320853	0.342876	0.285807	0.311737	0.313596	0.289260	0.295861	0.301140	0.299544	0.332103	0.307606	0.336482	0.332919	0.321129	0.325014	0.324642	0.334748	0.312331	0.300615	0.311576	0.320265	0.391814	0.318544	0.350399	0.311411	0.315005	0.329610	0.316979	0.307455	0.285007	0.398706	0.402100	0.301335	0.352240	0.321763	0.334315	0.344660	0.333689	0.306228	0.302087	0.323553	0.303343	0.297377	0.314267	0.325426	0.294905	0.295167	0.338099	0.325509	0.330678	0.385080	0.304750	0.332538	
0.249879	0.260929	0.299398	0.212809	0.208327	0.228651	0.262303	0.327713	0.274038	0.000000	0.146121	0.251242	0.322176	0.328222	0.289112	0.270665	0.301949	0.316733	0.275555	0.272130	0.306262	0.296509	0.284920	0.191786	0.199111	0.252424	0.348561	0.276064	0.320061	0.353383	0.338355	0.351920	0.323052	0.274945	0.317749	0.283446	0.287791	0.293016	0.305480	0.305867	0.315533	0.271024	0.275119	0.257862	0.317972	0.278172	0.339274	0.347212	0.346096	0.341876	0.355188	0.289996	0.330657	0.324393	0.281373	0.325252	0.262448	0.262081	0.275900	0.319635	0.304364	0.327814	0.246915	0.260504	0.298754	0.278574	0.333067	0.308775	0.333483	0.315329	0.282018	0.275493	0.290548	0.315344	0.313352	0.294013	0.298491	0.305882	0.316141	0.325585	0.303019	0.338827	0.339611	0.346796	0.309442	0.283088	0.308089	0.318703	0.384202	0.316473	0.354550	0.315983	0.327577	0.320318	0.311827	0.254588	0.310360	0.386260	0.388360	0.272086	0.332899	0.293627	0.312779	0.332756	0.318245	0.272092	0.279593	0.304910	0.276686	0.279372	0.283542	0.284098	0.275323	0.272162	0.327728	0.305596	0.321223	0.374372	0.287539	0.318980	
0.333565	0.353373	0.370316	0.290480	0.304440	0.317010	0.144187	0.208090	0.352471	0.146121	0.000000	0.324958	0.261316	0.262134	0.358164	0.340073	0.371412	0.249751	0.338635	0.342882	0.403054	0.392631	0.374341	0.265000	0.269732	0.323419	0.310491	0.338704	0.282923	0.302431	0.279616	0.290814	0.288165	0.336449	0.291357	0.375031	0.378051	0.393662	0.391024	0.388297	0.341373	0.356230	0.349429	0.335638	0.401243	0.374334	0.414577	0.421738	0.421835	0.412449	0.302470	0.376649	0.282597	0.352145	0.343012	0.347289	0.355179	0.347642	0.358096	0.354365	0.337443	0.356694	0.342998	0.354349	0.398458	0.386566	0.391567	0.382870	0.390212	0.413756	0.379046	0.376557	0.379069	0.396034	0.388594	0.382497	0.336424	0.376511	0.362583	0.391750	0.347550	0.413214	0.415060	0.416237	0.375855	0.376400	0.377545	0.400658	0.297126	0.368291	0.293039	0.322364	0.334761	0.330581	0.322934	0.263706	0.308814	0.307051	0.315258	0.367274	0.328265	0.366321	0.307152	0.314176	0.312247	0.354000	0.367592	0.385925	0.373107	0.367364	0.359410	0.363910	0.364773	0.347198	0.344493	0.346073	0.347752	0.367395	0.386007	0.412722	
0.309048	0.277205	0.235871	0.230401	0.235776	0.285430	0.330732	0.352436	0.284211	0.251242	0.324958	0.000000	0.263845	0.250644	0.216292	0.204276	0.289953	0.199024	0.175925	0.143594	0.290600	0.303434	0.284114	0.185063	0.199845	0.227277	0.325555	0.261503	0.299211	0.337712	0.341028	0.342411	0.301025	0.247860	0.294622	0.257436	0.263642	0.291181	0.297513	0.294466	0.302028	0.245224	0.244845	0.231255	0.285483	0.256800	0.319580	0.350261	0.353132	0.323563	0.343713	0.276249	0.315699	0.318495	0.217518	0.305513	0.281110	0.279965	0.277922	0.311226	0.276571	0.320836	0.249433	0.254589	0.311883	0.290444	0.328278	0.294310	0.328566	0.316050	0.274792	0.270186	0.282079	0.283452	0.270859	0.278109	0.270766	0.284910	0.294712	0.302163	0.288656	0.361154	0.359911	0.365834	0.299735	0.275343	0.302859	0.320970	0.388114	0.302463	0.320900	0.298834	0.318057	0.287392	0.300548	0.274964	0.292058	0.364856	0.365688	0.258512	0.321764	0.301520	0.287141	0.310923	0.288463	0.257146	0.259587	0.286932	0.260559	0.256085	0.269871	0.294491	0.255976	0.280293	0.299974	0.288502	0.333336	0.343316	0.276527	0.300800	
0.372658	0.364015	0.353390	0.337667	0.342974	0.369520	0.264646	0.293146	0.372592	0.322176	0.261316	0.263845	0.000000	0.062116	0.324542	0.324816	0.358546	0.078792	0.235086	0.268021	0.382263	0.375398	0.364577	0.310094	0.320560	0.346464	0.314017	0.319405	0.291647	0.312050	0.277082	0.293255	0.297936	0.324901	0.299615	0.358293	0.357501	0.385947	0.386080	0.383854	0.341055	0.346780	0.343767	0.324405	0.388502	0.358995	0.400934	0.416208	0.414742	0.397567	0.296153	0.368724	0.260099	0.355876	0.333336	0.341969	0.360241	0.355086	0.351050	0.339950	0.314703	0.345964	0.336622	0.344526	0.378269	0.373243	0.391817	0.376009	0.390932	0.411765	0.369985	0.373061	0.378312	0.382691	0.363750	0.371710	0.317353	0.367248	0.341245	0.381406	0.328415	0.419690	0.421585	0.422233	0.374638	0.372559	0.372876	0.411748	0.327326	0.384934	0.286214	0.319491	0.330244	0.314899	0.312341	0.288780	0.315353	0.306731	0.306664	0.343696	0.309734	0.367231	0.299906	0.329937	0.304218	0.344267	0.349057	0.369216	0.362843	0.346487	0.353824	0.362472	0.354370	0.351004	0.338545	0.345895	0.380797	0.347121	0.376279	0.389947	
0.369791	0.363638	0.356244	0.340554	0.337880	0.373316	0.265226	0.290502	0.371464	0.328222	0.262134	0.250644	0.062116	0.000000	0.303607	0.308473	0.342826	0.096092	0.238058	0.244689	0.378300	0.370957	0.359221	0.310459	0.310985	0.339319	0.311291	0.320712	0.289647	0.308920	0.274923	0.291654	0.300574	0.323854	0.302704	0.355540	0.354826	0.382368	0.381625	0.375462	0.335788	0.343435	0.336540	0.323057	0.380369	0.359119	0.393452	0.413464	0.413279	0.393860	0.289864	0.365416	0.263192	0.349325	0.310641	0.340610	0.359537	0.354041	0.347522	0.338833	0.311441	0.342821	0.333511	0.340945	0.378917	0.374602	0.388792	0.375824	0.389574	0.408150	0.366884	0.369154	0.382567	0.372209	0.356779	0.363930	0.312223	0.359232	0.342016	0.382434	0.324370	0.416880	0.418970	0.419541	0.371648	0.367551	0.373838	0.401238	0.325005	0.371086	0.284082	0.312126	0.325309	0.310900	0.306438	0.290026	0.305564	0.306002	0.305292	0.344923	0.308533	0.362527	0.298531	0.320995	0.298280	0.341094	0.344276	0.365802	0.357125	0.344071	0.352924	0.358883	0.353439	0.351052	0.335010	0.342548	0.377442	0.343754	0.371063	0.384983	
0.328945	0.319727	0.269716	0.270173	0.281895	0.311844	0.367027	0.392235	0.312708	0.289112	0.358164	0.216292	0.324542	0.303607	0.000000	0.086452	0.221981	0.316416	0.213352	0.182592	0.304371	0.307776	0.294830	0.234305	0.237182	0.260691	0.343682	0.290423	0.326134	0.378429	0.363143	0.366257	0.338200	0.288325	0.331132	0.281108	0.288236	0.287046	0.319051	0.315080	0.352553	0.284625	0.287970	0.266693	0.318757	0.288558	0.352312	0.376683	0.381750	0.351895	0.367913	0.305454	0.336203	0.347816	0.081530	0.337942	0.298860	0.294243	0.301903	0.337539	0.305518	0.342586	0.275379	0.285692	0.337978	0.322991	0.361985	0.334832	0.362726	0.354153	0.323517	0.319599	0.311930	0.305803	0.295153	0.313620	0.321584	0.315223	0.318363	0.325119	0.313594	0.382986	0.383745	0.391583	0.335410	0.307710	0.343494	0.352952	0.409748	0.337567	0.342492	0.339371	0.346722	0.329648	0.343264	0.323110	0.335780	0.386972	0.381747	0.289069	0.332796	0.327770	0.312244	0.337500	0.316510	0.293166	0.296604	0.307216	0.293034	0.292488	0.304816	0.316917	0.289224	0.314059	0.319250	0.321350	0.356589	0.363774	0.305212	0.329111	
0.309750	0.310961	0.250728	0.250069	0.260112	0.303060	0.352065	0.372026	0.302227	0.270665	0.340073	0.204276	0.324816	0.308473	0.086452	0.000000	0.211414	0.304902	0.242597	0.178475	0.300697	0.300542	0.284822	0.223044	0.228238	0.253866	0.325964	0.264248	0.298633	0.368059	0.351166	0.365548	0.317795	0.265417	0.311280	0.278306	0.287729	0.289426	0.307020	0.305749	0.334187	0.261074	0.262296	0.252660	0.303721	0.276901	0.332332	0.361846	0.362742	0.336688	0.352105	0.280401	0.312617	0.328174	0.038221	0.312496	0.284128	0.277858	0.283901	0.322893	0.284306	0.327714	0.256059	0.263748	0.326476	0.306724	0.338316	0.319957	0.340790	0.337583	0.305167	0.300256	0.298785	0.313044	0.296822	0.303871	0.305437	0.304620	0.320886	0.323156	0.291276	0.364017	0.368334	0.373369	0.318471	0.295230	0.321800	0.344755	0.402566	0.319344	0.332389	0.304229	0.334703	0.299652	0.327404	0.304961	0.324472	0.376443	0.365151	0.280376	0.328359	0.319073	0.298708	0.319424	0.300306	0.279110	0.285110	0.293035	0.279713	0.276772	0.290798	0.307741	0.288307	0.296246	0.315669	0.315637	0.336956	0.350832	0.283273	0.315339	
0.292473	0.320443	0.296611	0.296879	0.285334	0.293702	0.340103	0.374477	0.300779	0.301949	0.371412	0.289953	0.358546	0.342826	0.221981	0.211414	0.000000	0.368108	0.238440	0.235272	0.304948	0.279875	0.302102	0.289289	0.302449	0.324705	0.361400	0.301301	0.342586	0.365245	0.366730	0.357910	0.354340	0.306227	0.341733	0.296695	0.306144	0.280418	0.323068	0.323022	0.344120	0.298409	0.301114	0.286151	0.343350	0.318521	0.358529	0.371713	0.373155	0.348873	0.377055	0.324855	0.371741	0.360619	0.183601	0.334846	0.300348	0.297933	0.302101	0.346338	0.305763	0.354213	0.277743	0.282722	0.335752	0.326348	0.357491	0.340090	0.359311	0.354568	0.325079	0.321245	0.301504	0.307805	0.319071	0.292198	0.329064	0.297026	0.332006	0.341713	0.311852	0.373790	0.375760	0.379496	0.338474	0.321984	0.340175	0.355158	0.423711	0.347552	0.367353	0.345982	0.361089	0.332016	0.351302	0.331911	0.345616	0.400460	0.386110	0.301835	0.353160	0.329395	0.342261	0.366964	0.344829	0.297191	0.296327	0.318975	0.303582	0.297609	0.310176	0.335546	0.304747	0.316932	0.321343	0.309822	0.297012	0.374242	0.301366	0.316184	
0.371598	0.366370	0.350898	0.333378	0.337060	0.372475	0.261534	0.291614	0.373690	0.316733	0.249751	0.199024	0.078792	0.096092	0.316416	0.304902	0.368108	0.000000	0.255846	0.239329	0.380077	0.377211	0.365802	0.305573	0.316615	0.335498	0.306251	0.315362	0.287838	0.308768	0.281786	0.288503	0.292781	0.319254	0.294754	0.349310	0.352437	0.380615	0.379538	0.376254	0.335615	0.341672	0.333726	0.316232	0.374723	0.351589	0.388932	0.408570	0.412805	0.388423	0.278862	0.354230	0.260379	0.343969	0.315591	0.333082	0.360740	0.351359	0.351324	0.340035	0.315096	0.346541	0.340452	0.344731	0.389150	0.384471	0.386166	0.373241	0.384212	0.407989	0.369943	0.367539	0.370149	0.379423	0.359616	0.367415	0.311847	0.361792	0.329888	0.371835	0.323297	0.415718	0.415564	0.415867	0.369864	0.364911	0.371985	0.395318	0.323035	0.367356	0.288169	0.302742	0.323936	0.302974	0.304604	0.283376	0.305097	0.304265	0.309169	0.347258	0.311274	0.362625	0.292249	0.319762	0.296127	0.344302	0.347947	0.368000	0.365583	0.354360	0.356872	0.361063	0.354498	0.344391	0.333293	0.335011	0.364665	0.344817	0.370722	0.385706	
0.313568	0.319884	0.251672	0.236351	0.278159	0.295293	0.323162	0.339686	0.285681	0.275555	0.338635	0.175925	0.235086	0.238058	0.213352	0.242597	0.238440	0.255846	0.000000	0.164743	0.316815	0.292263	0.307507	0.226190	0.232522	0.260290	0.330254	0.278553	0.319165	0.378660	0.354453	0.367618	0.326642	0.271446	0.322540	0.291804	0.296415	0.294357	0.318952	0.317515	0.343798	0.288879	0.294080	0.269923	0.330196	0.303475	0.352567	0.363966	0.361509	0.344704	0.358197	0.302752	0.332641	0.345817	0.256426	0.349843	0.299390	0.301429	0.298277	0.330738	0.300700	0.337379	0.275170	0.277031	0.322060	0.305146	0.350006	0.317717	0.348677	0.336265	0.310412	0.308902	0.307743	0.306782	0.301273	0.298056	0.309243	0.309065	0.320203	0.330067	0.312305	0.365053	0.364286	0.368222	0.329272	0.310106	0.338590	0.349957	0.385958	0.346499	0.337045	0.341794	0.353682	0.329532	0.341272	0.321004	0.340647	0.378519	0.369478	0.287997	0.317835	0.318538	0.313197	0.337754	0.319039	0.301639	0.298151	0.318086	0.301242	0.280012	0.305855	0.306899	0.279309	0.304802	0.339808	0.328611	0.343947	0.355951	0.308488	0.321382	
0.294605	0.328867	0.253614	0.225231	0.276771	0.286230	0.330061	0.354292	0.288415	0.272130	0.342882	0.143594	0.268021	0.244689	0.182592	0.178475	0.235272	0.239329	0.164743	0.000000	0.317938	0.282508	0.299847	0.231467	0.246542	0.274936	0.344715	0.289696	0.331456	0.379275	0.371011	0.379112	0.340603	0.287244	0.335111	0.279875	0.299823	0.286061	0.318880	0.315836	0.353404	0.291289	0.296492	0.275672	0.326794	0.289491	0.349741	0.357885	0.362094	0.344615	0.349268	0.299772	0.348763	0.343483	0.190865	0.335885	0.301374	0.298716	0.297312	0.335365	0.321534	0.345470	0.279481	0.285508	0.323051	0.315126	0.363322	0.328165	0.365035	0.329483	0.315769	0.314931	0.310287	0.315993	0.309055	0.309033	0.324670	0.310029	0.340491	0.337581	0.320292	0.363231	0.366077	0.370469	0.343835	0.318649	0.343075	0.340787	0.401210	0.347886	0.359074	0.346412	0.361511	0.334035	0.348244	0.322579	0.347250	0.399152	0.393995	0.296906	0.327680	0.315898	0.321816	0.339924	0.325701	0.299864	0.298476	0.321847	0.299448	0.297419	0.309450	0.322092	0.298180	0.317388	0.336617	0.329147	0.331359	0.367844	0.308092	0.331067	
0.263224	0.246718	0.324091	0.315327	0.285983	0.323244	0.402488	0.417987	0.323307	0.306262	0.403054	0.290600	0.382263	0.378300	0.304371	0.300697	0.304948	0.380077	0.316815	0.317938	0.000000	0.147982	0.153781	0.279439	0.299904	0.320423	0.376490	0.307804	0.366782	0.367653	0.372275	0.369714	0.372589	0.315075	0.365511	0.301730	0.302130	0.302263	0.317881	0.307859	0.335824	0.293651	0.294487	0.302828	0.308077	0.297300	0.336148	0.352974	0.353366	0.335768	0.397593	0.328404	0.385708	0.322590	0.298319	0.350833	0.308168	0.304773	0.297901	0.345689	0.332715	0.336827	0.280204	0.285433	0.308648	0.297241	0.362867	0.352723	0.365608	0.317582	0.297970	0.295437	0.330805	0.324219	0.306796	0.318299	0.329104	0.326563	0.324471	0.338985	0.330672	0.357971	0.355952	0.360593	0.341076	0.298188	0.341887	0.322969	0.408121	0.327583	0.377355	0.339835	0.347022	0.341711	0.335965	0.335016	0.331408	0.387107	0.383798	0.289412	0.355274	0.324818	0.348151	0.368483	0.348732	0.292934	0.288062	0.295512	0.292067	0.309641	0.322337	0.332519	0.294537	0.319295	0.333130	0.323278	0.343847	0.367038	0.295798	0.314641	
0.275721	0.286472	0.302983	0.282657	0.294108	0.294426	0.363939	0.403982	0.311387	0.296509	0.392631	0.303434	0.375398	0.370957	0.307776	0.300542	0.279875	0.377211	0.292263	0.282508	0.147982	0.000000	0.129810	0.281847	0.302155	0.328745	0.372326	0.315857	0.365365	0.369533	0.381970	0.375121	0.374619	0.320561	0.367721	0.301895	0.311220	0.293938	0.308562	0.303629	0.355850	0.297426	0.299863	0.304069	0.323601	0.314999	0.348195	0.319666	0.318284	0.359919	0.350673	0.299516	0.361155	0.349152	0.297960	0.359449	0.277955	0.284451	0.270146	0.357997	0.341438	0.353542	0.279383	0.287140	0.277054	0.284068	0.374651	0.358473	0.377527	0.297060	0.303678	0.303803	0.308537	0.301250	0.310012	0.296400	0.333601	0.304510	0.343193	0.358713	0.327315	0.324320	0.323175	0.324317	0.334432	0.303895	0.334800	0.330816	0.405025	0.349567	0.386518	0.353751	0.350000	0.351358	0.346248	0.336055	0.349341	0.417662	0.414810	0.298758	0.353839	0.334094	0.359123	0.374765	0.359307	0.268026	0.288090	0.307071	0.294836	0.311456	0.326467	0.334111	0.306541	0.328241	0.346558	0.331798	0.331037	0.386762	0.310754	0.335301	
0.259611	0.302651	0.309162	0.299081	0.269696	0.310474	0.369181	0.398172	0.311375	0.284920	0.374341	0.284114	0.364577	0.359221	0.294830	0.284822	0.302102	0.365802	0.307507	0.299847	0.153781	0.129810	0.000000	0.270882	0.284241	0.309700	0.365848	0.295713	0.340799	0.356648	0.354161	0.360860	0.351471	0.294941	0.344562	0.293150	0.302183	0.305651	0.294950	0.304422	0.336171	0.288046	0.288659	0.283175	0.324640	0.301878	0.338725	0.344427	0.343447	0.351536	0.351694	0.286618	0.341296	0.341792	0.280467	0.343637	0.264193	0.264198	0.255406	0.337264	0.306571	0.344450	0.268669	0.275431	0.304197	0.282885	0.350252	0.336576	0.353973	0.322478	0.309434	0.306353	0.300786	0.296176	0.295361	0.294269	0.320564	0.301934	0.333022	0.345487	0.310434	0.349808	0.349244	0.352897	0.327437	0.298515	0.326178	0.329593	0.397827	0.323702	0.357104	0.318165	0.332747	0.334552	0.322015	0.307568	0.321036	0.385661	0.380372	0.281414	0.360109	0.312405	0.334408	0.345750	0.334882	0.257011	0.271299	0.289463	0.288166	0.299185	0.317030	0.326749	0.290255	0.318136	0.336815	0.330779	0.337218	0.378574	0.303230	0.330209	
0.295968	0.251923	0.210026	0.191810	0.203697	0.274154	0.315312	0.349910	0.280446	0.191786	0.265000	0.185063	0.310094	0.310459	0.234305	0.223044	0.289289	0.305573	0.226190	0.231467	0.279439	0.281847	0.270882	0.000000	0.086190	0.160228	0.329002	0.259952	0.296669	0.344086	0.346720	0.349803	0.296227	0.254533	0.290460	0.271987	0.280107	0.300563	0.294624	0.298872	0.320099	0.255698	0.257645	0.240982	0.289192	0.262561	0.312748	0.349847	0.351937	0.321897	0.339463	0.270906	0.316556	0.316439	0.237591	0.324768	0.272728	0.277786	0.265517	0.304740	0.282182	0.314439	0.251423	0.258264	0.319787	0.296279	0.322161	0.301556	0.320940	0.321062	0.287639	0.282012	0.281521	0.296168	0.289588	0.290318	0.288721	0.298173	0.300666	0.306010	0.281140	0.352234	0.353295	0.357625	0.275641	0.267282	0.289366	0.321882	0.378192	0.306516	0.318444	0.301846	0.313606	0.301072	0.295502	0.246341	0.292505	0.360445	0.356050	0.260131	0.315210	0.297008	0.287334	0.310095	0.290937	0.260267	0.259360	0.284969	0.261356	0.260312	0.272717	0.298181	0.267512	0.277641	0.321051	0.303956	0.337874	0.336939	0.265873	0.300920	
0.314899	0.252841	0.219848	0.224390	0.208826	0.290901	0.319531	0.339199	0.267714	0.199111	0.269732	0.199845	0.320560	0.310985	0.237182	0.228238	0.302449	0.316615	0.232522	0.246542	0.299904	0.302155	0.284241	0.086190	0.000000	0.110622	0.330861	0.262291	0.298076	0.354171	0.359647	0.365305	0.302632	0.258494	0.297277	0.287306	0.285258	0.295454	0.302985	0.309746	0.328189	0.267956	0.265721	0.246354	0.293561	0.288921	0.316235	0.355931	0.357890	0.329506	0.348662	0.282628	0.333622	0.318949	0.242336	0.335482	0.287107	0.289817	0.275370	0.308163	0.296346	0.319221	0.258527	0.270012	0.325074	0.307455	0.329482	0.311082	0.328988	0.327944	0.290515	0.287118	0.300621	0.292169	0.289415	0.285603	0.286221	0.291809	0.313275	0.315067	0.293827	0.360453	0.360603	0.366126	0.286115	0.275768	0.297833	0.331043	0.390191	0.314421	0.328954	0.308838	0.317830	0.309123	0.305292	0.272556	0.297655	0.371176	0.369203	0.271968	0.328802	0.309379	0.296973	0.320237	0.299586	0.272374	0.269156	0.292399	0.267124	0.265326	0.276420	0.297135	0.281891	0.284764	0.326144	0.307476	0.345871	0.338157	0.270692	0.303285	
0.339775	0.297774	0.235210	0.272565	0.264161	0.304845	0.361395	0.361362	0.289715	0.252424	0.323419	0.227277	0.346464	0.339319	0.260691	0.253866	0.324705	0.335498	0.260290	0.274936	0.320423	0.328745	0.309700	0.160228	0.110622	0.000000	0.354382	0.286292	0.319840	0.364476	0.370246	0.388702	0.320883	0.276181	0.315865	0.285898	0.280393	0.292211	0.303396	0.321036	0.332262	0.273023	0.273213	0.259445	0.304740	0.292631	0.325929	0.373622	0.376935	0.351364	0.368367	0.306170	0.350347	0.331716	0.263474	0.340850	0.295299	0.300131	0.295462	0.319480	0.316225	0.325947	0.286067	0.293678	0.341240	0.321780	0.354273	0.331013	0.355827	0.345033	0.314288	0.312380	0.311744	0.299604	0.294893	0.301627	0.310096	0.306357	0.324704	0.331430	0.312124	0.381140	0.380303	0.387145	0.302953	0.280133	0.317966	0.326790	0.383515	0.324046	0.343173	0.325311	0.330734	0.327664	0.330984	0.318312	0.323972	0.389564	0.389023	0.284037	0.329491	0.302668	0.315507	0.331420	0.312512	0.296367	0.289078	0.308911	0.277521	0.279462	0.296047	0.310827	0.299760	0.302439	0.316835	0.313830	0.350346	0.339011	0.282078	0.303191	
0.377226	0.357470	0.344821	0.358366	0.341028	0.385253	0.326801	0.329491	0.371413	0.348561	0.310491	0.325555	0.314017	0.311291	0.343682	0.325964	0.361400	0.306251	0.330254	0.344715	0.376490	0.372326	0.365848	0.329002	0.330861	0.354382	0.000000	0.237050	0.166047	0.361012	0.338377	0.342588	0.180565	0.248659	0.190088	0.357620	0.356995	0.379046	0.371888	0.364666	0.389229	0.344138	0.343269	0.323992	0.355364	0.372206	0.370807	0.387984	0.387477	0.356886	0.353219	0.370813	0.324311	0.375742	0.329829	0.382897	0.364732	0.360230	0.362034	0.388653	0.371872	0.385874	0.327701	0.333860	0.378235	0.367546	0.362192	0.357576	0.365204	0.390087	0.352212	0.351693	0.378915	0.368206	0.341624	0.341903	0.355042	0.336101	0.384845	0.354861	0.357362	0.385201	0.386620	0.387348	0.316315	0.352254	0.334535	0.408426	0.369263	0.369446	0.322823	0.313478	0.329604	0.311594	0.309801	0.320194	0.316001	0.341745	0.326902	0.351485	0.326536	0.370856	0.306901	0.318311	0.301505	0.341361	0.344533	0.353512	0.351055	0.337255	0.354297	0.362318	0.360479	0.355929	0.385299	0.371031	0.372670	0.320139	0.353532	0.364610	
0.323726	0.306095	0.291246	0.285229	0.261231	0.314316	0.342814	0.360038	0.309395	0.276064	0.338704	0.261503	0.319405	0.320712	0.290423	0.264248	0.301301	0.315362	0.278553	0.289696	0.307804	0.315857	0.295713	0.259952	0.262291	0.286292	0.237050	0.000000	0.181699	0.361107	0.354015	0.358832	0.224172	0.179659	0.217238	0.287916	0.295993	0.293730	0.287117	0.290505	0.326379	0.264593	0.258926	0.253195	0.324976	0.292654	0.341558	0.363863	0.358132	0.324766	0.373177	0.310999	0.338380	0.340518	0.272989	0.310303	0.296547	0.295331	0.298330	0.332179	0.299342	0.333917	0.266268	0.277814	0.327467	0.303520	0.324441	0.308459	0.325059	0.344417	0.296893	0.292996	0.295482	0.311254	0.290236	0.289575	0.309469	0.298461	0.314982	0.316590	0.301985	0.358159	0.361209	0.367469	0.298580	0.283437	0.308933	0.338549	0.389232	0.319583	0.336537	0.325019	0.345560	0.312593	0.325644	0.310527	0.332840	0.366903	0.358784	0.277422	0.326016	0.315694	0.301739	0.323270	0.295090	0.281515	0.275347	0.292120	0.280538	0.282310	0.296029	0.306885	0.289878	0.287369	0.315251	0.311775	0.318096	0.356709	0.293706	0.313202	
0.361307	0.343097	0.328306	0.335243	0.312355	0.354469	0.298259	0.303618	0.343735	0.320061	0.282923	0.299211	0.291647	0.289647	0.326134	0.298633	0.342586	0.287838	0.319165	0.331456	0.366782	0.365365	0.340799	0.296669	0.298076	0.319840	0.166047	0.181699	0.000000	0.336669	0.323045	0.328073	0.128500	0.253194	0.135924	0.336029	0.341011	0.355632	0.353960	0.352308	0.362091	0.316528	0.300482	0.294890	0.345634	0.339411	0.368391	0.380958	0.380818	0.349922	0.317288	0.333675	0.286152	0.362442	0.302496	0.349711	0.339422	0.337976	0.338458	0.356722	0.334697	0.358106	0.307187	0.319947	0.378446	0.361399	0.322177	0.327761	0.325143	0.386281	0.336583	0.332910	0.350002	0.358772	0.338114	0.333767	0.338958	0.330124	0.355777	0.329396	0.335240	0.372314	0.378770	0.379095	0.308332	0.339756	0.315603	0.382178	0.346466	0.344204	0.304701	0.295980	0.313344	0.289488	0.300114	0.289059	0.300561	0.320037	0.316551	0.330030	0.302769	0.351937	0.279281	0.296576	0.277139	0.322472	0.324624	0.338781	0.326098	0.325012	0.326909	0.331228	0.337174	0.311898	0.354086	0.352260	0.371956	0.328182	0.344008	0.365701	
0.377225	0.364889	0.381464	0.384288	0.342845	0.372506	0.315283	0.325957	0.367036	0.353383	0.302431	0.337712	0.312050	0.308920	0.378429	0.368059	0.365245	0.308768	0.378660	0.379275	0.367653	0.369533	0.356648	0.344086	0.354171	0.364476	0.361012	0.361107	0.336669	0.000000	0.176563	0.126683	0.334236	0.353764	0.331916	0.353419	0.357983	0.362123	0.392244	0.402554	0.335229	0.343095	0.340949	0.340135	0.371167	0.363754	0.394910	0.409009	0.410076	0.401173	0.347103	0.382466	0.311069	0.333604	0.367440	0.337242	0.354351	0.348155	0.355616	0.326819	0.303753	0.334831	0.349906	0.352391	0.388084	0.373991	0.391609	0.378895	0.394792	0.412275	0.372007	0.368112	0.372087	0.354276	0.346582	0.364145	0.316483	0.362358	0.339792	0.374206	0.339425	0.415755	0.415313	0.416154	0.356884	0.367952	0.365715	0.373784	0.311680	0.349728	0.293380	0.334625	0.336527	0.339824	0.325036	0.303628	0.322199	0.339541	0.343570	0.341193	0.352870	0.356034	0.345818	0.341360	0.342958	0.357691	0.353341	0.367483	0.363905	0.350657	0.358018	0.380461	0.350726	0.359178	0.307024	0.308261	0.325946	0.384693	0.358383	0.394095	
0.392128	0.371872	0.382283	0.379284	0.343937	0.384033	0.292797	0.313319	0.377631	0.338355	0.279616	0.341028	0.277082	0.274923	0.363143	0.351166	0.366730	0.281786	0.354453	0.371011	0.372275	0.381970	0.354161	0.346720	0.359647	0.370246	0.338377	0.354015	0.323045	0.176563	0.000000	0.157917	0.319933	0.346812	0.318050	0.340238	0.357067	0.374057	0.389940	0.392968	0.321502	0.349845	0.352284	0.330191	0.372022	0.356644	0.396410	0.421334	0.424238	0.393400	0.334301	0.374777	0.290489	0.335348	0.350581	0.327143	0.352114	0.345297	0.355810	0.333672	0.315290	0.336818	0.340911	0.334252	0.390540	0.375819	0.380072	0.366064	0.383035	0.422544	0.371868	0.371064	0.380374	0.371220	0.356047	0.377490	0.326394	0.376976	0.344182	0.390352	0.319673	0.431521	0.433374	0.432437	0.372731	0.377309	0.366878	0.402975	0.317974	0.372521	0.288967	0.313329	0.321418	0.321169	0.314963	0.288811	0.318966	0.349282	0.336329	0.345536	0.354442	0.369387	0.337487	0.356611	0.341153	0.350859	0.351495	0.375964	0.361525	0.356754	0.368569	0.348104	0.338065	0.342163	0.320861	0.320694	0.335402	0.388552	0.363845	0.394511	
0.373834	0.359614	0.388362	0.385562	0.345012	0.364784	0.296948	0.330675	0.372130	0.351920	0.290814	0.342411	0.293255	0.291654	0.366257	0.365548	0.357910	0.288503	0.367618	0.379112	0.369714	0.375121	0.360860	0.349803	0.365305	0.388702	0.342588	0.358832	0.328073	0.126683	0.157917	0.000000	0.327679	0.349761	0.323966	0.356362	0.355493	0.367013	0.399793	0.402157	0.336673	0.342509	0.342230	0.333859	0.389435	0.383171	0.403416	0.428081	0.427096	0.411869	0.346941	0.384605	0.303836	0.332398	0.360387	0.339079	0.357533	0.349019	0.361330	0.333955	0.300103	0.338915	0.353467	0.358570	0.398715	0.387162	0.384371	0.366338	0.391653	0.410967	0.361713	0.359887	0.369636	0.351536	0.343270	0.358799	0.314950	0.359329	0.339885	0.380386	0.330511	0.431814	0.433457	0.428565	0.369111	0.380767	0.363447	0.383771	0.312931	0.357055	0.297198	0.329816	0.334609	0.331289	0.307510	0.294230	0.308050	0.344531	0.338529	0.356687	0.356947	0.359728	0.350436	0.345758	0.347515	0.355544	0.353292	0.376119	0.371519	0.362380	0.364168	0.356305	0.329897	0.347737	0.308278	0.308228	0.327562	0.399725	0.377289	0.414538	
0.367369	0.345162	0.339712	0.339932	0.320149	0.358421	0.304020	0.306855	0.347351	0.323052	0.288165	0.301025	0.297936	0.300574	0.338200	0.317795	0.354340	0.292781	0.326642	0.340603	0.372589	0.374619	0.351471	0.296227	0.302632	0.320883	0.180565	0.224172	0.128500	0.334236	0.319933	0.327679	0.000000	0.172819	0.016299	0.338048	0.342164	0.358762	0.367019	0.364833	0.365735	0.327700	0.315647	0.302266	0.348172	0.334813	0.364835	0.387623	0.383851	0.363679	0.331874	0.343768	0.300799	0.370175	0.322597	0.361775	0.352172	0.346874	0.347712	0.360832	0.344194	0.361984	0.313378	0.319826	0.383799	0.362527	0.332731	0.329274	0.334710	0.394838	0.347768	0.344796	0.355088	0.362488	0.346765	0.352379	0.349261	0.347729	0.368760	0.332687	0.336731	0.384137	0.379947	0.384687	0.308068	0.337507	0.312490	0.390981	0.355713	0.355520	0.312012	0.302744	0.319072	0.307870	0.299950	0.283313	0.304040	0.335350	0.332691	0.335863	0.312094	0.359311	0.286902	0.301333	0.284131	0.329602	0.332804	0.348382	0.333036	0.335322	0.341845	0.335250	0.341484	0.321287	0.350051	0.355090	0.380488	0.336371	0.342863	0.376445	
0.328924	0.302803	0.285790	0.287739	0.261907	0.299574	0.341565	0.351452	0.294186	0.274945	0.336449	0.247860	0.324901	0.323854	0.288325	0.265417	0.306227	0.319254	0.271446	0.287244	0.315075	0.320561	0.294941	0.254533	0.258494	0.276181	0.248659	0.179659	0.253194	0.353764	0.346812	0.349761	0.172819	0.000000	0.163946	0.289515	0.283199	0.281687	0.306036	0.305415	0.329142	0.288487	0.277596	0.269758	0.320882	0.281729	0.338933	0.365603	0.363180	0.330834	0.373059	0.310528	0.334962	0.338428	0.276014	0.328743	0.295414	0.293319	0.292344	0.324784	0.295641	0.330478	0.266785	0.274820	0.330085	0.307154	0.319488	0.300893	0.325677	0.328673	0.295409	0.291136	0.301362	0.308013	0.295119	0.298496	0.302247	0.306131	0.321832	0.310829	0.298104	0.357711	0.355677	0.363002	0.305289	0.288612	0.316276	0.334757	0.392860	0.320518	0.333357	0.315768	0.335052	0.312806	0.321394	0.295675	0.324809	0.359486	0.355763	0.280625	0.340530	0.311633	0.314672	0.329414	0.312140	0.288278	0.281557	0.303430	0.287389	0.279323	0.298876	0.304389	0.282101	0.297421	0.317984	0.305661	0.324245	0.351509	0.296068	0.310487	
0.360492	0.337764	0.333121	0.334417	0.312957	0.350148	0.306030	0.309881	0.340671	0.317749	0.291357	0.294622	0.299615	0.302704	0.331132	0.311280	0.341733	0.294754	0.322540	0.335111	0.365511	0.367721	0.344562	0.290460	0.297277	0.315865	0.190088	0.217238	0.135924	0.331916	0.318050	0.323966	0.016299	0.163946	0.000000	0.331796	0.333633	0.348881	0.362422	0.360233	0.357260	0.319804	0.310095	0.296062	0.341239	0.327952	0.359761	0.381880	0.378351	0.357536	0.331876	0.335447	0.300478	0.365584	0.315998	0.354618	0.344272	0.340074	0.339407	0.354951	0.333591	0.357569	0.307378	0.313242	0.378508	0.355048	0.328362	0.323184	0.332061	0.388254	0.341308	0.339042	0.345272	0.354165	0.339900	0.343939	0.340191	0.340858	0.357833	0.327328	0.325119	0.378851	0.374862	0.381345	0.302577	0.330934	0.307437	0.384846	0.357777	0.351627	0.311278	0.302442	0.319068	0.307095	0.300341	0.281966	0.303731	0.334883	0.332198	0.327707	0.317662	0.354568	0.290386	0.305693	0.287109	0.324732	0.324760	0.342528	0.326157	0.328434	0.335332	0.330501	0.333718	0.318105	0.342439	0.346286	0.371129	0.339317	0.335715	0.367583	
0.336225	0.313782	0.303460	0.302155	0.270969	0.295522	0.363599	0.392028	0.295197	0.283446	0.375031	0.257436	0.358293	0.355540	0.281108	0.278306	0.296695	0.349310	0.291804	0.279875	0.301730	0.301895	0.293150	0.271987	0.287306	0.285898	0.357620	0.287916	0.336029	0.353419	0.340238	0.356362	0.338048	0.289515	0.331796	0.000000	0.174649	0.248753	0.293363	0.302167	0.322010	0.283083	0.281070	0.269313	0.297088	0.273354	0.334927	0.351670	0.350660	0.334240	0.378049	0.298687	0.354495	0.328321	0.276706	0.329457	0.277943	0.278147	0.286959	0.313628	0.300455	0.314766	0.269287	0.270075	0.325035	0.304666	0.321115	0.291918	0.323367	0.336941	0.288543	0.285348	0.273603	0.195617	0.227206	0.272921	0.302346	0.286652	0.306248	0.308089	0.303296	0.354579	0.352260	0.359665	0.319359	0.291008	0.328508	0.336151	0.408124	0.332280	0.360717	0.324684	0.332961	0.323770	0.317345	0.300296	0.331670	0.396527	0.399084	0.268436	0.351254	0.303702	0.334568	0.344644	0.335958	0.282401	0.279434	0.301919	0.275093	0.281625	0.295594	0.298352	0.277929	0.290822	0.290075	0.316619	0.320627	0.374399	0.291637	0.311969	
0.329143	0.304384	0.306126	0.301794	0.262458	0.290882	0.375413	0.377856	0.290701	0.287791	0.378051	0.263642	0.357501	0.354826	0.288236	0.287729	0.306144	0.352437	0.296415	0.299823	0.302130	0.311220	0.302183	0.280107	0.285258	0.280393	0.356995	0.295993	0.341011	0.357983	0.357067	0.355493	0.342164	0.283199	0.333633	0.174649	0.000000	0.180960	0.287167	0.297555	0.303930	0.289181	0.283713	0.268087	0.321277	0.251466	0.334847	0.365374	0.365493	0.345388	0.379206	0.320289	0.360737	0.295597	0.293899	0.317120	0.290098	0.290322	0.295736	0.325117	0.310736	0.331490	0.273279	0.288393	0.317002	0.299335	0.353255	0.322374	0.353912	0.334616	0.305156	0.297331	0.294274	0.211969	0.268346	0.260596	0.311984	0.269796	0.319976	0.329352	0.306519	0.369999	0.368615	0.372518	0.317857	0.295424	0.328658	0.344308	0.409123	0.336523	0.361625	0.325933	0.337509	0.320242	0.329419	0.310240	0.331849	0.373090	0.381636	0.281501	0.345135	0.301773	0.321998	0.347033	0.325039	0.298413	0.296841	0.307595	0.280928	0.293325	0.305552	0.321927	0.284541	0.305837	0.260847	0.252877	0.294692	0.371772	0.307212	0.313787	
