0.000000	0.184578	0.306989	0.321455	0.306667	0.295923	0.249201	0.302420	0.318504	0.273064	0.285785	0.361967	0.351839	0.374923	0.345657	0.339782	0.318372	0.365245	0.349722	0.360896	0.327506	0.326577	0.283992	0.288437	0.277688	0.287646	0.323619	0.321516	0.302869	0.349574	0.318950	0.334992	0.321337	0.313384	0.320654	0.328544	0.349984	0.344742	0.371248	0.358341	0.337001	0.322571	0.321909	0.342133	0.357313	0.345632	0.356669	0.357119	0.372817	0.354016	0.351205	0.365699	0.363851	0.332695	0.321880	0.330509	0.347919	0.343504	0.348862	0.334390	0.357129	0.333672	0.356270	0.355439	0.364381	0.352841	0.349416	0.378099	0.386350	0.374997	0.354314	0.375930	0.328733	0.334181	0.333297	0.348519	0.347900	0.342600	0.359577	0.357996	0.362534	0.364033	0.328019	0.352211	0.370996	0.356524	0.361695	0.378200	0.365724	0.368153	0.364156	0.357571	0.362541	0.374999	0.358008	0.365995	0.370617	0.379063	0.392424	0.349103	0.357879	0.349561	0.358238	0.361925	0.351078	0.332426	0.340595	0.329215	0.353431	0.351509	0.353306	0.325761	0.336770	0.354230	0.339726	0.327744	0.355385	0.364571	0.364785	0.353011	
0.184578	0.000000	0.312761	0.376835	0.327382	0.347411	0.308300	0.326184	0.390267	0.323949	0.341118	0.375107	0.374767	0.384062	0.382999	0.371696	0.347937	0.379365	0.371049	0.373156	0.304894	0.297575	0.319393	0.365272	0.351758	0.356056	0.353992	0.363528	0.330859	0.346024	0.331633	0.342045	0.344103	0.344612	0.344549	0.363103	0.383364	0.369515	0.397107	0.381337	0.368019	0.354523	0.342744	0.351896	0.356795	0.389572	0.398058	0.370275	0.380118	0.362580	0.370537	0.381161	0.403924	0.349756	0.347865	0.370617	0.356070	0.350303	0.352830	0.366923	0.386915	0.369980	0.382109	0.385553	0.389160	0.388076	0.372189	0.389494	0.407469	0.402453	0.386372	0.399063	0.361253	0.362850	0.371575	0.385079	0.384306	0.382754	0.371671	0.395994	0.374335	0.397243	0.374528	0.356230	0.394900	0.379435	0.391601	0.344811	0.379848	0.378357	0.347854	0.356480	0.363740	0.360314	0.372743	0.377852	0.387127	0.381001	0.385763	0.345161	0.381172	0.340076	0.351540	0.373896	0.343239	0.342834	0.340362	0.343049	0.387511	0.382833	0.383057	0.373069	0.365510	0.382247	0.365059	0.360083	0.386458	0.377905	0.355051	0.376204	
0.306989	0.312761	0.000000	0.262107	0.150241	0.327975	0.236015	0.318698	0.263392	0.266364	0.278947	0.345492	0.313792	0.340998	0.330787	0.333106	0.320746	0.344269	0.304819	0.345386	0.339046	0.353715	0.327080	0.295396	0.279662	0.306207	0.340161	0.304926	0.308756	0.333840	0.293667	0.360220	0.306030	0.309857	0.305904	0.335025	0.355739	0.353113	0.327429	0.321470	0.311700	0.329279	0.326676	0.326263	0.346320	0.343475	0.340683	0.360279	0.339092	0.343399	0.329537	0.352478	0.335191	0.353735	0.344297	0.346050	0.318990	0.322457	0.337633	0.321026	0.328236	0.309471	0.348856	0.348307	0.342725	0.329339	0.351415	0.355195	0.371280	0.359854	0.342194	0.354724	0.331064	0.318836	0.369518	0.328312	0.331185	0.310035	0.336321	0.347893	0.337900	0.355346	0.358076	0.353367	0.330310	0.323472	0.346022	0.343531	0.318336	0.323547	0.314672	0.346164	0.343948	0.332886	0.337994	0.334175	0.348772	0.358004	0.355161	0.321698	0.333371	0.318887	0.332051	0.330933	0.330402	0.314351	0.328617	0.309626	0.326687	0.332915	0.325658	0.332475	0.339401	0.318214	0.343747	0.335649	0.336200	0.357230	0.351239	0.350885	
0.321455	0.376835	0.262107	0.000000	0.210767	0.316269	0.273372	0.300507	0.335793	0.277456	0.275043	0.358755	0.293085	0.332181	0.350274	0.352405	0.352313	0.343401	0.307133	0.350246	0.344549	0.355658	0.332615	0.287953	0.275849	0.313258	0.309570	0.320937	0.323390	0.341054	0.364535	0.326771	0.300481	0.321932	0.298242	0.322659	0.343661	0.350168	0.323391	0.313984	0.303506	0.321688	0.319801	0.318142	0.338340	0.323950	0.327571	0.347599	0.335883	0.338951	0.308742	0.333493	0.295509	0.339851	0.364632	0.320279	0.314223	0.315802	0.335539	0.301893	0.319719	0.301397	0.330003	0.332835	0.338239	0.333168	0.343531	0.326890	0.351185	0.336866	0.319004	0.332981	0.347731	0.314823	0.337462	0.311647	0.313636	0.304984	0.327009	0.315431	0.332815	0.349884	0.331072	0.360869	0.329476	0.310103	0.350782	0.342320	0.312728	0.314992	0.321591	0.327800	0.317252	0.339800	0.333405	0.349664	0.345622	0.357183	0.330989	0.335815	0.348886	0.334689	0.360826	0.337404	0.349380	0.333262	0.339488	0.325043	0.324424	0.345953	0.344035	0.349297	0.339157	0.335781	0.328304	0.325146	0.315891	0.337877	0.344018	0.331959	
0.306667	0.327382	0.150241	0.210767	0.000000	0.281384	0.181803	0.258836	0.242838	0.257753	0.271411	0.335849	0.295575	0.329778	0.327173	0.328032	0.322519	0.327741	0.295111	0.322980	0.334088	0.346486	0.330482	0.302771	0.288334	0.329136	0.331304	0.294319	0.305603	0.295495	0.262675	0.315705	0.298663	0.303233	0.298006	0.328114	0.342107	0.360861	0.319139	0.314973	0.304399	0.333221	0.329043	0.333256	0.340303	0.339991	0.325383	0.357590	0.322564	0.334305	0.314099	0.334185	0.320334	0.367011	0.348459	0.341164	0.312410	0.315941	0.335889	0.319379	0.327807	0.326659	0.341811	0.330813	0.348858	0.338585	0.355048	0.340732	0.362594	0.349969	0.331248	0.344303	0.334490	0.318813	0.359815	0.328532	0.334164	0.313573	0.335836	0.338179	0.340282	0.365509	0.348381	0.363237	0.350175	0.331690	0.346997	0.350926	0.330224	0.329324	0.332279	0.341751	0.326865	0.333543	0.351701	0.348712	0.358891	0.341075	0.355811	0.331902	0.344038	0.322465	0.339293	0.328903	0.329134	0.331844	0.337796	0.317679	0.340845	0.339118	0.332526	0.336924	0.335880	0.335954	0.344090	0.335454	0.332114	0.348676	0.361943	0.342434	
0.295923	0.347411	0.327975	0.316269	0.281384	0.000000	0.171374	0.112759	0.230280	0.264453	0.280145	0.338487	0.329479	0.334216	0.308115	0.333771	0.310405	0.299083	0.312909	0.328760	0.329655	0.328366	0.337566	0.281941	0.304349	0.312676	0.363568	0.319661	0.324180	0.363767	0.356584	0.351715	0.313849	0.313918	0.311541	0.348669	0.333386	0.311122	0.335932	0.334852	0.335091	0.320855	0.313415	0.340889	0.355212	0.325621	0.329171	0.344214	0.366636	0.336247	0.328781	0.354301	0.346226	0.323757	0.334171	0.326311	0.319784	0.340901	0.314039	0.319833	0.355504	0.318871	0.364742	0.358831	0.353536	0.345042	0.334406	0.365285	0.378832	0.318597	0.345551	0.332298	0.318603	0.340052	0.327629	0.349990	0.356980	0.341415	0.342590	0.325858	0.343167	0.341154	0.304242	0.364343	0.351764	0.346735	0.348003	0.374746	0.352010	0.362309	0.361497	0.327813	0.348375	0.367829	0.314716	0.319924	0.338671	0.358806	0.379615	0.335585	0.351162	0.350036	0.336396	0.330680	0.332245	0.360321	0.359637	0.341754	0.329111	0.348153	0.332947	0.347644	0.362677	0.331443	0.330343	0.333712	0.339292	0.335638	0.351705	0.335256	
0.249201	0.308300	0.236015	0.273372	0.181803	0.171374	0.000000	0.187256	0.188632	0.228991	0.244178	0.330864	0.306369	0.323600	0.312019	0.311484	0.306434	0.306576	0.286897	0.323500	0.318030	0.321510	0.307510	0.242285	0.228918	0.256061	0.313553	0.283546	0.291962	0.310135	0.302990	0.309489	0.281571	0.285501	0.281098	0.320909	0.344065	0.337060	0.315383	0.312714	0.295871	0.317764	0.311938	0.327297	0.319348	0.326699	0.319922	0.350199	0.335855	0.335757	0.300543	0.328781	0.324419	0.330918	0.326947	0.323591	0.287385	0.309739	0.316418	0.290329	0.325806	0.283647	0.331617	0.326189	0.329085	0.319680	0.338093	0.335240	0.354556	0.329808	0.313502	0.328150	0.330754	0.310397	0.341182	0.311836	0.315844	0.300282	0.310857	0.318957	0.312316	0.348300	0.320916	0.346052	0.333776	0.319509	0.329952	0.354610	0.321135	0.331393	0.322904	0.302886	0.311344	0.319066	0.323136	0.331300	0.335857	0.332216	0.346262	0.316547	0.338700	0.314380	0.321011	0.317724	0.316246	0.319685	0.323323	0.303287	0.304229	0.317024	0.311092	0.306705	0.325018	0.317497	0.324514	0.317704	0.314024	0.329092	0.332997	0.324012	
0.302420	0.326184	0.318698	0.300507	0.258836	0.112759	0.187256	0.000000	0.275715	0.267401	0.280904	0.334940	0.318698	0.353728	0.309875	0.310927	0.283797	0.335011	0.323414	0.338269	0.327415	0.329389	0.313541	0.300855	0.309783	0.325339	0.334833	0.292958	0.294512	0.344150	0.330981	0.349217	0.301673	0.295525	0.299129	0.334139	0.345606	0.329769	0.319050	0.322802	0.313553	0.304710	0.284111	0.324865	0.330503	0.309614	0.313298	0.323753	0.347537	0.309519	0.325814	0.355862	0.325752	0.326350	0.310335	0.313215	0.302653	0.314393	0.287835	0.306733	0.346136	0.312099	0.348109	0.340957	0.327333	0.322094	0.315202	0.342820	0.365884	0.320760	0.317589	0.334565	0.300439	0.311520	0.310613	0.324304	0.334716	0.315190	0.358183	0.335714	0.356427	0.315762	0.283268	0.340681	0.317075	0.318268	0.315817	0.370043	0.338765	0.340821	0.342314	0.323020	0.316746	0.351770	0.324398	0.332945	0.339804	0.344519	0.357576	0.314824	0.320587	0.324531	0.350058	0.336474	0.338384	0.336604	0.325688	0.322330	0.316035	0.346531	0.329553	0.333027	0.334880	0.335526	0.322703	0.321183	0.326026	0.330490	0.366188	0.339016	
0.318504	0.390267	0.263392	0.335793	0.242838	0.230280	0.188632	0.275715	0.000000	0.292762	0.301898	0.350181	0.319784	0.326257	0.325451	0.350273	0.347594	0.320151	0.300002	0.337480	0.329305	0.339026	0.329121	0.245743	0.292534	0.299248	0.345422	0.311529	0.322003	0.365658	0.341892	0.393477	0.321044	0.304466	0.319055	0.359974	0.334248	0.335071	0.330803	0.335606	0.332551	0.350665	0.340729	0.353095	0.339075	0.337143	0.331050	0.353010	0.343190	0.344436	0.328906	0.344162	0.334540	0.365267	0.369274	0.340855	0.323303	0.338843	0.351805	0.320703	0.327895	0.333919	0.364702	0.354344	0.338414	0.324829	0.370350	0.360303	0.377705	0.330560	0.341927	0.330006	0.352828	0.347771	0.360836	0.341052	0.346766	0.321374	0.315374	0.325183	0.312958	0.374036	0.334536	0.367241	0.333648	0.322987	0.330352	0.377793	0.344602	0.357968	0.362888	0.335414	0.336739	0.335590	0.302338	0.306750	0.318250	0.346914	0.350707	0.361424	0.348164	0.348902	0.335379	0.328426	0.334989	0.353919	0.351184	0.339270	0.348436	0.350257	0.341226	0.352707	0.355222	0.336544	0.342819	0.336343	0.332744	0.336843	0.360422	0.335182	
0.273064	0.323949	0.266364	0.277456	0.257753	0.264453	0.228991	0.267401	0.292762	0.000000	0.084076	0.339123	0.308062	0.323681	0.316080	0.323283	0.320636	0.313569	0.294421	0.329108	0.306642	0.309228	0.312588	0.267156	0.283713	0.296560	0.315785	0.276266	0.300851	0.338761	0.340386	0.336266	0.261299	0.265373	0.261511	0.322813	0.345341	0.341815	0.303298	0.297675	0.288410	0.315767	0.317170	0.330568	0.330142	0.313219	0.315777	0.336371	0.307596	0.300102	0.283045	0.298825	0.312831	0.323192	0.334512	0.320029	0.288761	0.297641	0.307250	0.286144	0.307032	0.292787	0.294152	0.295019	0.282808	0.288378	0.328501	0.305080	0.312656	0.305418	0.299591	0.303022	0.321649	0.305833	0.330369	0.312490	0.322267	0.307156	0.328853	0.302437	0.328343	0.322877	0.284702	0.367982	0.331205	0.303457	0.317347	0.335323	0.312529	0.320120	0.316203	0.284457	0.299433	0.324180	0.313729	0.326674	0.335910	0.302298	0.344336	0.286741	0.305953	0.301581	0.305663	0.297141	0.296835	0.321880	0.329451	0.309768	0.250185	0.296394	0.271086	0.303900	0.313243	0.286981	0.320975	0.321068	0.312999	0.301276	0.309348	0.307452	
0.285785	0.341118	0.278947	0.275043	0.271411	0.280145	0.244178	0.280904	0.301898	0.084076	0.000000	0.350525	0.319468	0.344335	0.325454	0.329777	0.329983	0.339453	0.315830	0.341412	0.321817	0.324435	0.314166	0.291384	0.296976	0.307598	0.318481	0.287456	0.315039	0.350099	0.350378	0.342181	0.300711	0.305637	0.299240	0.327491	0.342961	0.341946	0.305049	0.297749	0.291865	0.318871	0.320636	0.334399	0.336193	0.312658	0.315501	0.341859	0.315445	0.306333	0.291023	0.305493	0.320388	0.330029	0.341733	0.321323	0.291085	0.301434	0.310828	0.292486	0.310715	0.301378	0.277597	0.278074	0.271111	0.289290	0.327634	0.290038	0.306411	0.289574	0.278383	0.286798	0.328447	0.325946	0.326789	0.314485	0.319800	0.310606	0.324857	0.302727	0.328250	0.309664	0.294595	0.371320	0.326473	0.288811	0.306793	0.350682	0.315339	0.322685	0.315208	0.288782	0.299267	0.325452	0.311874	0.322584	0.330614	0.309035	0.344232	0.293178	0.319828	0.313295	0.313973	0.307106	0.307905	0.335337	0.342851	0.318359	0.238461	0.308687	0.276392	0.308474	0.310851	0.298484	0.317382	0.323597	0.317205	0.295336	0.291703	0.302226	
0.361967	0.375107	0.345492	0.358755	0.335849	0.338487	0.330864	0.334940	0.350181	0.339123	0.350525	0.000000	0.210281	0.165822	0.275976	0.219894	0.305222	0.198502	0.239149	0.134689	0.343163	0.344708	0.339863	0.334696	0.323273	0.342922	0.344811	0.291028	0.287919	0.362011	0.377443	0.371981	0.297311	0.305481	0.298632	0.352634	0.356647	0.361763	0.336734	0.350427	0.332980	0.348111	0.339630	0.344581	0.367386	0.350261	0.319960	0.327404	0.327411	0.346358	0.366392	0.346728	0.323915	0.358004	0.236831	0.343654	0.309665	0.322863	0.333992	0.301561	0.341203	0.317035	0.368908	0.360298	0.356671	0.346025	0.368490	0.362410	0.369868	0.348045	0.345441	0.349507	0.343404	0.348843	0.357086	0.349246	0.359041	0.326020	0.345291	0.339679	0.350956	0.380129	0.368532	0.387601	0.353276	0.338701	0.345911	0.367112	0.352945	0.351264	0.338371	0.349433	0.341908	0.344661	0.327675	0.324090	0.331457	0.368947	0.408518	0.378842	0.352109	0.360001	0.347809	0.349535	0.353465	0.359896	0.353818	0.347943	0.352821	0.356383	0.344120	0.332200	0.345523	0.337535	0.350499	0.360382	0.343174	0.352746	0.367080	0.361025	
0.351839	0.374767	0.313792	0.293085	0.295575	0.329479	0.306369	0.318698	0.319784	0.308062	0.319468	0.210281	0.000000	0.190817	0.303786	0.303786	0.312883	0.274773	0.161592	0.209150	0.317512	0.345303	0.318182	0.292050	0.287699	0.319269	0.323805	0.287003	0.300800	0.334829	0.357675	0.349745	0.300011	0.307875	0.299198	0.326058	0.331134	0.331541	0.301987	0.302087	0.296733	0.307449	0.308703	0.308397	0.349719	0.314948	0.299723	0.329841	0.315198	0.335265	0.328187	0.341321	0.298614	0.348620	0.339348	0.323712	0.311177	0.316855	0.324922	0.294350	0.294730	0.307238	0.331337	0.321380	0.333635	0.326325	0.326217	0.328602	0.339285	0.312568	0.315327	0.314871	0.317333	0.326704	0.339673	0.312204	0.320933	0.302896	0.312509	0.300950	0.319776	0.344699	0.327296	0.360434	0.334049	0.327732	0.319999	0.350467	0.323426	0.329255	0.333994	0.337488	0.327511	0.329324	0.315948	0.320331	0.330023	0.366263	0.373745	0.359888	0.340974	0.331826	0.333888	0.321323	0.328099	0.327895	0.326721	0.314900	0.318334	0.331115	0.320136	0.327350	0.332572	0.326304	0.325695	0.320589	0.310600	0.323608	0.335853	0.326592	
0.374923	0.384062	0.340998	0.332181	0.329778	0.334216	0.323600	0.353728	0.326257	0.323681	0.344335	0.165822	0.190817	0.000000	0.308776	0.262281	0.328191	0.177168	0.210905	0.224961	0.354970	0.366517	0.349203	0.294137	0.317409	0.344190	0.338745	0.314864	0.319040	0.337394	0.371196	0.349336	0.324917	0.336081	0.323535	0.336640	0.345644	0.355851	0.339118	0.335444	0.332158	0.350233	0.343130	0.344044	0.350291	0.350849	0.326063	0.338758	0.332985	0.349469	0.355062	0.357600	0.318921	0.372890	0.272910	0.351257	0.319410	0.332901	0.330114	0.323332	0.322322	0.328872	0.360201	0.348562	0.368621	0.361707	0.353004	0.350625	0.367265	0.339763	0.338964	0.340272	0.354733	0.350218	0.361543	0.344683	0.358146	0.321829	0.336284	0.318185	0.343563	0.382172	0.368786	0.379589	0.342352	0.339118	0.335523	0.360619	0.334058	0.338685	0.333408	0.348788	0.347027	0.332879	0.313218	0.322149	0.333138	0.389479	0.385400	0.385413	0.363413	0.355451	0.361533	0.355821	0.357029	0.354059	0.350305	0.344981	0.345375	0.348175	0.339379	0.340195	0.347603	0.350981	0.344981	0.343771	0.337057	0.354141	0.353376	0.364724	
0.345657	0.382999	0.330787	0.350274	0.327173	0.308115	0.312019	0.309875	0.325451	0.316080	0.325454	0.275976	0.303786	0.308776	0.000000	0.184744	0.156342	0.308923	0.304894	0.309245	0.314111	0.327795	0.325446	0.305130	0.325417	0.329089	0.343996	0.282642	0.280883	0.374199	0.374281	0.372513	0.295235	0.305670	0.294725	0.361117	0.345884	0.346185	0.325647	0.333588	0.316485	0.330418	0.338691	0.348542	0.362351	0.335574	0.318771	0.332779	0.330322	0.332318	0.350038	0.347333	0.326588	0.349934	0.271031	0.330034	0.319062	0.320323	0.327659	0.303127	0.343659	0.312998	0.343771	0.342536	0.337530	0.321985	0.346062	0.336025	0.337027	0.333364	0.328707	0.332602	0.329166	0.340783	0.355741	0.340972	0.347501	0.324756	0.330438	0.339866	0.335514	0.353986	0.337447	0.389172	0.356305	0.334735	0.355834	0.346958	0.340430	0.342252	0.335116	0.330685	0.336061	0.354113	0.330093	0.329657	0.345118	0.355342	0.378024	0.336659	0.339798	0.329812	0.340348	0.338700	0.334097	0.338785	0.344174	0.332554	0.315633	0.338238	0.328621	0.320480	0.332882	0.306362	0.336084	0.350720	0.334217	0.333449	0.356994	0.338845	
0.339782	0.371696	0.333106	0.352405	0.328032	0.333771	0.311484	0.310927	0.350273	0.323283	0.329777	0.219894	0.303786	0.262281	0.184744	0.000000	0.195761	0.251682	0.320647	0.265830	0.324812	0.325740	0.319678	0.297110	0.309670	0.309528	0.342268	0.278878	0.277489	0.360696	0.369951	0.352194	0.292661	0.300804	0.292352	0.344947	0.357617	0.357578	0.321721	0.312503	0.320610	0.326166	0.315246	0.335530	0.350085	0.334055	0.324694	0.336614	0.328370	0.328406	0.349632	0.357989	0.339219	0.352721	0.139173	0.333507	0.313037	0.321425	0.329186	0.299515	0.341814	0.302954	0.347907	0.345501	0.333117	0.318599	0.324028	0.322746	0.338078	0.339869	0.322032	0.334705	0.332544	0.332844	0.349067	0.334317	0.339997	0.329737	0.348065	0.358454	0.353518	0.357104	0.345063	0.369156	0.338075	0.328335	0.339898	0.344830	0.328086	0.330680	0.318336	0.336819	0.336245	0.342402	0.329580	0.324711	0.345285	0.356761	0.383673	0.352239	0.334606	0.321122	0.342521	0.340537	0.335044	0.336130	0.339607	0.336707	0.316914	0.331508	0.323403	0.315878	0.325849	0.320992	0.337888	0.346304	0.330680	0.353692	0.373450	0.355220	
0.318372	0.347937	0.320746	0.352313	0.322519	0.310405	0.306434	0.283797	0.347594	0.320636	0.329983	0.305222	0.312883	0.328191	0.156342	0.195761	0.000000	0.305838	0.300179	0.306488	0.325862	0.352534	0.327038	0.298783	0.318677	0.326613	0.338996	0.292900	0.291310	0.363956	0.345579	0.354648	0.291948	0.299213	0.288476	0.339146	0.347640	0.334202	0.331916	0.312090	0.307808	0.309932	0.300497	0.330834	0.359010	0.321092	0.316589	0.307301	0.335962	0.299167	0.356040	0.358504	0.343880	0.326724	0.183050	0.308960	0.306459	0.306435	0.289098	0.309217	0.342776	0.316870	0.334015	0.331329	0.327490	0.314584	0.292425	0.312646	0.329460	0.325115	0.319487	0.333182	0.297259	0.324718	0.325081	0.331566	0.338840	0.328059	0.337245	0.354001	0.340039	0.314865	0.301464	0.351440	0.352730	0.320145	0.344718	0.347614	0.344338	0.344929	0.327225	0.335935	0.332063	0.353906	0.337366	0.336822	0.331224	0.357306	0.388671	0.338296	0.325818	0.316566	0.348264	0.348060	0.340387	0.318543	0.327706	0.313870	0.303840	0.323889	0.314442	0.315514	0.320174	0.325782	0.324311	0.333804	0.337461	0.339012	0.367233	0.339839	
0.365245	0.379365	0.344269	0.343401	0.327741	0.299083	0.306576	0.335011	0.320151	0.313569	0.339453	0.198502	0.274773	0.177168	0.308923	0.251682	0.305838	0.000000	0.207778	0.148831	0.323548	0.326002	0.350367	0.274472	0.303436	0.325179	0.342745	0.296491	0.299993	0.344657	0.364869	0.337563	0.274323	0.301288	0.276849	0.356243	0.342842	0.348845	0.333719	0.331723	0.327821	0.353154	0.340877	0.352653	0.351854	0.335879	0.325876	0.325446	0.335110	0.335553	0.354842	0.357582	0.358347	0.362287	0.259861	0.339121	0.317242	0.326206	0.337850	0.291510	0.348535	0.295369	0.353440	0.342294	0.352711	0.335102	0.360345	0.344038	0.358492	0.316833	0.329577	0.320201	0.341847	0.340596	0.352826	0.343104	0.356823	0.343665	0.333362	0.344991	0.337752	0.381079	0.344342	0.379512	0.351648	0.327548	0.346108	0.334877	0.349398	0.356511	0.322773	0.335885	0.337685	0.357817	0.320086	0.321658	0.316961	0.360805	0.392805	0.363589	0.360371	0.331904	0.335635	0.319540	0.325681	0.358397	0.350588	0.347639	0.332980	0.335786	0.327893	0.328124	0.326119	0.316919	0.337733	0.337874	0.333643	0.323967	0.350702	0.328436	
0.349722	0.371049	0.304819	0.307133	0.295111	0.312909	0.286897	0.323414	0.300002	0.294421	0.315830	0.239149	0.161592	0.210905	0.304894	0.320647	0.300179	0.207778	0.000000	0.220985	0.322668	0.354064	0.330685	0.264572	0.283981	0.323880	0.327388	0.289841	0.306344	0.314773	0.337699	0.331648	0.286369	0.284389	0.287053	0.340736	0.344968	0.348086	0.328107	0.320536	0.316564	0.330010	0.327302	0.329071	0.361288	0.330940	0.303604	0.320680	0.322963	0.338455	0.340483	0.336330	0.308864	0.367640	0.340245	0.334347	0.311861	0.305186	0.329011	0.298192	0.314636	0.311317	0.343227	0.331396	0.345591	0.321979	0.346694	0.343680	0.360806	0.324774	0.325527	0.323358	0.322627	0.327514	0.347025	0.325492	0.329528	0.302234	0.328474	0.316947	0.333850	0.361029	0.347956	0.382815	0.348131	0.323889	0.330615	0.340374	0.334513	0.338392	0.317240	0.347323	0.341064	0.353708	0.330594	0.331205	0.329580	0.349779	0.367210	0.338479	0.342004	0.333933	0.323937	0.319659	0.324372	0.346008	0.339332	0.326473	0.332163	0.346056	0.329858	0.321285	0.330412	0.337104	0.331602	0.331191	0.321722	0.321597	0.317471	0.313450	
0.360896	0.373156	0.345386	0.350246	0.322980	0.328760	0.323500	0.338269	0.337480	0.329108	0.341412	0.134689	0.209150	0.224961	0.309245	0.265830	0.306488	0.148831	0.220985	0.000000	0.322590	0.336231	0.348253	0.322380	0.321662	0.336021	0.338360	0.307975	0.300951	0.351537	0.367416	0.354091	0.274024	0.291099	0.276474	0.353312	0.335189	0.345226	0.329457	0.327690	0.324030	0.350103	0.337330	0.349479	0.351819	0.340013	0.308025	0.310837	0.300248	0.329476	0.348171	0.331974	0.334954	0.370974	0.277233	0.337473	0.306772	0.314535	0.337589	0.292518	0.338927	0.307625	0.355083	0.346193	0.351704	0.339305	0.361956	0.353571	0.353191	0.320001	0.336453	0.315389	0.341737	0.341018	0.348730	0.336711	0.344597	0.318335	0.323683	0.333355	0.328040	0.377832	0.355281	0.376757	0.350201	0.335948	0.346521	0.338714	0.357493	0.362103	0.331018	0.342479	0.337678	0.343277	0.329361	0.332027	0.324834	0.367790	0.405520	0.372048	0.352232	0.344212	0.326032	0.315337	0.321164	0.356390	0.350431	0.346560	0.345191	0.347744	0.333634	0.334710	0.340537	0.332159	0.341064	0.340773	0.334049	0.314279	0.344418	0.323398	
0.327506	0.304894	0.339046	0.344549	0.334088	0.329655	0.318030	0.327415	0.329305	0.306642	0.321817	0.343163	0.317512	0.354970	0.314111	0.324812	0.325862	0.323548	0.322668	0.322590	0.000000	0.138996	0.227073	0.307797	0.318838	0.313688	0.338641	0.316161	0.313768	0.352854	0.375032	0.368321	0.293227	0.311869	0.293556	0.358095	0.338852	0.346298	0.332031	0.325101	0.326121	0.335754	0.331656	0.340307	0.358918	0.320990	0.327653	0.340955	0.331837	0.328774	0.336039	0.341283	0.352960	0.357998	0.328986	0.330554	0.311278	0.293810	0.325229	0.303644	0.320317	0.317422	0.344899	0.342647	0.332420	0.324135	0.355382	0.342457	0.353621	0.332048	0.337964	0.327362	0.330816	0.333465	0.357405	0.335139	0.338472	0.338885	0.326431	0.339672	0.332745	0.366734	0.344511	0.376212	0.361351	0.339328	0.364740	0.327186	0.334226	0.337507	0.315560	0.304987	0.312605	0.329352	0.321907	0.324293	0.321189	0.357597	0.353994	0.346575	0.357828	0.304554	0.329368	0.313517	0.318130	0.336073	0.339129	0.345620	0.336046	0.351081	0.338883	0.339399	0.340320	0.323098	0.342022	0.343496	0.327988	0.319201	0.318998	0.310349	
0.326577	0.297575	0.353715	0.355658	0.346486	0.328366	0.321510	0.329389	0.339026	0.309228	0.324435	0.344708	0.345303	0.366517	0.327795	0.325740	0.352534	0.326002	0.354064	0.336231	0.138996	0.000000	0.293185	0.322151	0.345290	0.339763	0.354032	0.333075	0.324907	0.363109	0.381066	0.385490	0.316282	0.328409	0.318081	0.369479	0.348756	0.353662	0.351109	0.351188	0.361655	0.355735	0.348597	0.354142	0.358607	0.340033	0.345757	0.359297	0.342983	0.341761	0.359314	0.354286	0.360250	0.346082	0.328915	0.352822	0.326487	0.319526	0.340103	0.329953	0.368451	0.330613	0.363218	0.359649	0.345020	0.338042	0.365837	0.346395	0.364556	0.337710	0.339387	0.336579	0.341629	0.333180	0.360110	0.356038	0.363835	0.354513	0.355164	0.349017	0.356632	0.384035	0.348558	0.393178	0.370270	0.352886	0.375228	0.335507	0.333147	0.337192	0.334023	0.305901	0.315476	0.341142	0.339124	0.339005	0.340585	0.369267	0.363021	0.351610	0.367262	0.308541	0.353113	0.337401	0.334894	0.362277	0.358296	0.361181	0.341091	0.352326	0.344887	0.340253	0.356805	0.329409	0.361206	0.361534	0.347626	0.350251	0.320763	0.338378	
0.283992	0.319393	0.327080	0.332615	0.330482	0.337566	0.307510	0.313541	0.329121	0.312588	0.314166	0.339863	0.318182	0.349203	0.325446	0.319678	0.327038	0.350367	0.330685	0.348253	0.227073	0.293185	0.000000	0.302298	0.307886	0.300276	0.322937	0.302391	0.299033	0.376757	0.370467	0.393740	0.305033	0.309131	0.303462	0.346425	0.358592	0.352809	0.312270	0.325376	0.313648	0.325360	0.329371	0.342621	0.349257	0.304090	0.315239	0.337392	0.333967	0.330804	0.326491	0.348058	0.333354	0.342220	0.343333	0.333783	0.318986	0.300601	0.329200	0.321110	0.316548	0.320807	0.335264	0.339264	0.325070	0.320628	0.339566	0.327992	0.346871	0.335460	0.325073	0.331958	0.331570	0.339992	0.348299	0.330174	0.327927	0.322873	0.327266	0.327074	0.326852	0.338901	0.339741	0.359954	0.348344	0.326180	0.337217	0.376937	0.326229	0.324232	0.360450	0.323303	0.323032	0.336585	0.315705	0.311445	0.316732	0.362204	0.361970	0.352989	0.359402	0.322857	0.334398	0.331093	0.323938	0.327394	0.342782	0.320765	0.314885	0.347232	0.334712	0.325495	0.345063	0.334120	0.332631	0.343317	0.329125	0.325092	0.346657	0.332213	
0.288437	0.365272	0.295396	0.287953	0.302771	0.281941	0.242285	0.300855	0.245743	0.267156	0.291384	0.334696	0.292050	0.294137	0.305130	0.297110	0.298783	0.274472	0.264572	0.322380	0.307797	0.322151	0.302298	0.000000	0.172908	0.138028	0.313118	0.286621	0.294281	0.343401	0.356790	0.333756	0.274480	0.285038	0.272355	0.314867	0.327230	0.334238	0.304117	0.309164	0.295212	0.307459	0.296353	0.310748	0.320136	0.302545	0.294518	0.330727	0.317178	0.314078	0.324764	0.335498	0.313859	0.331760	0.313498	0.307181	0.291151	0.290348	0.310917	0.275134	0.312813	0.285549	0.311657	0.311078	0.313974	0.300581	0.319471	0.308776	0.321209	0.297315	0.292030	0.293945	0.320759	0.317883	0.331047	0.297493	0.307117	0.291227	0.307066	0.308535	0.311659	0.336091	0.307707	0.339939	0.321807	0.302008	0.319067	0.330170	0.297055	0.309019	0.304389	0.298646	0.304260	0.298665	0.294363	0.305412	0.315285	0.353209	0.358776	0.338489	0.329859	0.277490	0.319417	0.310099	0.308544	0.322065	0.335633	0.310613	0.284851	0.307709	0.298392	0.300383	0.298767	0.289967	0.303501	0.296705	0.294816	0.309302	0.324538	0.307128	
0.277688	0.351758	0.279662	0.275849	0.288334	0.304349	0.228918	0.309783	0.292534	0.283713	0.296976	0.323273	0.287699	0.317409	0.325417	0.309670	0.318677	0.303436	0.283981	0.321662	0.318838	0.345290	0.307886	0.172908	0.000000	0.116861	0.320028	0.291885	0.294919	0.353856	0.356126	0.318176	0.293358	0.299595	0.292043	0.291721	0.323393	0.332537	0.320024	0.317402	0.305163	0.307256	0.313054	0.311844	0.324909	0.296118	0.295662	0.350089	0.332068	0.328779	0.328023	0.332516	0.332135	0.323082	0.320012	0.309136	0.290713	0.291487	0.313062	0.281624	0.310904	0.276983	0.315006	0.316618	0.320553	0.313443	0.328032	0.333370	0.336489	0.329986	0.310689	0.325999	0.318960	0.313566	0.335965	0.298218	0.310968	0.287729	0.315004	0.324198	0.314052	0.336784	0.320596	0.335513	0.319008	0.308609	0.325333	0.344295	0.290859	0.299973	0.301729	0.315072	0.315786	0.287075	0.308154	0.324320	0.330146	0.355311	0.360634	0.350372	0.316116	0.317917	0.329623	0.318408	0.322703	0.315894	0.328268	0.315333	0.300676	0.310890	0.318689	0.306970	0.306588	0.311125	0.308717	0.309002	0.308490	0.333387	0.330473	0.316767	
0.287646	0.356056	0.306207	0.313258	0.329136	0.312676	0.256061	0.325339	0.299248	0.296560	0.307598	0.342922	0.319269	0.344190	0.329089	0.309528	0.326613	0.325179	0.323880	0.336021	0.313688	0.339763	0.300276	0.138028	0.116861	0.000000	0.331780	0.307438	0.303768	0.361680	0.363255	0.334215	0.297207	0.301842	0.294160	0.304587	0.334238	0.338760	0.331740	0.326121	0.320854	0.309480	0.307551	0.313911	0.327019	0.301968	0.304252	0.355935	0.340730	0.334506	0.343689	0.339084	0.351452	0.328845	0.322147	0.317285	0.309340	0.304349	0.329549	0.287354	0.323961	0.290125	0.326367	0.333699	0.325656	0.317106	0.339414	0.336233	0.341607	0.330651	0.322672	0.322729	0.340302	0.331908	0.351471	0.313206	0.315491	0.304292	0.317485	0.335055	0.321827	0.344032	0.329961	0.333884	0.322038	0.314523	0.328317	0.334153	0.313021	0.319558	0.321458	0.319347	0.323418	0.293560	0.305376	0.319428	0.330516	0.358157	0.358659	0.347810	0.326629	0.319912	0.321594	0.321015	0.313441	0.323522	0.338912	0.320632	0.308546	0.321663	0.324703	0.315209	0.323256	0.325409	0.314203	0.315295	0.314888	0.332465	0.330872	0.320003	
0.323619	0.353992	0.340161	0.309570	0.331304	0.363568	0.313553	0.334833	0.345422	0.315785	0.318481	0.344811	0.323805	0.338745	0.343996	0.342268	0.338996	0.342745	0.327388	0.338360	0.338641	0.354032	0.322937	0.313118	0.320028	0.331780	0.000000	0.194572	0.191004	0.353276	0.376440	0.351717	0.245163	0.259345	0.240699	0.339323	0.353330	0.352788	0.328477	0.331254	0.303515	0.307699	0.325172	0.320822	0.337856	0.336938	0.319580	0.326321	0.332671	0.328485	0.330065	0.339511	0.325610	0.342244	0.346356	0.320438	0.320530	0.314638	0.337505	0.308519	0.330130	0.318099	0.332134	0.331506	0.327660	0.318487	0.361516	0.343771	0.341573	0.347711	0.322976	0.337742	0.340238	0.338424	0.342054	0.316116	0.321600	0.323752	0.314801	0.336272	0.315948	0.363812	0.347397	0.360269	0.336713	0.331168	0.336152	0.340085	0.323788	0.324241	0.317921	0.317629	0.314418	0.334119	0.323698	0.345648	0.341728	0.372115	0.364546	0.389700	0.351733	0.331766	0.361596	0.362325	0.356460	0.331615	0.321564	0.328022	0.326020	0.344180	0.335961	0.328782	0.323818	0.344273	0.330796	0.330721	0.323298	0.319613	0.327508	0.329463	
0.321516	0.363528	0.304926	0.320937	0.294319	0.319661	0.283546	0.292958	0.311529	0.276266	0.287456	0.291028	0.287003	0.314864	0.282642	0.278878	0.292900	0.296491	0.289841	0.307975	0.316161	0.333075	0.302391	0.286621	0.291885	0.307438	0.194572	0.000000	0.171318	0.340374	0.341454	0.353492	0.210529	0.229379	0.210283	0.325522	0.345851	0.341560	0.317229	0.324143	0.302102	0.316183	0.314497	0.332569	0.345679	0.312311	0.294802	0.331893	0.334821	0.329579	0.322077	0.328237	0.318688	0.338112	0.306899	0.311260	0.306310	0.297935	0.321786	0.286874	0.321677	0.296854	0.290318	0.295044	0.299254	0.284334	0.325157	0.293936	0.305119	0.312296	0.290681	0.300456	0.316119	0.324387	0.348707	0.318338	0.321506	0.307513	0.329924	0.340299	0.335439	0.329207	0.315474	0.372644	0.333996	0.304620	0.311932	0.326098	0.317016	0.313988	0.305047	0.322221	0.321476	0.337210	0.306013	0.306632	0.327962	0.305058	0.363631	0.323569	0.316007	0.311240	0.342286	0.321297	0.319975	0.331218	0.327304	0.325896	0.296489	0.301666	0.293165	0.302379	0.306126	0.303339	0.321493	0.333619	0.318649	0.319723	0.349760	0.321309	
0.302869	0.330859	0.308756	0.323390	0.305603	0.324180	0.291962	0.294512	0.322003	0.300851	0.315039	0.287919	0.300800	0.319040	0.280883	0.277489	0.291310	0.299993	0.306344	0.300951	0.313768	0.324907	0.299033	0.294281	0.294919	0.303768	0.191004	0.171318	0.000000	0.341942	0.346334	0.353008	0.205134	0.192479	0.207328	0.331556	0.348962	0.355533	0.323310	0.328122	0.296135	0.324623	0.328609	0.339399	0.328371	0.322378	0.314700	0.328668	0.342754	0.333626	0.340696	0.364128	0.331494	0.330254	0.301014	0.310906	0.311679	0.302869	0.328651	0.289026	0.336952	0.300070	0.319331	0.317747	0.333219	0.311457	0.339069	0.335723	0.347530	0.335836	0.316735	0.333466	0.320780	0.315714	0.345271	0.323391	0.335971	0.309182	0.328137	0.347659	0.332408	0.353999	0.336226	0.356620	0.337634	0.321266	0.332518	0.316145	0.327274	0.328489	0.303006	0.334444	0.327971	0.350778	0.312762	0.318315	0.334682	0.343234	0.386391	0.343296	0.327227	0.306663	0.332761	0.332037	0.327206	0.322113	0.311091	0.317752	0.318858	0.326945	0.312394	0.321052	0.322499	0.322076	0.321619	0.323757	0.316470	0.327801	0.362538	0.332683	
0.349574	0.346024	0.333840	0.341054	0.295495	0.363767	0.310135	0.344150	0.365658	0.338761	0.350099	0.362011	0.334829	0.337394	0.374199	0.360696	0.363956	0.344657	0.314773	0.351537	0.352854	0.363109	0.376757	0.343401	0.353856	0.361680	0.353276	0.340374	0.341942	0.000000	0.163554	0.199371	0.326521	0.352973	0.327662	0.346372	0.367034	0.394088	0.358984	0.357624	0.357259	0.394505	0.368963	0.367088	0.349051	0.388915	0.379385	0.388291	0.360990	0.377836	0.356292	0.371586	0.371440	0.397888	0.372966	0.373547	0.350054	0.345252	0.363453	0.357539	0.367190	0.363221	0.378772	0.360678	0.383788	0.381318	0.394370	0.384254	0.388422	0.383552	0.362974	0.379887	0.377341	0.351519	0.374687	0.359579	0.359060	0.348871	0.380842	0.371057	0.385092	0.393790	0.379541	0.366717	0.388374	0.375028	0.380773	0.335151	0.352791	0.362596	0.323772	0.373060	0.363300	0.367132	0.371267	0.382044	0.378267	0.353340	0.360558	0.342518	0.388512	0.353383	0.392727	0.370853	0.383659	0.385584	0.368518	0.366964	0.377877	0.387502	0.377608	0.378632	0.390550	0.381953	0.348105	0.342026	0.342231	0.368648	0.369123	0.371700	
0.318950	0.331633	0.293667	0.364535	0.262675	0.356584	0.302990	0.330981	0.341892	0.340386	0.350378	0.377443	0.357675	0.371196	0.374281	0.369951	0.345579	0.364869	0.337699	0.367416	0.375032	0.381066	0.370467	0.356790	0.356126	0.363255	0.376440	0.341454	0.346334	0.163554	0.000000	0.229640	0.345058	0.344716	0.346177	0.359530	0.374301	0.386758	0.369878	0.359463	0.368404	0.370821	0.357210	0.370743	0.380077	0.390499	0.376862	0.392943	0.378492	0.379656	0.376498	0.391353	0.389443	0.378506	0.364258	0.372195	0.360230	0.355983	0.357428	0.363691	0.378418	0.373410	0.381483	0.368219	0.394852	0.375236	0.385704	0.393217	0.402553	0.385597	0.369880	0.383896	0.370985	0.380043	0.385987	0.375513	0.379554	0.371517	0.386498	0.384316	0.394611	0.386530	0.364999	0.371715	0.377792	0.369170	0.372452	0.383264	0.378963	0.382768	0.372430	0.398208	0.384008	0.389499	0.380346	0.377038	0.382310	0.364436	0.380384	0.338907	0.390472	0.367273	0.389079	0.373509	0.381729	0.373762	0.370276	0.359513	0.378534	0.385541	0.374410	0.357490	0.371184	0.379935	0.368329	0.366093	0.378567	0.374296	0.400061	0.377024	
0.334992	0.342045	0.360220	0.326771	0.315705	0.351715	0.309489	0.349217	0.393477	0.336266	0.342181	0.371981	0.349745	0.349336	0.372513	0.352194	0.354648	0.337563	0.331648	0.354091	0.368321	0.385490	0.393740	0.333756	0.318176	0.334215	0.351717	0.353492	0.353008	0.199371	0.229640	0.000000	0.335089	0.357482	0.336035	0.351289	0.374763	0.385039	0.381609	0.362271	0.361297	0.371327	0.368685	0.359502	0.365998	0.385306	0.371469	0.381053	0.365106	0.373712	0.355436	0.363184	0.370439	0.364812	0.350912	0.365713	0.346729	0.352917	0.358791	0.349309	0.363179	0.349292	0.374607	0.359923	0.391386	0.384978	0.377414	0.375348	0.381095	0.390575	0.372792	0.386864	0.386286	0.366812	0.370431	0.359686	0.360750	0.355354	0.363245	0.363957	0.365213	0.396271	0.376824	0.372953	0.390317	0.386757	0.394121	0.328289	0.337714	0.348432	0.316762	0.364803	0.363343	0.343848	0.377285	0.391316	0.388813	0.366777	0.367494	0.372681	0.387100	0.363865	0.386904	0.393213	0.375820	0.375236	0.364595	0.362086	0.372244	0.378413	0.374351	0.373257	0.371419	0.395900	0.356820	0.352277	0.361132	0.376032	0.348125	0.365250	
0.321337	0.344103	0.306030	0.300481	0.298663	0.313849	0.281571	0.301673	0.321044	0.261299	0.300711	0.297311	0.300011	0.324917	0.295235	0.292661	0.291948	0.274323	0.286369	0.274024	0.293227	0.316282	0.305033	0.274480	0.293358	0.297207	0.245163	0.210529	0.205134	0.326521	0.345058	0.335089	0.000000	0.167517	0.014631	0.335158	0.333203	0.341184	0.314487	0.319387	0.299296	0.317066	0.312494	0.328067	0.344744	0.307482	0.304693	0.311325	0.310718	0.304962	0.320995	0.330867	0.321978	0.339635	0.300279	0.312172	0.289857	0.291479	0.310365	0.274509	0.322212	0.280300	0.326648	0.329682	0.325588	0.306959	0.330928	0.321785	0.332200	0.322906	0.312069	0.311919	0.313082	0.304541	0.326045	0.308468	0.307346	0.309335	0.319717	0.324308	0.323728	0.352869	0.329167	0.368277	0.348816	0.322969	0.342324	0.296454	0.321497	0.315200	0.282926	0.310148	0.308391	0.338323	0.311507	0.317861	0.314892	0.343149	0.377899	0.325653	0.322634	0.295544	0.333430	0.310315	0.309139	0.331336	0.333639	0.322858	0.300871	0.312884	0.297229	0.315066	0.320801	0.315492	0.314099	0.319517	0.304830	0.303381	0.323057	0.307943	
0.313384	0.344612	0.309857	0.321932	0.303233	0.313918	0.285501	0.295525	0.304466	0.265373	0.305637	0.305481	0.307875	0.336081	0.305670	0.300804	0.299213	0.301288	0.284389	0.291099	0.311869	0.328409	0.309131	0.285038	0.299595	0.301842	0.259345	0.229379	0.192479	0.352973	0.344716	0.357482	0.167517	0.000000	0.167758	0.330845	0.328894	0.334399	0.322982	0.324851	0.306602	0.316351	0.321793	0.337960	0.350506	0.315044	0.305066	0.308815	0.334976	0.328607	0.323935	0.341621	0.328464	0.340633	0.310633	0.319084	0.299093	0.301188	0.318642	0.281938	0.317251	0.283311	0.341969	0.340206	0.315486	0.296626	0.333656	0.336587	0.348101	0.328019	0.319650	0.323928	0.320535	0.317481	0.342290	0.311963	0.329211	0.313762	0.318941	0.326507	0.321172	0.350641	0.324583	0.373325	0.335126	0.314026	0.330672	0.331231	0.330444	0.330241	0.313136	0.323589	0.327395	0.327529	0.319919	0.315259	0.314852	0.325363	0.358594	0.332411	0.321817	0.310391	0.325549	0.313235	0.319075	0.325668	0.332957	0.315895	0.306402	0.298247	0.284912	0.299357	0.304122	0.319496	0.326917	0.330873	0.318209	0.305642	0.333344	0.309420	
0.320654	0.344549	0.305904	0.298242	0.298006	0.311541	0.281098	0.299129	0.319055	0.261511	0.299240	0.298632	0.299198	0.323535	0.294725	0.292352	0.288476	0.276849	0.287053	0.276474	0.293556	0.318081	0.303462	0.272355	0.292043	0.294160	0.240699	0.210283	0.207328	0.327662	0.346177	0.336035	0.014631	0.167758	0.000000	0.332271	0.330484	0.336823	0.311939	0.316286	0.297059	0.311958	0.307214	0.324460	0.342837	0.304318	0.302337	0.307305	0.308187	0.300256	0.318505	0.328242	0.319254	0.336443	0.298017	0.309417	0.286290	0.288681	0.306431	0.272744	0.317402	0.279065	0.324587	0.328516	0.322862	0.304327	0.327337	0.319802	0.331472	0.319433	0.308702	0.308919	0.312078	0.305193	0.324700	0.305390	0.305099	0.307117	0.317104	0.322706	0.320382	0.349364	0.324987	0.365444	0.345677	0.320470	0.339002	0.297558	0.317381	0.312748	0.282637	0.308336	0.305833	0.336727	0.307630	0.315750	0.311366	0.345013	0.375865	0.327350	0.320922	0.294760	0.332547	0.310933	0.308529	0.329750	0.332648	0.320913	0.298396	0.311841	0.296529	0.313694	0.319614	0.315438	0.312242	0.317206	0.304310	0.299868	0.320637	0.306206	
0.328544	0.363103	0.335025	0.322659	0.328114	0.348669	0.320909	0.334139	0.359974	0.322813	0.327491	0.352634	0.326058	0.336640	0.361117	0.344947	0.339146	0.356243	0.340736	0.353312	0.358095	0.369479	0.346425	0.314867	0.291721	0.304587	0.339323	0.325522	0.331556	0.346372	0.359530	0.351289	0.335158	0.330845	0.332271	0.000000	0.192513	0.231689	0.327914	0.305051	0.323091	0.308055	0.309781	0.310425	0.335984	0.294044	0.291226	0.363753	0.348034	0.341432	0.348465	0.366551	0.341111	0.293627	0.339466	0.275880	0.329094	0.333614	0.333790	0.301987	0.324742	0.307636	0.344629	0.336404	0.346295	0.336696	0.338293	0.347363	0.362732	0.351256	0.336412	0.348050	0.322984	0.273186	0.298076	0.253235	0.285330	0.270783	0.338588	0.341869	0.341830	0.340076	0.333538	0.330349	0.328974	0.332869	0.327575	0.381182	0.344894	0.348989	0.351459	0.330518	0.338435	0.322268	0.316533	0.331345	0.348162	0.377626	0.382802	0.361190	0.323087	0.350106	0.364112	0.351373	0.364953	0.339698	0.333552	0.337119	0.333211	0.334578	0.346986	0.349589	0.341792	0.350518	0.230917	0.263168	0.289827	0.347673	0.357103	0.338627	
0.349984	0.383364	0.355739	0.343661	0.342107	0.333386	0.344065	0.345606	0.334248	0.345341	0.342961	0.356647	0.331134	0.345644	0.345884	0.357617	0.347640	0.342842	0.344968	0.335189	0.338852	0.348756	0.358592	0.327230	0.323393	0.334238	0.353330	0.345851	0.348962	0.367034	0.374301	0.374763	0.333203	0.328894	0.330484	0.192513	0.000000	0.129557	0.335703	0.324914	0.341958	0.315866	0.312413	0.335503	0.346125	0.334681	0.317331	0.361578	0.349197	0.346790	0.363955	0.374586	0.348358	0.304767	0.345553	0.244179	0.335618	0.337282	0.338066	0.314353	0.339302	0.328109	0.363187	0.353679	0.358846	0.344931	0.337823	0.346909	0.351257	0.319324	0.330211	0.311417	0.256380	0.210802	0.218812	0.171305	0.283799	0.267486	0.319051	0.330434	0.323279	0.361959	0.337885	0.358336	0.359793	0.353443	0.360390	0.378458	0.367272	0.371575	0.369398	0.346271	0.328843	0.340380	0.316623	0.329384	0.325378	0.408648	0.407946	0.379241	0.359098	0.364509	0.371222	0.355278	0.370219	0.363931	0.368954	0.358337	0.351128	0.356741	0.365480	0.368343	0.352407	0.357858	0.240658	0.205516	0.231013	0.327489	0.352001	0.320053	
