0.000000	0.183842	0.295678	0.326002	0.280056	0.314796	0.259971	0.314866	0.246630	0.339831	0.346195	0.288825	0.306730	0.305788	0.290998	0.295947	0.291437	0.326769	0.317812	0.303694	0.205858	0.279880	0.212799	0.311965	0.303362	0.322030	0.323083	0.311417	0.312631	0.319591	0.287154	0.282731	0.335862	0.307643	0.336552	0.321495	0.316154	0.335251	0.307379	0.349322	0.301371	0.353752	0.317661	0.335901	0.306357	0.319945	0.313237	0.371015	0.318661	0.317068	0.311208	0.329334	0.331483	0.300988	0.288798	0.290409	0.309854	0.334376	0.323804	0.315090	0.324835	0.345734	0.305280	0.305116	0.335192	0.282885	0.308655	0.275108	0.283094	0.284659	0.285920	0.285152	0.293739	0.309101	0.314938	0.317599	0.299193	0.320739	0.330781	0.333060	0.305725	0.319928	0.284888	0.287011	0.352421	0.343788	0.294066	0.345533	0.333685	0.332091	0.338330	0.298370	0.285302	0.279250	0.338441	0.340101	0.334957	0.371960	0.350932	0.318095	0.325612	0.339941	0.342494	0.337904	0.314234	0.313595	0.313048	0.346918	0.329801	0.311533	0.331660	0.322709	0.338582	0.329821	0.313933	0.306687	0.300581	0.301800	0.281021	0.300960	
0.183842	0.000000	0.207178	0.233447	0.167398	0.213578	0.131982	0.231907	0.121165	0.287636	0.302792	0.272319	0.307073	0.289008	0.269052	0.281089	0.269163	0.304065	0.296257	0.285111	0.281762	0.349260	0.280318	0.298542	0.305389	0.318757	0.294445	0.291662	0.331706	0.325979	0.270818	0.270579	0.358279	0.329937	0.357560	0.310606	0.312865	0.331572	0.305141	0.370622	0.299922	0.339116	0.293165	0.325913	0.305870	0.317073	0.313304	0.373853	0.344394	0.339392	0.294226	0.310476	0.320182	0.310147	0.274297	0.323207	0.310416	0.333055	0.320239	0.312348	0.289453	0.339789	0.301766	0.298569	0.318642	0.319682	0.345017	0.313239	0.320774	0.296130	0.297975	0.291447	0.286454	0.330511	0.337326	0.330599	0.305625	0.326594	0.331947	0.331107	0.301490	0.322890	0.298046	0.290315	0.353542	0.331403	0.320323	0.378186	0.368424	0.331291	0.331096	0.277596	0.268447	0.291847	0.324000	0.322903	0.321501	0.345060	0.333266	0.303691	0.322360	0.328481	0.325715	0.323353	0.339049	0.327673	0.308153	0.338418	0.317016	0.305731	0.326687	0.308601	0.321355	0.323112	0.298176	0.291256	0.289363	0.307242	0.311583	0.284982	
0.295678	0.207178	0.000000	0.084383	0.191480	0.244838	0.223413	0.287737	0.209205	0.324663	0.316387	0.301412	0.323548	0.307332	0.296613	0.313156	0.302520	0.320067	0.307369	0.295581	0.325004	0.361927	0.322708	0.322281	0.305902	0.325542	0.308746	0.311123	0.344717	0.351375	0.296454	0.294623	0.353784	0.321755	0.350409	0.308973	0.309662	0.349454	0.313988	0.371359	0.313008	0.327546	0.313739	0.311434	0.332429	0.344011	0.340012	0.382520	0.364608	0.361673	0.315597	0.333466	0.345432	0.331060	0.302268	0.350980	0.323504	0.346574	0.329341	0.323480	0.320397	0.349741	0.310861	0.304478	0.334077	0.339436	0.360231	0.331600	0.335965	0.322179	0.319329	0.325208	0.304976	0.322036	0.325386	0.349714	0.322141	0.351460	0.346772	0.336670	0.316354	0.336728	0.324330	0.307998	0.368074	0.345462	0.321578	0.382419	0.377162	0.341201	0.345487	0.300740	0.287596	0.303935	0.343173	0.342161	0.347799	0.335946	0.340331	0.315680	0.326782	0.323164	0.343745	0.342106	0.361868	0.321029	0.280336	0.329556	0.327389	0.313525	0.305366	0.331761	0.299304	0.307228	0.309692	0.300668	0.311149	0.293239	0.338141	0.269523	
0.326002	0.233447	0.084383	0.000000	0.207655	0.254895	0.248308	0.293081	0.225077	0.326027	0.314899	0.299646	0.327167	0.307553	0.298386	0.321741	0.309346	0.320964	0.309351	0.293400	0.334282	0.367387	0.334591	0.333190	0.325859	0.341915	0.314518	0.317002	0.349277	0.359345	0.305418	0.304832	0.359684	0.330232	0.356086	0.311927	0.314956	0.356662	0.320996	0.375465	0.316927	0.326118	0.324145	0.321398	0.337614	0.350865	0.347006	0.384706	0.366143	0.360470	0.310695	0.335480	0.345686	0.341586	0.316707	0.352530	0.332148	0.352989	0.339979	0.311699	0.324307	0.343832	0.304361	0.304890	0.336584	0.346219	0.363802	0.331833	0.336273	0.321349	0.316142	0.325286	0.309149	0.326481	0.328801	0.351943	0.332639	0.355068	0.345576	0.339710	0.318085	0.334537	0.323211	0.299386	0.366266	0.347860	0.325126	0.382512	0.378214	0.343790	0.343085	0.298700	0.291176	0.304604	0.347230	0.354010	0.358267	0.343774	0.346753	0.316507	0.335612	0.326421	0.349688	0.347704	0.369391	0.331039	0.285840	0.330101	0.328684	0.314958	0.308643	0.332003	0.305428	0.302409	0.303806	0.310946	0.320925	0.302640	0.346358	0.276588	
0.280056	0.167398	0.191480	0.207655	0.000000	0.185805	0.186779	0.216472	0.154972	0.269628	0.298380	0.267500	0.293539	0.275813	0.275742	0.287757	0.276440	0.292810	0.281619	0.281840	0.306836	0.343574	0.285640	0.336252	0.306510	0.337247	0.303182	0.307031	0.340396	0.337082	0.277526	0.276667	0.365303	0.336463	0.364032	0.317523	0.324723	0.343339	0.314837	0.382189	0.308679	0.330897	0.297585	0.315879	0.309928	0.321945	0.317249	0.348707	0.343902	0.323738	0.305447	0.295297	0.308430	0.318403	0.273601	0.328714	0.327855	0.319852	0.301316	0.300356	0.305293	0.320469	0.309251	0.281960	0.293874	0.321413	0.351464	0.321236	0.325035	0.295452	0.297341	0.290858	0.291956	0.322021	0.331964	0.335443	0.304842	0.329470	0.301891	0.303342	0.305755	0.321590	0.298024	0.293436	0.345022	0.319622	0.325577	0.376821	0.373870	0.332812	0.338183	0.266659	0.213631	0.230283	0.308456	0.311488	0.319782	0.350542	0.349528	0.314684	0.341791	0.349271	0.330014	0.327104	0.345204	0.317430	0.302300	0.306103	0.302216	0.266840	0.324722	0.311376	0.309232	0.324500	0.312271	0.308529	0.306945	0.309169	0.303975	0.280474	
0.314796	0.213578	0.244838	0.254895	0.185805	0.000000	0.168684	0.164276	0.158604	0.327652	0.312699	0.292583	0.287375	0.293648	0.291708	0.308036	0.301300	0.284198	0.271417	0.277853	0.322795	0.362616	0.320261	0.356795	0.316899	0.344264	0.327795	0.324683	0.350276	0.344680	0.297986	0.294246	0.364097	0.339930	0.366383	0.330375	0.342031	0.353836	0.328380	0.388580	0.320818	0.351539	0.311913	0.339550	0.335711	0.354754	0.345508	0.386762	0.351127	0.354502	0.316765	0.327280	0.335959	0.333427	0.301805	0.321431	0.342084	0.333508	0.325137	0.314964	0.311545	0.328014	0.327034	0.305729	0.314748	0.329284	0.355932	0.318802	0.331005	0.320365	0.319524	0.314129	0.309895	0.340921	0.348366	0.338072	0.335431	0.341111	0.343562	0.318609	0.300081	0.333004	0.315933	0.301763	0.359078	0.344671	0.350436	0.374681	0.370989	0.332645	0.321569	0.294225	0.296536	0.311057	0.321268	0.327276	0.326717	0.351308	0.348341	0.352122	0.355544	0.330181	0.342386	0.337861	0.335657	0.348406	0.329744	0.325737	0.332262	0.322766	0.346315	0.333372	0.337645	0.346043	0.326103	0.329584	0.327277	0.335452	0.323560	0.318456	
0.259971	0.131982	0.223413	0.248308	0.186779	0.168684	0.000000	0.169261	0.082007	0.281318	0.289172	0.283410	0.310060	0.285295	0.262396	0.278577	0.271977	0.302974	0.294024	0.288897	0.308547	0.337798	0.308595	0.310858	0.309880	0.322017	0.306348	0.306880	0.342559	0.335699	0.279481	0.278064	0.367699	0.339281	0.366779	0.311882	0.317562	0.334474	0.311303	0.371995	0.304445	0.321154	0.296031	0.319714	0.320306	0.321739	0.321515	0.379166	0.345399	0.350254	0.292593	0.310738	0.326662	0.316236	0.281657	0.326242	0.303962	0.317797	0.309603	0.310282	0.289631	0.325464	0.301377	0.304928	0.308828	0.318417	0.329410	0.302092	0.311065	0.290885	0.289389	0.289298	0.280282	0.328613	0.347347	0.327068	0.309334	0.322761	0.329214	0.335476	0.299237	0.316709	0.294915	0.286473	0.354664	0.332705	0.333596	0.374552	0.369239	0.328454	0.318557	0.268295	0.281041	0.300750	0.317380	0.318928	0.314626	0.324772	0.328901	0.318030	0.337977	0.318647	0.323296	0.319197	0.334131	0.316150	0.296469	0.339349	0.311600	0.305597	0.308023	0.308384	0.323355	0.332914	0.299117	0.301202	0.298475	0.305319	0.319427	0.292243	
0.314866	0.231907	0.287737	0.293081	0.216472	0.164276	0.169261	0.000000	0.205866	0.282954	0.292381	0.286141	0.297968	0.283758	0.292135	0.306057	0.296167	0.303434	0.293704	0.301021	0.324026	0.355788	0.313371	0.368356	0.341225	0.362351	0.325955	0.328928	0.362200	0.381164	0.312563	0.312415	0.378741	0.357879	0.380767	0.331103	0.316867	0.351034	0.317500	0.390168	0.309660	0.339448	0.303818	0.333461	0.336647	0.340977	0.336973	0.392705	0.365777	0.367535	0.318420	0.306875	0.326577	0.306542	0.304564	0.340071	0.322907	0.329485	0.318954	0.324738	0.308879	0.338391	0.334060	0.308270	0.327748	0.338463	0.364194	0.336287	0.346798	0.315915	0.316067	0.317209	0.310916	0.337263	0.356332	0.339454	0.322267	0.327359	0.343284	0.348986	0.324767	0.336008	0.309131	0.304277	0.349263	0.352118	0.329000	0.375214	0.367152	0.353283	0.340675	0.290272	0.293181	0.322813	0.330044	0.335256	0.331181	0.344904	0.362623	0.334051	0.365437	0.348005	0.339386	0.335404	0.342722	0.346379	0.322711	0.355086	0.322411	0.313490	0.323771	0.333040	0.333569	0.351874	0.297392	0.298718	0.297913	0.325484	0.332651	0.301631	
0.246630	0.121165	0.209205	0.225077	0.154972	0.158604	0.082007	0.205866	0.000000	0.276048	0.290743	0.268553	0.298888	0.274674	0.252314	0.269120	0.266401	0.290725	0.277395	0.266412	0.299475	0.336108	0.302818	0.306893	0.270063	0.317540	0.288591	0.285677	0.327531	0.319388	0.248089	0.244655	0.352334	0.320290	0.352118	0.305012	0.308096	0.327035	0.299517	0.352459	0.291673	0.328801	0.285607	0.310272	0.296215	0.313722	0.312134	0.369258	0.337287	0.338184	0.277968	0.302997	0.309674	0.310896	0.267081	0.321430	0.311684	0.327887	0.306350	0.310924	0.291897	0.339074	0.290708	0.288100	0.309509	0.310607	0.329037	0.307874	0.313388	0.284881	0.287018	0.280487	0.275472	0.313503	0.321295	0.325759	0.295945	0.321970	0.323623	0.320550	0.288144	0.307738	0.286942	0.278084	0.343503	0.319451	0.318606	0.358891	0.353714	0.321883	0.326719	0.255397	0.245039	0.261840	0.302013	0.307154	0.316174	0.323714	0.319118	0.303706	0.329149	0.327662	0.307190	0.303862	0.315832	0.314389	0.295961	0.323577	0.311193	0.293995	0.314982	0.288587	0.306012	0.314036	0.293841	0.290171	0.288234	0.280133	0.300018	0.274909	
0.339831	0.287636	0.324663	0.326027	0.269628	0.327652	0.281318	0.282954	0.276048	0.000000	0.162296	0.304796	0.304986	0.301162	0.284853	0.305396	0.295282	0.319444	0.316386	0.308697	0.322042	0.373049	0.336337	0.352932	0.359719	0.356707	0.317834	0.322359	0.349689	0.375375	0.309663	0.318169	0.379278	0.344597	0.379869	0.365038	0.345368	0.363445	0.325437	0.371528	0.317011	0.338140	0.318304	0.342466	0.336734	0.340032	0.346355	0.368137	0.353831	0.343943	0.290984	0.295092	0.294604	0.326512	0.302342	0.347701	0.337824	0.311913	0.299197	0.338405	0.324710	0.333998	0.313569	0.309276	0.297255	0.352609	0.353675	0.340952	0.337623	0.309279	0.310810	0.311618	0.296326	0.357135	0.350900	0.356619	0.320121	0.356850	0.329246	0.329703	0.316495	0.349911	0.317157	0.315460	0.342010	0.360111	0.334724	0.359281	0.352891	0.324678	0.323845	0.280877	0.258047	0.289517	0.377518	0.383509	0.386342	0.293333	0.337879	0.275496	0.367719	0.308154	0.294277	0.292809	0.289941	0.312775	0.305978	0.309056	0.313718	0.301905	0.318586	0.316851	0.334368	0.321956	0.309094	0.317793	0.316914	0.319114	0.334120	0.309659	
0.346195	0.302792	0.316387	0.314899	0.298380	0.312699	0.289172	0.292381	0.290743	0.162296	0.000000	0.307041	0.314152	0.305248	0.296948	0.313412	0.309707	0.330706	0.327763	0.322907	0.339804	0.380469	0.353964	0.351024	0.344198	0.355659	0.285467	0.328239	0.320547	0.383221	0.320575	0.332277	0.383038	0.364489	0.381612	0.356863	0.355405	0.374100	0.312109	0.379213	0.317322	0.329480	0.313319	0.340003	0.353357	0.351327	0.358426	0.394428	0.369296	0.374542	0.290662	0.307745	0.306877	0.330367	0.313785	0.357836	0.308763	0.316458	0.308354	0.348576	0.309063	0.353078	0.324911	0.317640	0.336096	0.353484	0.363081	0.352712	0.346717	0.296452	0.298352	0.302247	0.284890	0.360989	0.352856	0.360535	0.322518	0.354617	0.343549	0.356775	0.334513	0.352658	0.318317	0.318041	0.354330	0.357133	0.344263	0.350470	0.325224	0.316582	0.315485	0.270279	0.291520	0.319864	0.359791	0.377827	0.386279	0.295906	0.343525	0.268961	0.388078	0.317212	0.294701	0.292252	0.289245	0.321960	0.302543	0.346591	0.314828	0.329263	0.308354	0.324293	0.341920	0.328268	0.316739	0.326103	0.322307	0.324259	0.347667	0.320627	
0.288825	0.272319	0.301412	0.299646	0.267500	0.292583	0.283410	0.286141	0.268553	0.304796	0.307041	0.000000	0.176544	0.116209	0.225784	0.246311	0.243928	0.157252	0.141745	0.210146	0.281447	0.346631	0.301695	0.334900	0.318318	0.332040	0.285721	0.293285	0.321902	0.334484	0.272901	0.263413	0.341782	0.306579	0.341486	0.310642	0.316796	0.341920	0.287254	0.350237	0.284317	0.334094	0.280792	0.316195	0.304031	0.297750	0.297917	0.358636	0.314725	0.322982	0.278013	0.285178	0.294672	0.291647	0.257934	0.304097	0.308519	0.323096	0.299802	0.275915	0.294016	0.300173	0.287508	0.254790	0.319077	0.310111	0.321737	0.287132	0.296342	0.280204	0.282527	0.288635	0.274179	0.323710	0.319595	0.329902	0.293881	0.323662	0.291245	0.296774	0.290789	0.299832	0.268820	0.265911	0.339461	0.333071	0.323158	0.383489	0.375999	0.314867	0.316648	0.252976	0.260129	0.286067	0.341532	0.341127	0.348921	0.340713	0.333906	0.309191	0.349272	0.331055	0.325014	0.322047	0.316087	0.320140	0.296055	0.326945	0.322079	0.305092	0.319995	0.279025	0.302250	0.307325	0.299691	0.296412	0.292140	0.305052	0.292592	0.273405	
0.306730	0.307073	0.323548	0.327167	0.293539	0.287375	0.310060	0.297968	0.298888	0.304986	0.314152	0.176544	0.000000	0.160777	0.259198	0.276087	0.270079	0.117857	0.157585	0.212466	0.308264	0.320009	0.312063	0.362307	0.333929	0.354390	0.307119	0.305313	0.340796	0.335106	0.289765	0.291429	0.363465	0.324412	0.363014	0.341384	0.320961	0.352709	0.295356	0.361082	0.293017	0.327547	0.300262	0.326411	0.339972	0.331860	0.333452	0.384078	0.358935	0.356323	0.308755	0.313412	0.319888	0.311083	0.238261	0.317185	0.315747	0.320589	0.315497	0.307559	0.319160	0.321893	0.311751	0.285577	0.280542	0.318898	0.333259	0.313538	0.315267	0.279254	0.280920	0.289687	0.296960	0.342951	0.344194	0.349243	0.321791	0.344749	0.318411	0.301523	0.285106	0.335604	0.289108	0.296873	0.322584	0.338751	0.334832	0.350740	0.346732	0.324630	0.330172	0.282009	0.288254	0.308540	0.345018	0.345090	0.350654	0.323329	0.331419	0.318169	0.359111	0.335579	0.321375	0.319109	0.322934	0.322927	0.301138	0.334915	0.320425	0.326379	0.325030	0.306233	0.319669	0.335400	0.310392	0.312975	0.306445	0.329362	0.316218	0.297812	
0.305788	0.289008	0.307332	0.307553	0.275813	0.293648	0.285295	0.283758	0.274674	0.301162	0.305248	0.116209	0.160777	0.000000	0.234915	0.262464	0.271063	0.102978	0.095182	0.214237	0.297799	0.337059	0.308003	0.354690	0.328332	0.353093	0.296958	0.299349	0.331069	0.335016	0.274995	0.274435	0.337886	0.315844	0.338179	0.307971	0.319913	0.329418	0.296730	0.363326	0.291204	0.320944	0.296515	0.315058	0.301274	0.289762	0.291317	0.369829	0.328658	0.328642	0.287165	0.290668	0.301029	0.299669	0.246441	0.306712	0.324788	0.327933	0.296887	0.290190	0.307571	0.310554	0.289714	0.256323	0.315875	0.319431	0.327766	0.300103	0.304889	0.271665	0.274490	0.273481	0.278997	0.327859	0.327194	0.337915	0.301790	0.335317	0.296713	0.310901	0.296782	0.296102	0.268840	0.271547	0.337060	0.323222	0.329453	0.378825	0.373503	0.323122	0.329955	0.248051	0.265331	0.292725	0.343501	0.337355	0.347559	0.340740	0.341694	0.313510	0.356890	0.347353	0.332534	0.329164	0.315855	0.308369	0.282226	0.334938	0.311360	0.307003	0.312692	0.276810	0.291043	0.310730	0.305613	0.306997	0.302298	0.317147	0.290442	0.273682	
0.290998	0.269052	0.296613	0.298386	0.275742	0.291708	0.262396	0.292135	0.252314	0.284853	0.296948	0.225784	0.259198	0.234915	0.000000	0.125135	0.129090	0.267283	0.249303	0.179936	0.282377	0.334282	0.302666	0.324556	0.305163	0.323174	0.276608	0.284221	0.308337	0.319640	0.261321	0.255027	0.338699	0.305347	0.334595	0.305372	0.311779	0.325120	0.283194	0.346868	0.280559	0.314894	0.247672	0.293619	0.296879	0.285397	0.291151	0.346354	0.314400	0.316819	0.265931	0.287670	0.300332	0.282893	0.176269	0.297260	0.294307	0.307507	0.291870	0.273942	0.285643	0.289238	0.268623	0.265038	0.299445	0.294862	0.292927	0.282222	0.279226	0.276694	0.278606	0.269563	0.248963	0.315968	0.319925	0.305689	0.286588	0.296054	0.288211	0.290003	0.258269	0.293925	0.249052	0.257348	0.336273	0.324445	0.317906	0.368768	0.360643	0.294936	0.294301	0.218080	0.255112	0.269565	0.332381	0.332810	0.337699	0.322030	0.307971	0.295494	0.333645	0.307707	0.314634	0.311278	0.312541	0.287373	0.265352	0.315266	0.305712	0.290774	0.305603	0.254346	0.284416	0.277649	0.300390	0.293540	0.288347	0.274841	0.271990	0.253435	
0.295947	0.281089	0.313156	0.321741	0.287757	0.308036	0.278577	0.306057	0.269120	0.305396	0.313412	0.246311	0.276087	0.262464	0.125135	0.000000	0.144716	0.297728	0.283657	0.208082	0.295160	0.337474	0.316461	0.324219	0.303551	0.323752	0.300467	0.315278	0.341020	0.339793	0.283079	0.278944	0.370105	0.332140	0.367035	0.310930	0.306540	0.328304	0.300012	0.370900	0.296052	0.334206	0.265661	0.314322	0.293945	0.281905	0.287713	0.343037	0.313174	0.330938	0.287805	0.287379	0.294350	0.290054	0.102217	0.305284	0.298290	0.308029	0.294847	0.299021	0.302095	0.313966	0.270792	0.290213	0.299893	0.296409	0.290565	0.301027	0.299123	0.291652	0.293479	0.286941	0.273948	0.309610	0.318671	0.299320	0.282148	0.293534	0.301054	0.307041	0.303046	0.289054	0.276694	0.280927	0.354203	0.342410	0.336896	0.378304	0.369888	0.314045	0.312550	0.250798	0.275153	0.287789	0.336400	0.341166	0.341099	0.338028	0.327239	0.313515	0.332382	0.328625	0.330333	0.326831	0.330236	0.287873	0.284122	0.333166	0.324778	0.307137	0.323653	0.291833	0.306264	0.294687	0.294325	0.288702	0.284685	0.287692	0.311124	0.283061	
0.291437	0.269163	0.302520	0.309346	0.276440	0.301300	0.271977	0.296167	0.266401	0.295282	0.309707	0.243928	0.270079	0.271063	0.129090	0.144716	0.000000	0.278243	0.275005	0.224844	0.288137	0.321069	0.300353	0.342603	0.315783	0.339120	0.287310	0.288375	0.303578	0.307586	0.248347	0.250204	0.326780	0.295074	0.324967	0.310291	0.316714	0.330231	0.283611	0.335201	0.280601	0.313370	0.250755	0.294515	0.305524	0.296705	0.300265	0.344902	0.334648	0.338363	0.281702	0.295917	0.308803	0.288993	0.126110	0.296030	0.306291	0.319862	0.302271	0.284708	0.300599	0.303132	0.275684	0.276396	0.301033	0.297792	0.308702	0.272755	0.269734	0.274161	0.275344	0.273784	0.253377	0.319089	0.325868	0.301087	0.292711	0.293091	0.290648	0.289553	0.268509	0.303523	0.265669	0.264952	0.350333	0.339116	0.318636	0.365600	0.359311	0.315361	0.313860	0.256202	0.250993	0.269495	0.334087	0.335039	0.339468	0.325463	0.300130	0.311796	0.325230	0.323298	0.317810	0.315697	0.335264	0.289991	0.267894	0.311513	0.311161	0.303395	0.317922	0.269445	0.281983	0.274984	0.298157	0.296026	0.291563	0.302541	0.286051	0.261833	
0.326769	0.304065	0.320067	0.320964	0.292810	0.284198	0.302974	0.303434	0.290725	0.319444	0.330706	0.157252	0.117857	0.102978	0.267283	0.297728	0.278243	0.000000	0.048334	0.218420	0.320400	0.337233	0.322128	0.366331	0.340161	0.365302	0.311623	0.314079	0.348953	0.328151	0.278958	0.282832	0.353230	0.328580	0.352697	0.320128	0.330227	0.331470	0.305297	0.367179	0.300680	0.347515	0.315785	0.339325	0.326716	0.314170	0.314966	0.379773	0.348744	0.352853	0.312818	0.316431	0.326116	0.320174	0.257344	0.314212	0.329054	0.327749	0.306693	0.295442	0.311475	0.308597	0.315650	0.278677	0.300410	0.340005	0.342513	0.320857	0.322121	0.290935	0.292702	0.291884	0.301394	0.344843	0.344401	0.355827	0.327486	0.357650	0.319405	0.297996	0.290446	0.313958	0.295785	0.287915	0.334017	0.331602	0.353196	0.375828	0.372328	0.310294	0.316255	0.273853	0.285516	0.307954	0.346172	0.338978	0.351171	0.337914	0.331028	0.328582	0.358508	0.331743	0.330834	0.327168	0.341434	0.330433	0.305959	0.328294	0.324232	0.325182	0.324942	0.287461	0.304629	0.326134	0.321488	0.325850	0.319585	0.343224	0.318004	0.300494	
0.317812	0.296257	0.307369	0.309351	0.281619	0.271417	0.294024	0.293704	0.277395	0.316386	0.327763	0.141745	0.157585	0.095182	0.249303	0.283657	0.275005	0.048334	0.000000	0.185084	0.304683	0.343037	0.314643	0.358288	0.332207	0.357165	0.311550	0.313415	0.337590	0.316063	0.270737	0.271169	0.348748	0.325504	0.347235	0.305639	0.322369	0.332583	0.294501	0.351252	0.291891	0.343823	0.305146	0.320979	0.312733	0.302096	0.301448	0.361599	0.335655	0.339823	0.300305	0.302860	0.314197	0.304024	0.268657	0.299902	0.325822	0.315748	0.303780	0.284889	0.307845	0.305420	0.303384	0.266720	0.292905	0.323792	0.331017	0.309091	0.309398	0.290092	0.291633	0.291257	0.284623	0.328457	0.328915	0.342121	0.314010	0.344594	0.303268	0.284680	0.277399	0.300406	0.276764	0.278646	0.334266	0.330162	0.344362	0.368868	0.365293	0.308264	0.310103	0.267491	0.279093	0.299709	0.330223	0.325011	0.339034	0.330785	0.327486	0.327191	0.347217	0.327644	0.317062	0.313671	0.327298	0.327182	0.302675	0.313445	0.322345	0.312958	0.319344	0.281156	0.302430	0.313626	0.317108	0.311922	0.305055	0.327662	0.301581	0.285917	
0.303694	0.285111	0.295581	0.293400	0.281840	0.277853	0.288897	0.301021	0.266412	0.308697	0.322907	0.210146	0.212466	0.214237	0.179936	0.208082	0.224844	0.218420	0.185084	0.000000	0.291258	0.336685	0.307988	0.331434	0.321779	0.341258	0.284359	0.297540	0.320256	0.295581	0.249589	0.247061	0.339769	0.301363	0.337315	0.298808	0.318500	0.328508	0.283193	0.349900	0.282429	0.335619	0.278962	0.317034	0.301859	0.287566	0.292360	0.354133	0.327850	0.325313	0.286118	0.305421	0.320144	0.296153	0.219250	0.295425	0.320937	0.317182	0.306683	0.288790	0.302251	0.311082	0.286089	0.279831	0.275165	0.304480	0.313318	0.293611	0.293447	0.284313	0.286689	0.284491	0.280679	0.321451	0.320889	0.315660	0.311071	0.315333	0.301562	0.288403	0.263818	0.289434	0.258852	0.258455	0.343075	0.320940	0.336372	0.353299	0.347773	0.303982	0.306152	0.254550	0.261653	0.281090	0.319888	0.322379	0.329373	0.321027	0.310482	0.321823	0.329662	0.312378	0.312195	0.309488	0.323599	0.308039	0.283936	0.302856	0.327654	0.306681	0.330571	0.275705	0.287927	0.299000	0.308571	0.299885	0.298733	0.306391	0.285347	0.263535	
0.205858	0.281762	0.325004	0.334282	0.306836	0.322795	0.308547	0.324026	0.299475	0.322042	0.339804	0.281447	0.308264	0.297799	0.282377	0.295160	0.288137	0.320400	0.304683	0.291258	0.000000	0.203978	0.180100	0.312177	0.308635	0.305379	0.297324	0.304579	0.304567	0.315633	0.281783	0.263656	0.331633	0.289457	0.332594	0.309971	0.323369	0.351132	0.317505	0.358145	0.317287	0.346873	0.300209	0.325111	0.322512	0.321030	0.322217	0.345085	0.289778	0.301674	0.301659	0.321232	0.309805	0.311206	0.292877	0.286738	0.317108	0.328740	0.326575	0.312337	0.328656	0.336418	0.288514	0.294985	0.325383	0.272415	0.298100	0.267856	0.279448	0.284735	0.288660	0.305099	0.277805	0.322115	0.308258	0.328169	0.310214	0.322826	0.316082	0.317943	0.307753	0.313291	0.270077	0.273900	0.357750	0.349298	0.304142	0.353445	0.349563	0.331626	0.335335	0.287504	0.285695	0.298696	0.327747	0.336216	0.328215	0.358355	0.358180	0.334510	0.343053	0.355554	0.343398	0.337630	0.300384	0.326680	0.302954	0.330593	0.343784	0.315806	0.338855	0.303656	0.324713	0.327470	0.319377	0.314571	0.309001	0.315940	0.259295	0.287094	
0.279880	0.349260	0.361927	0.367387	0.343574	0.362616	0.337798	0.355788	0.336108	0.373049	0.380469	0.346631	0.320009	0.337059	0.334282	0.337474	0.321069	0.337233	0.343037	0.336685	0.203978	0.000000	0.220064	0.348098	0.293799	0.327521	0.340605	0.339402	0.341740	0.292308	0.309091	0.302561	0.368976	0.349517	0.362452	0.339728	0.325357	0.364932	0.348995	0.319629	0.346627	0.366469	0.355989	0.364199	0.375717	0.373137	0.368254	0.304369	0.359021	0.358665	0.354975	0.369576	0.364446	0.353185	0.318517	0.344264	0.352176	0.370540	0.355400	0.328914	0.354758	0.345899	0.322882	0.321677	0.341125	0.321332	0.344001	0.325392	0.329105	0.304726	0.304690	0.326253	0.332041	0.336183	0.349192	0.347895	0.357715	0.362543	0.361672	0.359130	0.348830	0.367044	0.315774	0.317470	0.313315	0.305955	0.354273	0.292515	0.291008	0.341441	0.355442	0.331881	0.339075	0.322057	0.308765	0.324712	0.316640	0.369623	0.372275	0.365550	0.341023	0.378620	0.344843	0.341808	0.363644	0.365484	0.347280	0.371810	0.356277	0.347462	0.365283	0.318075	0.339223	0.347896	0.361264	0.353922	0.345136	0.372843	0.332922	0.342270	
0.212799	0.280318	0.322708	0.334591	0.285640	0.320261	0.308595	0.313371	0.302818	0.336337	0.353964	0.301695	0.312063	0.308003	0.302666	0.316461	0.300353	0.322128	0.314643	0.307988	0.180100	0.220064	0.000000	0.346054	0.294240	0.324851	0.320164	0.316911	0.309606	0.319881	0.284738	0.274904	0.339162	0.321621	0.339912	0.322094	0.312478	0.354014	0.326381	0.372821	0.328799	0.340443	0.311344	0.324359	0.350237	0.345660	0.351405	0.360651	0.313416	0.306914	0.322466	0.335648	0.332901	0.332620	0.300842	0.306762	0.332584	0.338251	0.331924	0.318929	0.330791	0.325787	0.320613	0.298544	0.321727	0.286340	0.313565	0.277269	0.292489	0.281981	0.283177	0.307785	0.310728	0.314192	0.328400	0.333456	0.315163	0.329185	0.328074	0.337320	0.328058	0.343636	0.295200	0.290796	0.359537	0.344999	0.306426	0.351604	0.354435	0.337625	0.339971	0.302701	0.287870	0.299347	0.325051	0.339823	0.331856	0.372570	0.376638	0.341818	0.353923	0.361124	0.335318	0.331737	0.317736	0.335283	0.306949	0.331959	0.327342	0.300399	0.330418	0.326289	0.337668	0.341701	0.323040	0.316730	0.321774	0.317990	0.285131	0.293833	
0.311965	0.298542	0.322281	0.333190	0.336252	0.356795	0.310858	0.368356	0.306893	0.352932	0.351024	0.334900	0.362307	0.354690	0.324556	0.324219	0.342603	0.366331	0.358288	0.331434	0.312177	0.348098	0.346054	0.000000	0.141629	0.087450	0.325887	0.335649	0.371960	0.342078	0.322265	0.303918	0.372478	0.350368	0.369632	0.343542	0.357968	0.380321	0.351207	0.364099	0.348986	0.356802	0.345567	0.346968	0.370804	0.366368	0.363066	0.368523	0.370414	0.376071	0.317733	0.343772	0.340278	0.368404	0.337729	0.368574	0.346130	0.368290	0.360994	0.361704	0.334271	0.366222	0.348352	0.353133	0.366078	0.363893	0.374432	0.365447	0.361403	0.339217	0.338190	0.355776	0.335262	0.355236	0.342151	0.360308	0.361111	0.371213	0.378828	0.381572	0.359621	0.374774	0.333178	0.336826	0.388085	0.384135	0.362685	0.371398	0.366021	0.365416	0.363378	0.334910	0.326777	0.347794	0.394273	0.414152	0.399348	0.347997	0.339821	0.345375	0.357334	0.340366	0.390480	0.389265	0.380491	0.349486	0.323501	0.363831	0.343077	0.349359	0.341919	0.339159	0.342797	0.330231	0.370849	0.352121	0.351657	0.335478	0.361275	0.327431	
0.303362	0.305389	0.305902	0.325859	0.306510	0.316899	0.309880	0.341225	0.270063	0.359719	0.344198	0.318318	0.333929	0.328332	0.305163	0.303551	0.315783	0.340161	0.332207	0.321779	0.308635	0.293799	0.294240	0.141629	0.000000	0.098780	0.328017	0.335888	0.357126	0.317632	0.288287	0.285803	0.373855	0.351481	0.370585	0.335160	0.337285	0.356182	0.330696	0.353680	0.334497	0.345915	0.324557	0.325884	0.352694	0.350555	0.352516	0.356173	0.359569	0.352373	0.308393	0.335557	0.338113	0.345245	0.307770	0.345470	0.347164	0.359532	0.338969	0.356547	0.330719	0.362436	0.342986	0.335572	0.337106	0.333709	0.361083	0.349398	0.352412	0.310822	0.310713	0.328258	0.325981	0.330898	0.340254	0.341243	0.338562	0.357756	0.362685	0.359156	0.347233	0.349693	0.314872	0.313207	0.370397	0.363172	0.343070	0.361137	0.356188	0.349222	0.349418	0.320575	0.298434	0.313358	0.355703	0.372612	0.368821	0.337356	0.320543	0.319833	0.336408	0.333863	0.359105	0.356062	0.361450	0.330303	0.303753	0.349203	0.325847	0.321535	0.332379	0.314252	0.314141	0.303014	0.351638	0.334379	0.334788	0.316138	0.347241	0.303697	
0.322030	0.318757	0.325542	0.341915	0.337247	0.344264	0.322017	0.362351	0.317540	0.356707	0.355659	0.332040	0.354390	0.353093	0.323174	0.323752	0.339120	0.365302	0.357165	0.341258	0.305379	0.327521	0.324851	0.087450	0.098780	0.000000	0.334320	0.335025	0.380818	0.345160	0.325584	0.305817	0.371334	0.349481	0.368589	0.340958	0.363226	0.377767	0.352036	0.370550	0.356033	0.362406	0.350398	0.353261	0.371733	0.362049	0.363621	0.367840	0.369536	0.378800	0.319647	0.350379	0.346516	0.368508	0.335394	0.367577	0.352803	0.369562	0.358914	0.358896	0.337215	0.366457	0.351201	0.349362	0.362234	0.358809	0.370748	0.364990	0.362679	0.337743	0.336574	0.356081	0.334495	0.354470	0.342328	0.361353	0.362302	0.380607	0.373247	0.376363	0.360566	0.374872	0.330248	0.337237	0.392599	0.389353	0.365375	0.372361	0.368191	0.367795	0.365618	0.334453	0.328567	0.348616	0.387034	0.402953	0.388713	0.345011	0.340866	0.341443	0.358294	0.342245	0.389494	0.388791	0.377306	0.355313	0.328340	0.364212	0.357682	0.347851	0.358363	0.336964	0.339523	0.328226	0.375510	0.356304	0.355557	0.337172	0.359944	0.328890	
0.323083	0.294445	0.308746	0.314518	0.303182	0.327795	0.306348	0.325955	0.288591	0.317834	0.285467	0.285721	0.307119	0.296958	0.276608	0.300467	0.287310	0.311623	0.311550	0.284359	0.297324	0.340605	0.320164	0.325887	0.328017	0.334320	0.000000	0.105721	0.175662	0.343800	0.283874	0.279010	0.211843	0.189034	0.207667	0.315731	0.325394	0.349146	0.288431	0.347984	0.289122	0.313194	0.293242	0.314822	0.310846	0.309390	0.313138	0.368712	0.350873	0.353372	0.274682	0.308674	0.300762	0.303576	0.296042	0.321415	0.306011	0.329180	0.327770	0.316916	0.293952	0.330085	0.286576	0.296297	0.301876	0.306907	0.334101	0.313903	0.325414	0.285700	0.290760	0.286693	0.287728	0.332028	0.326959	0.339420	0.308835	0.330474	0.312319	0.307923	0.290782	0.316964	0.298340	0.287080	0.359412	0.339808	0.353214	0.368206	0.347605	0.298992	0.305938	0.268088	0.285891	0.312019	0.323276	0.327418	0.327946	0.332784	0.326554	0.315691	0.349149	0.338592	0.335437	0.334928	0.348114	0.306415	0.288351	0.308056	0.306274	0.295610	0.328216	0.312893	0.303586	0.323017	0.313545	0.302602	0.298558	0.298025	0.308221	0.285138	
0.311417	0.291662	0.311123	0.317002	0.307031	0.324683	0.306880	0.328928	0.285677	0.322359	0.328239	0.293285	0.305313	0.299349	0.284221	0.315278	0.288375	0.314079	0.313415	0.297540	0.304579	0.339402	0.316911	0.335649	0.335888	0.335025	0.105721	0.000000	0.183381	0.340148	0.286577	0.274679	0.161663	0.186546	0.159264	0.324795	0.327209	0.338319	0.292544	0.337565	0.292882	0.314234	0.288317	0.307289	0.303728	0.311667	0.310593	0.378820	0.356088	0.351536	0.281402	0.320918	0.313487	0.306770	0.294833	0.332310	0.303854	0.327100	0.327581	0.312191	0.303576	0.336711	0.293380	0.297233	0.309026	0.317056	0.345663	0.318992	0.326458	0.292639	0.300436	0.286821	0.293175	0.324914	0.318584	0.328956	0.308203	0.321065	0.313770	0.305731	0.291838	0.315913	0.304941	0.289729	0.370157	0.350985	0.355257	0.381063	0.373066	0.295774	0.303410	0.274358	0.288695	0.308326	0.332414	0.330900	0.333045	0.351713	0.344789	0.334358	0.353804	0.350859	0.335235	0.339422	0.338464	0.312836	0.297209	0.313518	0.301798	0.301814	0.332892	0.315082	0.315514	0.333023	0.323170	0.312421	0.307611	0.302212	0.307552	0.289191	
0.312631	0.331706	0.344717	0.349277	0.340396	0.350276	0.342559	0.362200	0.327531	0.349689	0.320547	0.321902	0.340796	0.331069	0.308337	0.341020	0.303578	0.348953	0.337590	0.320256	0.304567	0.341740	0.309606	0.371960	0.357126	0.380818	0.175662	0.183381	0.000000	0.338857	0.307197	0.309102	0.144315	0.200555	0.149713	0.363531	0.361395	0.374215	0.320863	0.342992	0.320331	0.356679	0.329645	0.346409	0.346720	0.334243	0.339233	0.382848	0.333768	0.316302	0.326748	0.359142	0.364340	0.325624	0.333707	0.316565	0.336309	0.356101	0.361561	0.336049	0.344775	0.344187	0.329842	0.319341	0.319173	0.290647	0.308153	0.290692	0.302744	0.323275	0.323906	0.318101	0.315258	0.360732	0.366222	0.368055	0.326937	0.343259	0.344007	0.343862	0.317321	0.352939	0.331584	0.320457	0.356082	0.339870	0.325499	0.362281	0.343736	0.292373	0.299185	0.307203	0.323999	0.331342	0.362700	0.366374	0.369996	0.350589	0.344562	0.330284	0.385450	0.371918	0.355343	0.355806	0.298140	0.335242	0.321961	0.332844	0.333934	0.337590	0.353435	0.321071	0.334772	0.326873	0.347747	0.349881	0.343013	0.327644	0.296608	0.308713	
0.319591	0.325979	0.351375	0.359345	0.337082	0.344680	0.335699	0.381164	0.319388	0.375375	0.383221	0.334484	0.335106	0.335016	0.319640	0.339793	0.307586	0.328151	0.316063	0.295581	0.315633	0.292308	0.319881	0.342078	0.317632	0.345160	0.343800	0.340148	0.338857	0.000000	0.115341	0.185474	0.365062	0.337341	0.360885	0.336347	0.348294	0.354409	0.341102	0.294398	0.337619	0.357405	0.343817	0.344195	0.342354	0.353791	0.348984	0.293770	0.357430	0.355974	0.360809	0.386058	0.388480	0.351978	0.323467	0.327446	0.372015	0.377625	0.353843	0.334918	0.351972	0.345497	0.329708	0.321667	0.350942	0.339702	0.360164	0.320504	0.326821	0.310917	0.311214	0.318209	0.314820	0.337789	0.345937	0.338504	0.345869	0.357057	0.361054	0.344046	0.316705	0.352150	0.303762	0.302844	0.332928	0.325819	0.358281	0.320986	0.334225	0.343029	0.344514	0.333390	0.320539	0.309464	0.293618	0.318285	0.307826	0.362883	0.322771	0.355751	0.284291	0.339733	0.288125	0.284855	0.362840	0.351055	0.337607	0.336135	0.363593	0.347265	0.376402	0.302353	0.324263	0.332225	0.360072	0.347514	0.337952	0.365896	0.314299	0.325097	
0.287154	0.270818	0.296454	0.305418	0.277526	0.297986	0.279481	0.312563	0.248089	0.309663	0.320575	0.272901	0.289765	0.274995	0.261321	0.283079	0.248347	0.278958	0.270737	0.249589	0.281783	0.309091	0.284738	0.322265	0.288287	0.325584	0.283874	0.286577	0.307197	0.115341	0.000000	0.088564	0.332709	0.303185	0.333701	0.310398	0.320082	0.327887	0.287508	0.332715	0.283501	0.322932	0.290487	0.307960	0.295298	0.296107	0.292713	0.332049	0.329872	0.333392	0.297807	0.321249	0.327283	0.307867	0.271196	0.299054	0.314919	0.324482	0.302696	0.304698	0.298704	0.325078	0.296382	0.288142	0.309848	0.310283	0.332444	0.293084	0.297927	0.274183	0.276208	0.278416	0.274924	0.311309	0.316474	0.318337	0.288563	0.317658	0.318147	0.313453	0.277148	0.304744	0.258666	0.255134	0.354415	0.343065	0.335118	0.340538	0.349955	0.318381	0.320019	0.267616	0.244104	0.263784	0.304778	0.329171	0.320264	0.318772	0.285799	0.308027	0.292842	0.312796	0.293944	0.289653	0.338157	0.308049	0.289283	0.311548	0.310057	0.300810	0.330116	0.258905	0.268844	0.280753	0.310279	0.299860	0.294049	0.309630	0.288340	0.270505	
0.282731	0.270579	0.294623	0.304832	0.276667	0.294246	0.278064	0.312415	0.244655	0.318169	0.332277	0.263413	0.291429	0.274435	0.255027	0.278944	0.250204	0.282832	0.271169	0.247061	0.263656	0.302561	0.274904	0.303918	0.285803	0.305817	0.279010	0.274679	0.309102	0.185474	0.088564	0.000000	0.325511	0.290984	0.324461	0.295475	0.309547	0.322964	0.286240	0.316558	0.281231	0.318769	0.289912	0.298049	0.286952	0.295842	0.288476	0.321586	0.319057	0.315144	0.294321	0.319404	0.323575	0.302446	0.267470	0.292326	0.304187	0.322359	0.297914	0.297067	0.302687	0.325842	0.284156	0.287507	0.309956	0.303630	0.320201	0.284896	0.288200	0.271433	0.275277	0.276722	0.266929	0.299920	0.303537	0.312623	0.287461	0.310682	0.311256	0.308754	0.279599	0.294807	0.256690	0.246897	0.350788	0.339213	0.330857	0.338520	0.345105	0.316783	0.319744	0.261681	0.240660	0.259868	0.309729	0.321547	0.310702	0.325743	0.307560	0.327244	0.312715	0.334968	0.297117	0.293476	0.327498	0.305807	0.284827	0.307738	0.314213	0.298601	0.326945	0.272456	0.283658	0.284677	0.308158	0.300184	0.294017	0.306443	0.277355	0.268885	
0.335862	0.358279	0.353784	0.359684	0.365303	0.364097	0.367699	0.378741	0.352334	0.379278	0.383038	0.341782	0.363465	0.337886	0.338699	0.370105	0.326780	0.353230	0.348748	0.339769	0.331633	0.368976	0.339162	0.372478	0.373855	0.371334	0.211843	0.161663	0.144315	0.365062	0.332709	0.325511	0.000000	0.123843	0.015326	0.370254	0.384298	0.385723	0.340575	0.358979	0.336937	0.351331	0.349787	0.342892	0.337513	0.350226	0.354626	0.403834	0.345197	0.342259	0.341817	0.378272	0.371778	0.347018	0.352811	0.337181	0.373063	0.387935	0.385827	0.354239	0.364887	0.367760	0.348910	0.354513	0.353232	0.320804	0.343964	0.320277	0.333814	0.344972	0.349375	0.343249	0.348361	0.387760	0.380312	0.391503	0.364014	0.367681	0.374147	0.367098	0.360273	0.357014	0.364859	0.337829	0.397825	0.374273	0.336677	0.386979	0.380240	0.337409	0.344591	0.344567	0.347777	0.365444	0.386663	0.372064	0.381508	0.362565	0.353105	0.349803	0.384886	0.376865	0.387951	0.389588	0.331446	0.347348	0.329359	0.356519	0.355699	0.365917	0.365208	0.353282	0.324228	0.348733	0.376549	0.382068	0.376465	0.339123	0.306003	0.318280	
0.307643	0.329937	0.321755	0.330232	0.336463	0.339930	0.339281	0.357879	0.320290	0.344597	0.364489	0.306579	0.324412	0.315844	0.305347	0.332140	0.295074	0.328580	0.325504	0.301363	0.289457	0.349517	0.321621	0.350368	0.351481	0.349481	0.189034	0.186546	0.200555	0.337341	0.303185	0.290984	0.123843	0.000000	0.127122	0.356154	0.355839	0.375417	0.314324	0.327456	0.308556	0.329101	0.324625	0.315542	0.327108	0.337369	0.336286	0.371112	0.317137	0.320582	0.321283	0.354673	0.347796	0.329719	0.312884	0.321440	0.351650	0.364596	0.358139	0.325225	0.337265	0.338274	0.316822	0.322061	0.338567	0.300205	0.314605	0.285191	0.302471	0.321922	0.325751	0.312986	0.316084	0.364109	0.355591	0.367512	0.341612	0.348230	0.340502	0.333206	0.327256	0.337821	0.329962	0.305885	0.369150	0.367555	0.310600	0.370328	0.366304	0.328853	0.338491	0.321438	0.311054	0.324104	0.379497	0.369350	0.371690	0.337962	0.326230	0.320355	0.361552	0.350713	0.360392	0.357157	0.313977	0.316651	0.299571	0.336854	0.344881	0.333738	0.344899	0.334787	0.307976	0.324752	0.347506	0.351125	0.345434	0.307523	0.282585	0.294148	
0.336552	0.357560	0.350409	0.356086	0.364032	0.366383	0.366779	0.380767	0.352118	0.379869	0.381612	0.341486	0.363014	0.338179	0.334595	0.367035	0.324967	0.352697	0.347235	0.337315	0.332594	0.362452	0.339912	0.369632	0.370585	0.368589	0.207667	0.159264	0.149713	0.360885	0.333701	0.324461	0.015326	0.127122	0.000000	0.365746	0.381032	0.383623	0.339059	0.351610	0.334730	0.347584	0.347077	0.338303	0.336012	0.349894	0.352722	0.395475	0.346604	0.344563	0.339847	0.377904	0.371311	0.347239	0.350246	0.337549	0.370987	0.387639	0.384711	0.351277	0.364045	0.365869	0.344084	0.350194	0.352668	0.321764	0.344609	0.321349	0.333581	0.341923	0.345624	0.339284	0.344810	0.383782	0.377120	0.388040	0.364443	0.366258	0.372004	0.365141	0.358474	0.353494	0.362481	0.334443	0.392097	0.369763	0.338333	0.384269	0.377204	0.337886	0.343763	0.344390	0.347750	0.362054	0.381466	0.366585	0.376256	0.363989	0.353945	0.349355	0.377638	0.375256	0.384345	0.386747	0.334551	0.346686	0.328886	0.355137	0.355099	0.364986	0.364939	0.352801	0.323861	0.348320	0.376877	0.379625	0.374508	0.338365	0.307642	0.316467	
0.321495	0.310606	0.308973	0.311927	0.317523	0.330375	0.311882	0.331103	0.305012	0.365038	0.356863	0.310642	0.341384	0.307971	0.305372	0.310930	0.310291	0.320128	0.305639	0.298808	0.309971	0.339728	0.322094	0.343542	0.335160	0.340958	0.315731	0.324795	0.363531	0.336347	0.310398	0.295475	0.370254	0.356154	0.365746	0.000000	0.192160	0.192888	0.294767	0.354530	0.296595	0.349450	0.326819	0.340281	0.279137	0.294615	0.284623	0.354937	0.353602	0.368387	0.342259	0.339180	0.355875	0.292981	0.308746	0.296722	0.305369	0.341796	0.316815	0.322561	0.283493	0.345922	0.285001	0.294690	0.339019	0.331636	0.330171	0.307060	0.304699	0.305320	0.304596	0.308299	0.288594	0.175697	0.198844	0.271977	0.272164	0.325158	0.328243	0.322632	0.287909	0.290087	0.294408	0.303032	0.363659	0.346426	0.361216	0.393848	0.391112	0.340298	0.342327	0.283025	0.296036	0.292224	0.318582	0.305593	0.308244	0.391352	0.371470	0.369711	0.331330	0.370153	0.343501	0.338446	0.385645	0.334844	0.314605	0.324300	0.336904	0.314124	0.336310	0.280709	0.319600	0.329654	0.256362	0.254671	0.263662	0.322379	0.320792	0.288909	
0.316154	0.312865	0.309662	0.314956	0.324723	0.342031	0.317562	0.316867	0.308096	0.345368	0.355405	0.316796	0.320961	0.319913	0.311779	0.306540	0.316714	0.330227	0.322369	0.318500	0.323369	0.325357	0.312478	0.357968	0.337285	0.363226	0.325394	0.327209	0.361395	0.348294	0.320082	0.309547	0.384298	0.355839	0.381032	0.192160	0.000000	0.206747	0.294237	0.346291	0.298163	0.346852	0.333792	0.327750	0.318893	0.342278	0.335887	0.345954	0.345871	0.354219	0.352968	0.343154	0.354893	0.296849	0.305998	0.319646	0.293454	0.341653	0.319760	0.330260	0.320982	0.336823	0.308467	0.303744	0.349377	0.337889	0.345178	0.325741	0.329254	0.318193	0.320242	0.316201	0.315215	0.201130	0.232156	0.284058	0.289417	0.346917	0.343591	0.335339	0.313093	0.332104	0.316619	0.315222	0.331626	0.338039	0.326170	0.383841	0.382092	0.348538	0.352155	0.312267	0.315070	0.305057	0.346177	0.327654	0.327832	0.379094	0.387518	0.357568	0.337747	0.356919	0.323433	0.320795	0.362428	0.345039	0.326335	0.354321	0.335344	0.314554	0.336955	0.311200	0.336960	0.347585	0.189573	0.146640	0.154231	0.325027	0.334830	0.306952	
