0.000000	0.125865	0.338294	0.340558	0.330819	0.327006	0.326665	0.350949	0.324414	0.333075	0.334318	0.317179	0.343664	0.338121	0.341743	0.364669	0.330778	0.357594	0.375286	0.359463	0.240247	0.295868	0.289236	0.329356	0.329111	0.323353	0.325286	0.353622	0.321441	0.337567	0.332405	0.336940	0.299434	0.320907	0.302638	0.368865	0.379234	0.348746	0.347096	0.343434	0.366893	0.329646	0.344394	0.328484	0.359582	0.342355	0.355651	0.335434	0.324790	0.340655	0.328921	0.357427	0.326919	0.346331	0.373029	0.353026	0.365571	0.369674	0.333791	0.348823	0.354649	0.362803	0.347266	0.356279	0.380443	0.385900	0.355495	0.316889	0.352953	0.314150	0.322678	0.329684	0.320721	0.345484	0.344933	0.345290	0.364529	0.360628	0.353663	0.351504	0.361595	0.361621	0.353633	0.331066	0.357796	0.355626	0.362181	0.339771	0.334112	0.366873	0.357499	0.332905	0.368125	0.328668	0.312318	0.331318	0.325816	0.363501	0.358712	0.323804	0.349344	0.370500	0.387846	0.369729	0.360570	0.361447	0.335677	0.340685	0.342453	0.349827	0.347076	0.346387	0.339355	0.361706	0.358212	0.366791	0.366362	0.331498	0.330208	0.346916	
0.125865	0.000000	0.316036	0.304543	0.284142	0.334947	0.252076	0.319342	0.277829	0.320946	0.296865	0.289544	0.325379	0.306853	0.344878	0.365691	0.318352	0.322704	0.368314	0.358415	0.295149	0.266932	0.263477	0.273786	0.272955	0.247366	0.307228	0.349186	0.309569	0.322157	0.320471	0.331446	0.297282	0.317674	0.299964	0.346778	0.355301	0.330306	0.329478	0.338008	0.363178	0.314400	0.327914	0.314856	0.313833	0.323619	0.319780	0.297098	0.312854	0.324534	0.306071	0.333400	0.303510	0.335874	0.364134	0.324462	0.337068	0.343384	0.328201	0.322150	0.344187	0.334890	0.323913	0.337571	0.371630	0.378673	0.362892	0.313046	0.331849	0.307131	0.319622	0.320417	0.298408	0.338174	0.326657	0.329219	0.340407	0.337294	0.339287	0.337419	0.343443	0.351875	0.339194	0.313536	0.339105	0.337349	0.344748	0.336288	0.329438	0.344903	0.327895	0.322002	0.371216	0.342661	0.320172	0.338227	0.318312	0.372463	0.357951	0.337188	0.328580	0.349504	0.372128	0.341928	0.340965	0.344673	0.326230	0.336399	0.343322	0.336262	0.348891	0.306815	0.322921	0.328990	0.341315	0.351993	0.346918	0.320957	0.323633	0.324623	
0.338294	0.316036	0.000000	0.246717	0.173143	0.316095	0.295413	0.303641	0.282785	0.338561	0.297573	0.337405	0.357105	0.355709	0.340407	0.362714	0.336054	0.322532	0.347965	0.328032	0.352964	0.323282	0.323818	0.254061	0.253396	0.253690	0.291524	0.280129	0.292186	0.333201	0.369793	0.351469	0.264500	0.290321	0.270777	0.377128	0.381278	0.356153	0.334848	0.333880	0.329023	0.322315	0.335857	0.336879	0.300928	0.326313	0.300686	0.298389	0.305240	0.309608	0.297124	0.327024	0.294755	0.351374	0.359738	0.326791	0.346097	0.348266	0.300173	0.314748	0.351516	0.326269	0.324165	0.328154	0.343830	0.342870	0.331386	0.318567	0.335412	0.319173	0.322405	0.319786	0.310299	0.343351	0.331879	0.318012	0.360956	0.359211	0.346644	0.342320	0.331728	0.342575	0.341461	0.323079	0.314209	0.320618	0.307772	0.351006	0.348045	0.351441	0.353320	0.350246	0.370302	0.328803	0.308793	0.331034	0.308493	0.368614	0.356835	0.354661	0.313440	0.327644	0.340205	0.322467	0.324856	0.324137	0.302013	0.329062	0.321622	0.315210	0.347502	0.316176	0.329235	0.323017	0.320544	0.332151	0.338688	0.339045	0.368188	0.338777	
0.340558	0.304543	0.246717	0.000000	0.101527	0.187213	0.270171	0.302201	0.164679	0.233840	0.304422	0.316493	0.340805	0.332857	0.336523	0.312853	0.309398	0.292047	0.244026	0.315631	0.317032	0.307675	0.291449	0.275305	0.275749	0.253098	0.309345	0.328115	0.296485	0.319931	0.363515	0.362785	0.283421	0.327581	0.280472	0.307953	0.330058	0.346573	0.316274	0.321011	0.323458	0.301712	0.304318	0.370144	0.316623	0.333197	0.321196	0.316286	0.298198	0.307569	0.320686	0.325236	0.315512	0.332275	0.319967	0.320337	0.317360	0.328961	0.310380	0.307678	0.328622	0.315238	0.316979	0.323039	0.329573	0.337347	0.301103	0.303121	0.301134	0.304883	0.301635	0.315312	0.308048	0.330786	0.310547	0.304985	0.289410	0.288894	0.340974	0.327473	0.326047	0.303833	0.298016	0.308502	0.307324	0.320205	0.340894	0.336419	0.320619	0.331995	0.310799	0.324186	0.355606	0.322475	0.317516	0.336884	0.322441	0.359425	0.347164	0.358422	0.317359	0.322696	0.364845	0.326669	0.321582	0.340449	0.328906	0.353665	0.311985	0.296969	0.329250	0.294613	0.291802	0.301044	0.325721	0.298125	0.302472	0.322232	0.341354	0.317127	
0.330819	0.284142	0.173143	0.101527	0.000000	0.226160	0.246045	0.286207	0.195548	0.229345	0.294577	0.300257	0.325003	0.325643	0.306963	0.301548	0.278397	0.269285	0.300708	0.292307	0.307234	0.290718	0.272395	0.254468	0.253983	0.231301	0.291521	0.308000	0.277229	0.310441	0.345570	0.350494	0.243900	0.285421	0.249389	0.321126	0.349524	0.330940	0.302207	0.306805	0.315765	0.298472	0.312945	0.361643	0.300901	0.318225	0.307017	0.303967	0.286028	0.300708	0.303753	0.313514	0.299389	0.320384	0.293062	0.317186	0.310901	0.325340	0.298081	0.297523	0.316008	0.308995	0.300488	0.316168	0.323581	0.328350	0.304898	0.286869	0.295164	0.295198	0.286841	0.293397	0.291651	0.319964	0.307822	0.299137	0.311235	0.311044	0.329082	0.324546	0.312984	0.330701	0.314550	0.288516	0.292536	0.306478	0.312358	0.320790	0.301605	0.322023	0.306737	0.314673	0.359148	0.317621	0.306598	0.321150	0.314497	0.364882	0.347593	0.343378	0.308449	0.323574	0.361360	0.310533	0.320567	0.332149	0.311707	0.325099	0.281374	0.265338	0.334574	0.274142	0.284205	0.289364	0.320057	0.323149	0.326275	0.311926	0.339329	0.309904	
0.327006	0.334947	0.316095	0.187213	0.226160	0.000000	0.253293	0.218719	0.083395	0.279903	0.288176	0.342335	0.357994	0.352111	0.347522	0.337446	0.311473	0.299729	0.244108	0.294504	0.321713	0.332210	0.315472	0.277367	0.277550	0.316828	0.320437	0.321290	0.307055	0.331089	0.356908	0.346296	0.289744	0.313397	0.287323	0.322673	0.332747	0.340937	0.329001	0.336408	0.341579	0.329371	0.335046	0.363525	0.348075	0.357714	0.356772	0.338972	0.308029	0.320946	0.338641	0.352659	0.342601	0.339775	0.332615	0.309134	0.344238	0.362261	0.346294	0.341052	0.351412	0.350680	0.329267	0.327742	0.350620	0.356780	0.336757	0.319668	0.338965	0.332433	0.327354	0.333867	0.320304	0.330718	0.327928	0.335515	0.307270	0.317987	0.353674	0.354859	0.345333	0.327883	0.311231	0.323230	0.326165	0.350410	0.340312	0.367894	0.340892	0.362937	0.338225	0.339792	0.374184	0.346006	0.350770	0.372683	0.363170	0.366917	0.351312	0.378887	0.321134	0.338039	0.355487	0.353841	0.330787	0.357584	0.331517	0.357070	0.345050	0.342182	0.347766	0.322619	0.317925	0.344852	0.337475	0.314224	0.319422	0.334378	0.372610	0.325991	
0.326665	0.252076	0.295413	0.270171	0.246045	0.253293	0.000000	0.160350	0.218420	0.285387	0.289791	0.313683	0.321550	0.299613	0.303250	0.327113	0.267329	0.260743	0.317535	0.284641	0.295202	0.291328	0.279980	0.250874	0.251165	0.221139	0.299391	0.320835	0.275128	0.280672	0.337658	0.313255	0.268566	0.314824	0.267674	0.305596	0.318287	0.305032	0.292149	0.298833	0.315735	0.281775	0.288748	0.365023	0.301905	0.313757	0.311045	0.297852	0.277730	0.290985	0.299574	0.303265	0.300712	0.293001	0.323033	0.296930	0.259896	0.276893	0.292851	0.305663	0.304612	0.313975	0.290378	0.272236	0.324153	0.331930	0.320910	0.283412	0.295279	0.290356	0.301542	0.290278	0.276361	0.298956	0.294617	0.290830	0.280447	0.281810	0.289279	0.281489	0.279248	0.318624	0.300371	0.282173	0.294460	0.303862	0.317144	0.315015	0.303521	0.322060	0.309515	0.308459	0.348871	0.311391	0.277195	0.291824	0.310829	0.364995	0.347816	0.342710	0.280001	0.298945	0.349184	0.320839	0.290030	0.327760	0.307280	0.325601	0.259711	0.254566	0.281380	0.265921	0.273875	0.290068	0.303514	0.304088	0.308858	0.278930	0.318552	0.280169	
0.350949	0.319342	0.303641	0.302201	0.286207	0.218719	0.160350	0.000000	0.215433	0.306693	0.292956	0.330666	0.311687	0.305655	0.326506	0.347059	0.291899	0.290205	0.340950	0.311297	0.312680	0.298602	0.295943	0.259336	0.259457	0.281772	0.307315	0.294582	0.289422	0.284970	0.343004	0.285076	0.283115	0.292521	0.282684	0.326508	0.335581	0.318207	0.306864	0.316611	0.330258	0.306857	0.306972	0.363366	0.315579	0.323748	0.325462	0.306633	0.284954	0.298956	0.310693	0.322165	0.318463	0.308017	0.343791	0.293528	0.277110	0.300950	0.319410	0.328493	0.322773	0.335781	0.303263	0.270364	0.339336	0.347596	0.342536	0.299868	0.305998	0.306982	0.320104	0.304062	0.288269	0.316212	0.305592	0.303282	0.304242	0.301179	0.286848	0.300932	0.282657	0.327537	0.312213	0.292814	0.319681	0.327300	0.331365	0.343843	0.320705	0.326651	0.322903	0.328373	0.386137	0.342709	0.305072	0.323002	0.349024	0.368043	0.348459	0.355761	0.281190	0.291490	0.353633	0.350641	0.277524	0.339407	0.309650	0.328053	0.294059	0.285303	0.294981	0.294566	0.309575	0.317274	0.313905	0.315872	0.315577	0.307220	0.335183	0.303705	
0.324414	0.277829	0.282785	0.164679	0.195548	0.083395	0.218420	0.215433	0.000000	0.273394	0.257421	0.330613	0.335030	0.321073	0.344593	0.329645	0.309388	0.286792	0.242400	0.285518	0.323320	0.314721	0.297109	0.217448	0.219114	0.257625	0.306649	0.322060	0.289853	0.321862	0.350355	0.333648	0.273337	0.315118	0.272455	0.316054	0.323996	0.329968	0.312191	0.319682	0.321441	0.318228	0.324197	0.349510	0.339957	0.351049	0.346925	0.323380	0.303688	0.314294	0.328848	0.343737	0.330618	0.340352	0.327544	0.312655	0.333973	0.345370	0.330695	0.322554	0.351298	0.333317	0.310187	0.315110	0.337040	0.343274	0.324282	0.311483	0.336417	0.311644	0.310780	0.318699	0.306931	0.326100	0.316266	0.323821	0.297597	0.308863	0.353336	0.342050	0.347683	0.322831	0.298440	0.309692	0.323139	0.331105	0.337930	0.350539	0.322529	0.356532	0.330784	0.327889	0.354743	0.326551	0.343195	0.363639	0.344255	0.357257	0.337866	0.360810	0.312390	0.330775	0.346913	0.334263	0.318823	0.344252	0.321825	0.340169	0.330318	0.328397	0.331030	0.313663	0.303224	0.330337	0.330611	0.309104	0.308935	0.319445	0.361280	0.318996	
0.333075	0.320946	0.338561	0.233840	0.229345	0.279903	0.285387	0.306693	0.273394	0.000000	0.263828	0.328307	0.349681	0.345704	0.297349	0.316144	0.283502	0.299997	0.332915	0.325454	0.305084	0.308377	0.309180	0.320762	0.319628	0.299017	0.304080	0.332015	0.284655	0.323045	0.348770	0.338954	0.290060	0.331445	0.291186	0.310113	0.318854	0.306932	0.312924	0.317258	0.342331	0.300920	0.317876	0.353657	0.314362	0.324962	0.318955	0.292181	0.280259	0.298514	0.295374	0.309253	0.294737	0.319552	0.325899	0.310232	0.311265	0.324188	0.296831	0.306037	0.321445	0.311958	0.308380	0.314684	0.344232	0.355434	0.326571	0.296084	0.296733	0.290331	0.303157	0.313454	0.289962	0.288942	0.315524	0.318922	0.314666	0.319318	0.345008	0.335367	0.332436	0.331907	0.326788	0.306341	0.322978	0.320247	0.327172	0.313145	0.287646	0.339256	0.330679	0.311869	0.374725	0.324795	0.311497	0.319822	0.313686	0.372093	0.356346	0.340151	0.321726	0.339892	0.352674	0.346053	0.316658	0.331409	0.336248	0.342025	0.302095	0.293834	0.333159	0.289483	0.302977	0.316478	0.296020	0.308569	0.307212	0.304828	0.343904	0.314963	
0.334318	0.296865	0.297573	0.304422	0.294577	0.288176	0.289791	0.292956	0.257421	0.263828	0.000000	0.321610	0.329147	0.323332	0.355987	0.366353	0.329303	0.294125	0.323185	0.317269	0.329234	0.310927	0.317074	0.277450	0.276704	0.269954	0.277571	0.252983	0.288793	0.330869	0.349182	0.315294	0.299844	0.271179	0.300832	0.357235	0.356891	0.335979	0.320324	0.323168	0.338243	0.305856	0.318793	0.335237	0.319932	0.345270	0.324738	0.312045	0.320530	0.325253	0.319977	0.327031	0.331534	0.350491	0.363988	0.293304	0.342719	0.357110	0.339846	0.325898	0.351119	0.343784	0.321423	0.327277	0.372335	0.377472	0.360628	0.311935	0.339697	0.316997	0.311680	0.315754	0.320968	0.361114	0.344482	0.332447	0.359383	0.351772	0.329326	0.320827	0.335034	0.355791	0.339711	0.310927	0.348708	0.333594	0.336875	0.356089	0.353366	0.371546	0.367156	0.328589	0.390766	0.341435	0.321621	0.340421	0.322364	0.380186	0.371011	0.346444	0.336152	0.346767	0.374791	0.363492	0.330330	0.333353	0.305172	0.319246	0.344785	0.343958	0.343815	0.326967	0.345143	0.330211	0.311052	0.327458	0.337497	0.321337	0.359728	0.321380	
0.317179	0.289544	0.337405	0.316493	0.300257	0.342335	0.313683	0.330666	0.330613	0.328307	0.321610	0.000000	0.249874	0.215007	0.333824	0.307513	0.248892	0.302708	0.272171	0.310642	0.305121	0.271879	0.248332	0.338538	0.337728	0.316065	0.326734	0.355886	0.312418	0.293517	0.306246	0.340144	0.298984	0.337487	0.298340	0.342293	0.366196	0.351418	0.332833	0.336449	0.356926	0.307376	0.330013	0.351493	0.318003	0.337943	0.325608	0.315873	0.306074	0.299282	0.312915	0.317175	0.317975	0.348722	0.298284	0.325507	0.343677	0.358130	0.319672	0.343964	0.328992	0.352648	0.291996	0.331662	0.335980	0.339661	0.336044	0.312891	0.288323	0.309039	0.313520	0.316222	0.308229	0.343452	0.328341	0.339313	0.360790	0.346082	0.316994	0.304688	0.316180	0.362096	0.344154	0.314835	0.352069	0.330527	0.339975	0.333089	0.343076	0.314917	0.317559	0.313543	0.350558	0.311593	0.335447	0.346233	0.339405	0.349074	0.353797	0.349820	0.322268	0.329158	0.378227	0.325911	0.344578	0.363434	0.323864	0.337955	0.344351	0.339577	0.346897	0.301135	0.335155	0.331291	0.335126	0.353734	0.342340	0.314835	0.345605	0.316142	
0.343664	0.325379	0.357105	0.340805	0.325003	0.357994	0.321550	0.311687	0.335030	0.349681	0.329147	0.249874	0.000000	0.084604	0.347796	0.323111	0.325596	0.176710	0.369292	0.293611	0.331824	0.301287	0.295619	0.356082	0.354683	0.340373	0.344049	0.361298	0.336221	0.304796	0.319531	0.315613	0.324604	0.340366	0.323540	0.366796	0.381069	0.353441	0.366018	0.363857	0.367974	0.346741	0.359537	0.371630	0.360586	0.361470	0.362376	0.360806	0.355914	0.352847	0.351083	0.379229	0.361732	0.362517	0.329706	0.352783	0.352283	0.364259	0.351310	0.374583	0.348230	0.389397	0.337626	0.336385	0.339003	0.343655	0.360010	0.355399	0.342150	0.361560	0.340568	0.362639	0.351138	0.381888	0.377533	0.355275	0.381018	0.367915	0.317770	0.304689	0.314159	0.365448	0.358885	0.353282	0.378114	0.343342	0.344253	0.381692	0.381214	0.384310	0.378622	0.333051	0.370420	0.346286	0.329128	0.348485	0.361964	0.391472	0.388727	0.378842	0.351282	0.361426	0.418223	0.381815	0.363580	0.378763	0.336269	0.350459	0.351149	0.341581	0.358605	0.332345	0.349080	0.361423	0.348230	0.374802	0.357835	0.347867	0.386824	0.343037	
0.338121	0.306853	0.355709	0.332857	0.325643	0.352111	0.299613	0.305655	0.321073	0.345704	0.323332	0.215007	0.084604	0.000000	0.349869	0.310286	0.309558	0.204718	0.343994	0.285093	0.330575	0.306629	0.280791	0.346728	0.346220	0.327281	0.339654	0.362620	0.330583	0.312370	0.323656	0.320512	0.314974	0.340411	0.314690	0.363858	0.378366	0.355847	0.360763	0.356146	0.363756	0.343592	0.355284	0.379790	0.347098	0.358992	0.356493	0.350019	0.342878	0.339798	0.342110	0.364645	0.350455	0.361748	0.314999	0.347791	0.337194	0.355904	0.344561	0.366506	0.342533	0.382483	0.329508	0.332971	0.327218	0.331009	0.346525	0.351445	0.335173	0.355485	0.334789	0.358723	0.345609	0.376532	0.371593	0.350803	0.375544	0.363767	0.311776	0.298109	0.306062	0.361676	0.350529	0.343729	0.377319	0.336034	0.338343	0.372363	0.373355	0.376532	0.375022	0.333015	0.363983	0.340733	0.329576	0.352937	0.360250	0.389164	0.386859	0.374955	0.352990	0.359908	0.425758	0.393080	0.363802	0.377758	0.341567	0.354358	0.348771	0.340512	0.341117	0.325409	0.350498	0.365940	0.348596	0.366834	0.353220	0.334210	0.374148	0.331072	
0.341743	0.344878	0.340407	0.336523	0.306963	0.347522	0.303250	0.326506	0.344593	0.297349	0.355987	0.333824	0.347796	0.349869	0.000000	0.236164	0.182108	0.323974	0.367984	0.345861	0.308619	0.311670	0.303515	0.338298	0.339276	0.313551	0.339469	0.338732	0.319520	0.317540	0.332209	0.352203	0.324958	0.344660	0.322720	0.326944	0.335577	0.314911	0.340335	0.334508	0.329340	0.322279	0.333263	0.370430	0.330627	0.325443	0.325058	0.326152	0.302117	0.324320	0.310493	0.329817	0.319835	0.324156	0.184312	0.337089	0.313962	0.336972	0.312040	0.334973	0.324704	0.339095	0.334474	0.330217	0.350849	0.358187	0.353590	0.303985	0.332195	0.324941	0.320986	0.317395	0.296443	0.310464	0.331094	0.329755	0.318406	0.338007	0.335571	0.333273	0.341278	0.342829	0.340760	0.323491	0.329178	0.338168	0.341223	0.317358	0.321787	0.340107	0.343058	0.328024	0.391381	0.352074	0.316464	0.319457	0.343171	0.361404	0.355572	0.319842	0.336159	0.343292	0.384966	0.358087	0.346122	0.341568	0.323417	0.320616	0.298006	0.296975	0.325293	0.297910	0.300275	0.332193	0.325494	0.338632	0.335971	0.293326	0.328838	0.304060	
0.364669	0.365691	0.362714	0.312853	0.301548	0.337446	0.327113	0.347059	0.329645	0.316144	0.366353	0.307513	0.323111	0.310286	0.236164	0.000000	0.257997	0.326928	0.347804	0.337795	0.340052	0.337281	0.297995	0.372859	0.371965	0.354269	0.352012	0.363853	0.332863	0.347115	0.361667	0.375429	0.318342	0.345941	0.317579	0.341335	0.351971	0.347259	0.352608	0.338697	0.307894	0.338791	0.332873	0.385524	0.361878	0.370053	0.360826	0.361785	0.344249	0.352740	0.355461	0.352313	0.355702	0.349416	0.153336	0.355274	0.355352	0.369870	0.339043	0.358344	0.358696	0.362179	0.358462	0.346775	0.310620	0.315719	0.318941	0.331034	0.344540	0.359681	0.358506	0.358066	0.342486	0.309011	0.321962	0.349964	0.335295	0.335162	0.346873	0.333786	0.353181	0.355266	0.353775	0.351381	0.328979	0.343893	0.347378	0.366996	0.354608	0.367528	0.363286	0.346022	0.353222	0.362473	0.353298	0.360656	0.365863	0.356486	0.350952	0.348435	0.380408	0.383609	0.380800	0.358406	0.389968	0.372420	0.345980	0.364544	0.349325	0.349542	0.360817	0.332300	0.286900	0.361701	0.351721	0.350366	0.341967	0.311943	0.334638	0.316531	
0.330778	0.318352	0.336054	0.309398	0.278397	0.311473	0.267329	0.291899	0.309388	0.283502	0.329303	0.248892	0.325596	0.309558	0.182108	0.257997	0.000000	0.265353	0.284254	0.262968	0.297931	0.288399	0.252149	0.310040	0.309197	0.288074	0.303364	0.315882	0.288414	0.308125	0.317576	0.331467	0.283976	0.320054	0.280365	0.308876	0.313305	0.292509	0.303016	0.318637	0.329388	0.304042	0.323659	0.358812	0.301213	0.312401	0.301996	0.301876	0.271459	0.289360	0.302195	0.302628	0.299878	0.294134	0.196659	0.296800	0.297273	0.314259	0.302772	0.307629	0.300235	0.316390	0.303150	0.299231	0.328197	0.339258	0.327971	0.295504	0.304639	0.307661	0.303846	0.298867	0.279130	0.295158	0.309598	0.298293	0.293447	0.312477	0.323363	0.321458	0.307742	0.316694	0.316521	0.300555	0.294210	0.323953	0.340527	0.308012	0.294702	0.326700	0.329422	0.305986	0.358572	0.322201	0.286026	0.297672	0.304541	0.361943	0.347149	0.324280	0.313326	0.333378	0.374615	0.342947	0.329222	0.316046	0.322869	0.313392	0.263339	0.259169	0.311085	0.281310	0.281838	0.299694	0.300725	0.313910	0.319410	0.283540	0.316666	0.298204	
0.357594	0.322704	0.322532	0.292047	0.269285	0.299729	0.260743	0.290205	0.286792	0.299997	0.294125	0.302708	0.176710	0.204718	0.323974	0.326928	0.265353	0.000000	0.227780	0.156738	0.333963	0.302901	0.292933	0.312850	0.312310	0.297840	0.308837	0.326646	0.301185	0.316008	0.352210	0.323847	0.285836	0.311010	0.285964	0.351164	0.365344	0.332892	0.323245	0.324881	0.322395	0.309593	0.324237	0.362980	0.313860	0.319897	0.323200	0.318895	0.296511	0.295344	0.315544	0.316950	0.308207	0.321908	0.312845	0.311977	0.293493	0.311617	0.318858	0.319236	0.310819	0.330607	0.313154	0.303284	0.311656	0.317801	0.320556	0.310022	0.307015	0.316057	0.300912	0.308886	0.285790	0.345781	0.332694	0.313187	0.330040	0.318595	0.329218	0.321026	0.314666	0.330561	0.326025	0.308724	0.317489	0.312083	0.308660	0.356370	0.359643	0.337950	0.347209	0.318231	0.346929	0.325353	0.297720	0.310294	0.334934	0.397783	0.383786	0.354839	0.318849	0.330435	0.391102	0.346330	0.332553	0.336225	0.313609	0.346953	0.299753	0.291591	0.325074	0.286223	0.318938	0.304200	0.316312	0.342263	0.322560	0.321242	0.353183	0.322367	
0.375286	0.368314	0.347965	0.244026	0.300708	0.244108	0.317535	0.340950	0.242400	0.332915	0.323185	0.272171	0.369292	0.343994	0.367984	0.347804	0.284254	0.227780	0.000000	0.117647	0.355340	0.328056	0.319873	0.302956	0.303986	0.315271	0.324716	0.337758	0.309202	0.351388	0.388201	0.387800	0.299231	0.346632	0.295661	0.352012	0.373980	0.382236	0.343348	0.348167	0.339914	0.338045	0.344321	0.359381	0.344442	0.354271	0.348669	0.343452	0.317222	0.316072	0.333293	0.339423	0.334638	0.337081	0.331270	0.323531	0.333565	0.348624	0.342988	0.342144	0.331737	0.349097	0.334539	0.334894	0.347407	0.339801	0.320775	0.327830	0.336564	0.320504	0.320437	0.327563	0.325981	0.363559	0.343465	0.335538	0.338613	0.322148	0.360683	0.348397	0.349971	0.345385	0.324275	0.329020	0.315914	0.354458	0.360292	0.358532	0.356950	0.330797	0.338588	0.324970	0.343131	0.343622	0.363762	0.332459	0.358880	0.381137	0.365077	0.384557	0.335994	0.348099	0.369414	0.338352	0.350591	0.356475	0.360449	0.378840	0.336707	0.336951	0.354843	0.329717	0.338848	0.310485	0.344259	0.333393	0.318873	0.348546	0.387096	0.346212	
0.359463	0.358415	0.328032	0.315631	0.292307	0.294504	0.284641	0.311297	0.285518	0.325454	0.317269	0.310642	0.293611	0.285093	0.345861	0.337795	0.262968	0.156738	0.117647	0.000000	0.344235	0.332528	0.323171	0.297347	0.296556	0.309120	0.320109	0.335820	0.303654	0.337923	0.391094	0.368241	0.288091	0.337267	0.287499	0.375863	0.392424	0.370163	0.344388	0.341493	0.331274	0.332289	0.349685	0.357933	0.342339	0.352316	0.347384	0.343465	0.319455	0.319818	0.330637	0.339374	0.329954	0.319693	0.322586	0.316505	0.309560	0.329626	0.332835	0.348927	0.317728	0.355098	0.343325	0.325532	0.347314	0.340627	0.323471	0.324529	0.343395	0.322435	0.313442	0.323280	0.314828	0.367258	0.358165	0.326252	0.350780	0.331618	0.335938	0.328418	0.322595	0.368329	0.344097	0.325804	0.316301	0.348993	0.336334	0.353618	0.354915	0.350582	0.360152	0.324383	0.348067	0.349664	0.341893	0.308458	0.358593	0.401699	0.380465	0.380274	0.337892	0.353832	0.392710	0.365271	0.354900	0.353201	0.348297	0.373585	0.311194	0.308512	0.345143	0.321833	0.341036	0.307298	0.339871	0.361544	0.343120	0.354278	0.395146	0.348471	
0.240247	0.295149	0.352964	0.317032	0.307234	0.321713	0.295202	0.312680	0.323320	0.305084	0.329234	0.305121	0.331824	0.330575	0.308619	0.340052	0.297931	0.333963	0.355340	0.344235	0.000000	0.156212	0.240995	0.342884	0.343217	0.320507	0.328729	0.335797	0.316911	0.318220	0.331231	0.333766	0.322152	0.330933	0.322665	0.330498	0.355057	0.335096	0.332497	0.327684	0.332448	0.306326	0.313560	0.372395	0.329405	0.341015	0.330579	0.320604	0.301403	0.319283	0.319619	0.342350	0.325832	0.325071	0.334014	0.320439	0.322374	0.337642	0.318837	0.327854	0.345038	0.340121	0.339530	0.338637	0.366794	0.375657	0.355134	0.318927	0.338059	0.327846	0.325774	0.331629	0.298680	0.327612	0.324043	0.291324	0.330407	0.320583	0.343276	0.330225	0.341256	0.353779	0.338364	0.320776	0.317108	0.327469	0.339324	0.326356	0.322915	0.349714	0.342345	0.322920	0.363520	0.336790	0.316074	0.321959	0.318777	0.368660	0.362511	0.334054	0.333941	0.352726	0.399996	0.372548	0.347899	0.346783	0.328218	0.325979	0.304253	0.304097	0.323966	0.311695	0.293426	0.322591	0.287773	0.321116	0.328042	0.293292	0.331240	0.309260	
0.295868	0.266932	0.323282	0.307675	0.290718	0.332210	0.291328	0.298602	0.314721	0.308377	0.310927	0.271879	0.301287	0.306629	0.311670	0.337281	0.288399	0.302901	0.328056	0.332528	0.156212	0.000000	0.117948	0.331417	0.331630	0.308115	0.305323	0.326665	0.288540	0.291562	0.301176	0.317966	0.296749	0.321554	0.295836	0.321850	0.350158	0.330813	0.315934	0.326263	0.317089	0.303114	0.313480	0.328065	0.304347	0.310372	0.307445	0.300416	0.283316	0.294408	0.293021	0.320856	0.302547	0.329998	0.328639	0.312593	0.316341	0.331884	0.314943	0.315085	0.345873	0.325173	0.321082	0.318005	0.322979	0.318095	0.344799	0.292659	0.305865	0.282935	0.277815	0.284448	0.281540	0.330099	0.316219	0.274258	0.323018	0.308587	0.319237	0.303873	0.311548	0.337720	0.293505	0.267933	0.304218	0.316131	0.323594	0.331933	0.315251	0.329737	0.324645	0.286031	0.377585	0.309805	0.328794	0.330619	0.320361	0.378236	0.356592	0.353590	0.320152	0.339174	0.386468	0.340939	0.330002	0.341764	0.316003	0.325963	0.318312	0.308115	0.344977	0.281051	0.294274	0.296656	0.270563	0.302250	0.317188	0.298176	0.352734	0.300204	
0.289236	0.263477	0.323818	0.291449	0.272395	0.315472	0.279980	0.295943	0.297109	0.309180	0.317074	0.248332	0.295619	0.280791	0.303515	0.297995	0.252149	0.292933	0.319873	0.323171	0.240995	0.117948	0.000000	0.325452	0.325019	0.300842	0.296300	0.326155	0.290860	0.291885	0.305879	0.320618	0.272265	0.306043	0.272873	0.320201	0.343696	0.319136	0.319570	0.321116	0.318840	0.293422	0.304051	0.326680	0.301112	0.301759	0.306355	0.297391	0.280516	0.290976	0.290423	0.316155	0.299249	0.324625	0.291325	0.317547	0.321331	0.336307	0.310293	0.314835	0.334398	0.329553	0.309824	0.303864	0.316395	0.311016	0.337969	0.286740	0.298100	0.275301	0.271153	0.272982	0.275855	0.322326	0.307012	0.271987	0.319037	0.314929	0.314209	0.303970	0.307868	0.324703	0.286506	0.261284	0.312023	0.319629	0.327013	0.328692	0.317056	0.328407	0.326654	0.278059	0.367440	0.304703	0.318432	0.333925	0.321590	0.380365	0.361389	0.348035	0.314905	0.333363	0.385751	0.339124	0.320916	0.341153	0.311800	0.328560	0.316973	0.306664	0.337995	0.277082	0.290777	0.306619	0.276870	0.307453	0.310863	0.290829	0.344213	0.293033	
0.329356	0.273786	0.254061	0.275305	0.254468	0.277367	0.250874	0.259336	0.217448	0.320762	0.277450	0.338538	0.356082	0.346728	0.338298	0.372859	0.310040	0.312850	0.302956	0.297347	0.342884	0.331417	0.325452	0.000000	0.013077	0.104674	0.247659	0.277990	0.259579	0.315667	0.332064	0.305987	0.277467	0.316988	0.281936	0.356052	0.362967	0.337047	0.303373	0.315962	0.330669	0.318461	0.330538	0.306543	0.307118	0.325356	0.319429	0.312127	0.285864	0.297305	0.319862	0.323381	0.319812	0.333343	0.362809	0.305513	0.327846	0.337471	0.308978	0.305391	0.321046	0.316805	0.320508	0.320859	0.378238	0.380785	0.352775	0.316346	0.319995	0.318836	0.327424	0.323045	0.322671	0.344969	0.334288	0.316450	0.338476	0.346279	0.359957	0.356979	0.347370	0.341272	0.339754	0.314986	0.312513	0.340007	0.354662	0.313469	0.307538	0.319099	0.311409	0.236443	0.314756	0.356321	0.308976	0.321111	0.311253	0.355195	0.341614	0.329380	0.297015	0.310455	0.336409	0.325039	0.306310	0.307375	0.303888	0.326893	0.314484	0.304639	0.320929	0.309967	0.314232	0.303924	0.334100	0.347222	0.338962	0.314819	0.337557	0.321713	
0.329111	0.272955	0.253396	0.275749	0.253983	0.277550	0.251165	0.259457	0.219114	0.319628	0.276704	0.337728	0.354683	0.346220	0.339276	0.371965	0.309197	0.312310	0.303986	0.296556	0.343217	0.331630	0.325019	0.013077	0.000000	0.106642	0.247244	0.275789	0.259779	0.316872	0.331541	0.307031	0.277660	0.316360	0.282868	0.356153	0.362715	0.337709	0.304469	0.316388	0.331962	0.318390	0.330604	0.308437	0.306471	0.325092	0.319132	0.310216	0.285636	0.297005	0.319658	0.322070	0.319584	0.333048	0.362190	0.307093	0.329136	0.338827	0.309347	0.305864	0.321493	0.316735	0.319695	0.320955	0.378627	0.380883	0.353475	0.315802	0.320733	0.319882	0.326735	0.323826	0.322758	0.344769	0.334376	0.315093	0.338913	0.346175	0.359802	0.356643	0.346611	0.340894	0.339236	0.315246	0.313148	0.340466	0.354487	0.310871	0.306450	0.317260	0.309846	0.238484	0.314726	0.355860	0.308390	0.321493	0.309712	0.355922	0.342980	0.330467	0.295925	0.308952	0.337411	0.325303	0.306278	0.307772	0.302959	0.326368	0.315845	0.304754	0.321437	0.308596	0.313220	0.303189	0.333419	0.346557	0.338182	0.313323	0.337407	0.321093	
0.323353	0.247366	0.253690	0.253098	0.231301	0.316828	0.221139	0.281772	0.257625	0.299017	0.269954	0.316065	0.340373	0.327281	0.313551	0.354269	0.288074	0.297840	0.315271	0.309120	0.320507	0.308115	0.300842	0.104674	0.106642	0.000000	0.260533	0.267507	0.255245	0.292232	0.310019	0.314042	0.267895	0.310928	0.270906	0.331494	0.339501	0.311279	0.297103	0.310228	0.324700	0.283397	0.298563	0.343366	0.293739	0.291327	0.305296	0.293492	0.274815	0.289260	0.286282	0.299612	0.290659	0.307644	0.342676	0.299744	0.299158	0.308155	0.284087	0.291215	0.294967	0.306811	0.288257	0.289927	0.353258	0.357151	0.323101	0.283402	0.288884	0.289178	0.295969	0.291635	0.294121	0.322833	0.310345	0.288945	0.313695	0.319616	0.329057	0.325800	0.314624	0.313831	0.306551	0.281532	0.286614	0.314418	0.330369	0.301895	0.296326	0.308153	0.297433	0.268530	0.346442	0.321489	0.290045	0.300225	0.292192	0.362870	0.349162	0.318871	0.288424	0.303472	0.343115	0.313247	0.296647	0.327903	0.312996	0.325435	0.294869	0.278024	0.311023	0.282110	0.281141	0.279400	0.310158	0.322807	0.325627	0.287393	0.308882	0.291457	
0.325286	0.307228	0.291524	0.309345	0.291521	0.320437	0.299391	0.307315	0.306649	0.304080	0.277571	0.326734	0.344049	0.339654	0.339469	0.352012	0.303364	0.308837	0.324716	0.320109	0.328729	0.305323	0.296300	0.247659	0.247244	0.260533	0.000000	0.171294	0.116109	0.300205	0.318777	0.308026	0.190661	0.279018	0.193969	0.355643	0.355269	0.325222	0.304351	0.305452	0.317780	0.303615	0.312681	0.293783	0.284727	0.318354	0.293678	0.294075	0.279205	0.297545	0.289875	0.300919	0.297913	0.335975	0.351863	0.305984	0.337167	0.352325	0.318519	0.296802	0.316858	0.301787	0.323978	0.309607	0.343394	0.348831	0.339951	0.294379	0.311998	0.313364	0.312133	0.306925	0.305053	0.333142	0.313399	0.292928	0.334576	0.329847	0.344021	0.337625	0.339386	0.316259	0.326720	0.302427	0.292129	0.332220	0.337658	0.340655	0.326224	0.350988	0.345836	0.281541	0.361904	0.329860	0.300631	0.300289	0.298112	0.365241	0.355731	0.341532	0.313854	0.330596	0.372322	0.333141	0.314970	0.293698	0.287350	0.327557	0.335834	0.330274	0.347962	0.300731	0.302080	0.277580	0.324601	0.329899	0.307270	0.321665	0.352753	0.325475	
0.353622	0.349186	0.280129	0.328115	0.308000	0.321290	0.320835	0.294582	0.322060	0.332015	0.252983	0.355886	0.361298	0.362620	0.338732	0.363853	0.315882	0.326646	0.337758	0.335820	0.335797	0.326665	0.326155	0.277990	0.275789	0.267507	0.171294	0.000000	0.173565	0.332489	0.352899	0.335252	0.250405	0.187858	0.254255	0.362794	0.359532	0.340154	0.322471	0.326755	0.336531	0.311038	0.315287	0.343965	0.287255	0.332401	0.302325	0.299380	0.302802	0.310866	0.309390	0.304490	0.303763	0.339012	0.365696	0.309278	0.336404	0.351427	0.328071	0.298064	0.331116	0.300198	0.324671	0.325151	0.357781	0.364238	0.352334	0.310874	0.335922	0.328776	0.315101	0.320400	0.328388	0.354927	0.339668	0.312274	0.349699	0.352865	0.328889	0.342933	0.322189	0.339719	0.333561	0.308671	0.305509	0.325872	0.334102	0.343105	0.334964	0.353431	0.355530	0.328087	0.391150	0.336347	0.313035	0.310273	0.319313	0.367394	0.365582	0.339256	0.324379	0.337998	0.370690	0.349889	0.321313	0.319301	0.298631	0.309204	0.332172	0.333483	0.350127	0.315630	0.316587	0.290445	0.321640	0.327272	0.335280	0.330181	0.349810	0.335644	
0.321441	0.309569	0.292186	0.296485	0.277229	0.307055	0.275128	0.289422	0.289853	0.284655	0.288793	0.312418	0.336221	0.330583	0.319520	0.332863	0.288414	0.301185	0.309202	0.303654	0.316911	0.288540	0.290860	0.259579	0.259779	0.255245	0.116109	0.173565	0.000000	0.299894	0.321952	0.327200	0.111822	0.256633	0.112617	0.324187	0.340575	0.313700	0.284905	0.287505	0.295144	0.278100	0.298394	0.317030	0.277023	0.300743	0.281924	0.272273	0.266774	0.275285	0.268977	0.291980	0.277329	0.312015	0.334845	0.282034	0.316400	0.333195	0.307588	0.284781	0.319040	0.301756	0.296400	0.296157	0.314383	0.318668	0.321570	0.272561	0.293777	0.292236	0.281317	0.284738	0.280930	0.313118	0.291184	0.291023	0.312201	0.299681	0.319533	0.313437	0.317253	0.318859	0.305318	0.280520	0.277109	0.291113	0.300721	0.307286	0.301042	0.321673	0.321400	0.273504	0.347859	0.297058	0.294646	0.276576	0.288951	0.356855	0.346021	0.325029	0.305065	0.322672	0.350170	0.307569	0.300695	0.308673	0.282714	0.310669	0.313827	0.308887	0.322602	0.267251	0.276246	0.274415	0.285364	0.296443	0.295106	0.295596	0.330097	0.297673	
0.337567	0.322157	0.333201	0.319931	0.310441	0.331089	0.280672	0.284970	0.321862	0.323045	0.330869	0.293517	0.304796	0.312370	0.317540	0.347115	0.308125	0.316008	0.351388	0.337923	0.318220	0.291562	0.291885	0.315667	0.316872	0.292232	0.300205	0.332489	0.299894	0.000000	0.146722	0.199584	0.296056	0.340331	0.295367	0.327010	0.333786	0.312735	0.334262	0.335538	0.327132	0.315770	0.329310	0.356927	0.319643	0.326632	0.332538	0.316112	0.301707	0.307112	0.319155	0.346782	0.324521	0.317852	0.343703	0.321235	0.336214	0.347654	0.325011	0.344040	0.342608	0.350129	0.314627	0.279452	0.351290	0.352651	0.348193	0.326730	0.328870	0.316188	0.315907	0.325875	0.301498	0.334381	0.314462	0.306885	0.332791	0.312914	0.306666	0.304977	0.304663	0.321460	0.325804	0.323788	0.324079	0.330053	0.342031	0.333984	0.328607	0.333716	0.328062	0.323205	0.363913	0.350226	0.318952	0.317439	0.347541	0.361236	0.354191	0.344480	0.296791	0.310665	0.373764	0.340956	0.311916	0.355055	0.317366	0.340566	0.323788	0.311771	0.333788	0.310324	0.315564	0.326393	0.303992	0.307865	0.318743	0.326544	0.345932	0.325094	
0.332405	0.320471	0.369793	0.363515	0.345570	0.356908	0.337658	0.343004	0.350355	0.348770	0.349182	0.306246	0.319531	0.323656	0.332209	0.361667	0.317576	0.352210	0.388201	0.391094	0.331231	0.301176	0.305879	0.332064	0.331541	0.310019	0.318777	0.352899	0.321952	0.146722	0.000000	0.234720	0.323069	0.355427	0.325543	0.353525	0.339399	0.310073	0.324213	0.337971	0.343859	0.328817	0.349367	0.365589	0.333716	0.334963	0.344458	0.329791	0.319254	0.319572	0.340652	0.354680	0.345568	0.338996	0.342558	0.336091	0.379412	0.384618	0.343977	0.348837	0.345388	0.363065	0.334213	0.336633	0.362937	0.364044	0.374657	0.335008	0.339667	0.337416	0.319639	0.331767	0.327090	0.340713	0.337533	0.332558	0.344987	0.346528	0.347887	0.340983	0.339431	0.349296	0.349267	0.332008	0.334008	0.315607	0.345993	0.321837	0.307911	0.335259	0.319991	0.316512	0.375437	0.346295	0.348572	0.353239	0.345024	0.356062	0.340893	0.337174	0.321268	0.336958	0.369586	0.336889	0.334795	0.337627	0.336413	0.333598	0.344918	0.333220	0.360984	0.312821	0.328840	0.335524	0.336009	0.348962	0.359831	0.310503	0.342011	0.309446	
0.336940	0.331446	0.351469	0.362785	0.350494	0.346296	0.313255	0.285076	0.333648	0.338954	0.315294	0.340144	0.315613	0.320512	0.352203	0.375429	0.331467	0.323847	0.387800	0.368241	0.333766	0.317966	0.320618	0.305987	0.307031	0.314042	0.308026	0.335252	0.327200	0.199584	0.234720	0.000000	0.324724	0.331798	0.324788	0.356067	0.359187	0.349881	0.350545	0.351978	0.346634	0.335507	0.359294	0.354899	0.343493	0.350105	0.354258	0.349378	0.333885	0.344521	0.352936	0.365758	0.360475	0.343258	0.368870	0.338958	0.354862	0.362543	0.347486	0.338393	0.358250	0.350152	0.356915	0.309090	0.381346	0.384156	0.389467	0.341755	0.344897	0.357337	0.353553	0.350357	0.338669	0.360197	0.351547	0.332375	0.363016	0.349089	0.337050	0.333172	0.333806	0.355246	0.346081	0.339574	0.355695	0.347044	0.346392	0.349571	0.346063	0.356464	0.352978	0.326252	0.391465	0.375782	0.324366	0.345643	0.351967	0.396984	0.387317	0.363277	0.323232	0.339710	0.382676	0.372142	0.336008	0.347225	0.321489	0.349248	0.335288	0.323309	0.346840	0.330409	0.333063	0.354038	0.343456	0.348796	0.351527	0.345554	0.379278	0.346894	
0.299434	0.297282	0.264500	0.283421	0.243900	0.289744	0.268566	0.283115	0.273337	0.290060	0.299844	0.298984	0.324604	0.314974	0.324958	0.318342	0.283976	0.285836	0.299231	0.288091	0.322152	0.296749	0.272265	0.277467	0.277660	0.267895	0.190661	0.250405	0.111822	0.296056	0.323069	0.324724	0.000000	0.167726	0.014431	0.316371	0.330189	0.303568	0.283703	0.288475	0.294731	0.274825	0.291451	0.320777	0.280881	0.298528	0.284269	0.273721	0.263475	0.266638	0.271352	0.282722	0.268092	0.284900	0.326510	0.275265	0.302273	0.318382	0.299722	0.281854	0.291208	0.294245	0.276184	0.277990	0.307352	0.301023	0.295560	0.252840	0.284441	0.263243	0.264938	0.265715	0.272281	0.305287	0.284537	0.274801	0.309419	0.284170	0.301466	0.293820	0.298934	0.310652	0.286353	0.259614	0.276944	0.283967	0.291037	0.316397	0.296132	0.322764	0.323658	0.279312	0.334219	0.281468	0.284273	0.281734	0.292345	0.360486	0.339256	0.327257	0.300050	0.321185	0.345877	0.312029	0.304514	0.314914	0.290898	0.309713	0.305658	0.299770	0.324870	0.260539	0.272020	0.277316	0.288273	0.298318	0.296127	0.294842	0.335041	0.296721	
0.320907	0.317674	0.290321	0.327581	0.285421	0.313397	0.314824	0.292521	0.315118	0.331445	0.271179	0.337487	0.340366	0.340411	0.344660	0.345941	0.320054	0.311010	0.346632	0.337267	0.330933	0.321554	0.306043	0.316988	0.316360	0.310928	0.279018	0.187858	0.256633	0.340331	0.355427	0.331798	0.167726	0.000000	0.176029	0.341224	0.347677	0.329246	0.316233	0.315804	0.322032	0.305532	0.316973	0.360899	0.313739	0.328026	0.317692	0.304956	0.307663	0.311954	0.308081	0.321147	0.304797	0.308472	0.353569	0.295414	0.335516	0.343416	0.331571	0.288379	0.317263	0.308164	0.309673	0.319677	0.340156	0.338072	0.342782	0.291412	0.323847	0.308699	0.303610	0.305228	0.307140	0.331171	0.317118	0.317034	0.347760	0.326968	0.323698	0.334752	0.326160	0.350255	0.316186	0.289963	0.307150	0.311516	0.312352	0.343405	0.330590	0.348470	0.352135	0.327783	0.373028	0.316030	0.306796	0.313386	0.324342	0.359517	0.360214	0.332558	0.331498	0.345126	0.369443	0.345887	0.329572	0.327689	0.297220	0.298357	0.328213	0.328777	0.340703	0.305696	0.306091	0.322763	0.316514	0.329739	0.327075	0.323538	0.337601	0.328139	
0.302638	0.299964	0.270777	0.280472	0.249389	0.287323	0.267674	0.282684	0.272455	0.291186	0.300832	0.298340	0.323540	0.314690	0.322720	0.317579	0.280365	0.285964	0.295661	0.287499	0.322665	0.295836	0.272873	0.281936	0.282868	0.270906	0.193969	0.254255	0.112617	0.295367	0.325543	0.324788	0.014431	0.176029	0.000000	0.313591	0.328915	0.305470	0.286414	0.290419	0.293209	0.275367	0.293413	0.322535	0.282537	0.301137	0.285934	0.275211	0.265686	0.268084	0.273352	0.287054	0.270267	0.286273	0.325124	0.277449	0.301903	0.319193	0.301644	0.283320	0.293410	0.296886	0.277867	0.278067	0.305504	0.299428	0.294585	0.256905	0.287232	0.265778	0.265873	0.268607	0.273669	0.304377	0.283370	0.275141	0.304511	0.280001	0.301403	0.293796	0.297870	0.308371	0.284565	0.263101	0.277370	0.286670	0.293094	0.318502	0.300889	0.324602	0.326513	0.281856	0.331944	0.282772	0.284550	0.281220	0.294216	0.359059	0.338645	0.329873	0.300341	0.322238	0.345486	0.310923	0.306218	0.317575	0.293083	0.311118	0.305270	0.298496	0.324880	0.261407	0.270821	0.280264	0.287179	0.295341	0.292885	0.294789	0.336630	0.295853	
0.368865	0.346778	0.377128	0.307953	0.321126	0.322673	0.305596	0.326508	0.316054	0.310113	0.357235	0.342293	0.366796	0.363858	0.326944	0.341335	0.308876	0.351164	0.352012	0.375863	0.330498	0.321850	0.320201	0.356052	0.356153	0.331494	0.355643	0.362794	0.324187	0.327010	0.353525	0.356067	0.316371	0.341224	0.313591	0.000000	0.122261	0.265197	0.329932	0.284856	0.289627	0.311773	0.320200	0.368515	0.342228	0.336456	0.338314	0.332079	0.328386	0.335023	0.332795	0.320063	0.334646	0.320222	0.338973	0.320382	0.324222	0.325852	0.326986	0.342727	0.337748	0.338150	0.291278	0.311037	0.356564	0.359665	0.361819	0.315289	0.326364	0.330648	0.338590	0.332359	0.297396	0.312622	0.315164	0.330307	0.176484	0.192079	0.349293	0.339963	0.350693	0.265937	0.260920	0.326415	0.341280	0.330315	0.358601	0.326245	0.328579	0.333153	0.344176	0.336496	0.376688	0.348595	0.329029	0.342929	0.339553	0.378155	0.367655	0.339923	0.352394	0.352304	0.376474	0.363624	0.354055	0.352313	0.332760	0.340320	0.332769	0.331497	0.346431	0.297543	0.304290	0.318252	0.271008	0.219384	0.258568	0.318406	0.345213	0.320063	
0.379234	0.355301	0.381278	0.330058	0.349524	0.332747	0.318287	0.335581	0.323996	0.318854	0.356891	0.366196	0.381069	0.378366	0.335577	0.351971	0.313305	0.365344	0.373980	0.392424	0.355057	0.350158	0.343696	0.362967	0.362715	0.339501	0.355269	0.359532	0.340575	0.333786	0.339399	0.359187	0.330189	0.347677	0.328915	0.122261	0.000000	0.153252	0.334314	0.330117	0.336404	0.331332	0.344847	0.387658	0.291312	0.344119	0.293168	0.338245	0.338341	0.345264	0.344013	0.331968	0.348032	0.311506	0.345412	0.317466	0.347094	0.345993	0.346207	0.371113	0.350041	0.352888	0.289891	0.295199	0.375955	0.377234	0.379601	0.333771	0.346228	0.343600	0.352148	0.344228	0.306664	0.315169	0.326449	0.269970	0.213162	0.274075	0.365733	0.355703	0.365563	0.214597	0.293369	0.346749	0.346459	0.338235	0.368868	0.343960	0.321546	0.355976	0.366700	0.355194	0.387501	0.363089	0.298671	0.341350	0.307654	0.378626	0.365591	0.338018	0.339829	0.357296	0.381332	0.369537	0.341650	0.347979	0.338459	0.332070	0.338062	0.338212	0.349258	0.308911	0.320153	0.338689	0.277381	0.243546	0.286220	0.328039	0.342794	0.330295	
