0.000000	0.296131	0.264739	0.294585	0.296086	0.269119	0.302115	0.252889	0.261435	0.275326	0.282834	0.292692	0.272807	0.275952	0.307750	0.308854	0.307557	0.302642	0.282076	0.299669	0.307079	0.323780	0.307010	0.293837	0.206037	0.279114	0.297091	0.296991	0.282399	0.338272	0.341609	0.351545	0.319293	0.303868	0.318125	0.312533	0.306447	0.332970	0.358309	0.335975	0.365431	0.334259	0.326970	0.339962	0.329441	0.325707	0.318133	0.334065	0.349758	0.352018	0.351432	0.347848	0.342716	0.326187	0.321335	0.325282	0.315620	0.325118	0.317458	0.306695	0.311267	0.309366	0.316743	0.329866	0.348262	0.336929	0.347577	0.322267	0.349980	0.358471	0.340975	0.350486	0.327190	0.300295	0.315755	0.320515	0.327438	0.294691	0.336028	0.346404	0.351276	0.356703	0.320138	0.353433	0.315124	0.321057	0.316708	0.354547	0.340050	0.333461	0.324911	0.316397	0.318353	0.296297	0.292539	0.306433	0.309141	0.359734	0.341304	0.359309	0.325407	0.322580	0.346213	0.360320	0.364272	0.322590	0.325284	0.325068	0.343978	0.343776	0.348212	0.348352	0.341393	0.333859	0.310587	0.330401	0.322335	0.350293	0.346165	0.340469	
0.296131	0.000000	0.335515	0.338992	0.340297	0.319620	0.328167	0.317203	0.334519	0.346866	0.339063	0.311483	0.312847	0.313259	0.343769	0.346987	0.344043	0.302708	0.300222	0.303692	0.274094	0.301848	0.277686	0.319055	0.274394	0.326800	0.302007	0.308181	0.291850	0.364500	0.346563	0.348524	0.302829	0.300679	0.304430	0.300023	0.301400	0.316036	0.341070	0.320360	0.347312	0.328714	0.322385	0.340008	0.353546	0.312539	0.358706	0.341832	0.311323	0.317726	0.341200	0.345429	0.342098	0.323395	0.333713	0.317068	0.340560	0.347232	0.346227	0.323281	0.336854	0.335749	0.322158	0.325984	0.322926	0.330748	0.340001	0.330702	0.346731	0.340001	0.327659	0.338729	0.324351	0.316658	0.310903	0.324363	0.330104	0.322087	0.328818	0.346114	0.330338	0.360349	0.348769	0.347402	0.296370	0.310667	0.307256	0.358345	0.358388	0.341721	0.343170	0.322567	0.325168	0.316455	0.302808	0.331123	0.312753	0.348601	0.363204	0.341506	0.319988	0.339392	0.365061	0.367219	0.352640	0.338087	0.353888	0.338762	0.330325	0.320988	0.339694	0.331677	0.330887	0.323171	0.313161	0.330826	0.310782	0.343830	0.334924	0.332468	
0.264739	0.335515	0.000000	0.143298	0.125177	0.307767	0.321884	0.294125	0.298449	0.336933	0.327659	0.315203	0.308100	0.301222	0.342029	0.335407	0.343263	0.322539	0.320054	0.322125	0.335718	0.346621	0.341118	0.319413	0.293308	0.329993	0.305341	0.306040	0.297768	0.364055	0.354560	0.360623	0.323089	0.316931	0.321455	0.333490	0.327647	0.347183	0.338991	0.336710	0.357077	0.330705	0.331693	0.340049	0.341901	0.341607	0.341012	0.337942	0.347463	0.355493	0.349703	0.347285	0.352885	0.338409	0.334285	0.344407	0.323611	0.338014	0.335326	0.329289	0.327176	0.332221	0.325244	0.332335	0.351837	0.337639	0.351487	0.340569	0.349641	0.367077	0.355716	0.357484	0.324546	0.328620	0.316237	0.317805	0.334127	0.309762	0.343235	0.362028	0.367024	0.364143	0.335442	0.361471	0.337478	0.347329	0.318629	0.352510	0.335496	0.363501	0.344252	0.328091	0.334008	0.316519	0.310404	0.305990	0.325057	0.364475	0.345631	0.360458	0.353030	0.341623	0.324171	0.336585	0.339066	0.325849	0.312131	0.322782	0.345870	0.352322	0.338997	0.338874	0.341549	0.339767	0.330526	0.345916	0.332371	0.348303	0.347763	0.343159	
0.294585	0.338992	0.143298	0.000000	0.055483	0.289227	0.307472	0.288363	0.308738	0.316697	0.300588	0.300153	0.305460	0.308724	0.361442	0.357828	0.363326	0.308238	0.303477	0.308364	0.313405	0.330202	0.318947	0.336727	0.276719	0.346244	0.308763	0.312967	0.304769	0.338031	0.330061	0.336568	0.317967	0.309888	0.317922	0.309263	0.313252	0.323271	0.330925	0.331042	0.350745	0.306729	0.319138	0.326382	0.311121	0.334986	0.310582	0.315312	0.346765	0.359469	0.339906	0.345244	0.351086	0.339811	0.355220	0.328795	0.320110	0.321183	0.329742	0.310286	0.321949	0.320007	0.302243	0.308874	0.338748	0.354865	0.342832	0.333701	0.343306	0.371692	0.347641	0.356886	0.318299	0.318686	0.307502	0.312651	0.320580	0.294624	0.331958	0.341465	0.347735	0.332869	0.294610	0.351515	0.322216	0.322321	0.308487	0.341117	0.365666	0.379026	0.355583	0.313106	0.321363	0.316555	0.304359	0.341433	0.345517	0.355509	0.366383	0.348337	0.339594	0.351338	0.353645	0.361794	0.362067	0.349745	0.329631	0.331586	0.349311	0.334643	0.339332	0.329311	0.329761	0.335033	0.337983	0.311888	0.340004	0.320291	0.329247	0.318886	
0.296086	0.340297	0.125177	0.055483	0.000000	0.286934	0.304859	0.273355	0.292615	0.328716	0.311445	0.286159	0.302288	0.302705	0.358649	0.355318	0.360953	0.307077	0.301673	0.306032	0.315276	0.326787	0.319224	0.332794	0.276813	0.343298	0.305781	0.307250	0.300482	0.344272	0.327426	0.332779	0.315986	0.307004	0.316870	0.312582	0.312498	0.327393	0.337482	0.326759	0.356237	0.303757	0.320561	0.327813	0.315594	0.338492	0.313938	0.315906	0.332720	0.350179	0.336375	0.339955	0.347260	0.347527	0.353551	0.337439	0.323830	0.326899	0.333571	0.309162	0.322065	0.317771	0.311208	0.313235	0.339250	0.355747	0.337268	0.320634	0.330163	0.364717	0.340501	0.349883	0.321932	0.318679	0.311395	0.318225	0.328933	0.297374	0.332231	0.348354	0.354582	0.322108	0.298952	0.341526	0.317339	0.320022	0.308810	0.329977	0.349857	0.371535	0.351650	0.312406	0.312663	0.304422	0.291425	0.325141	0.342488	0.346862	0.361419	0.343562	0.339095	0.353022	0.345058	0.350712	0.360266	0.348259	0.334371	0.343629	0.341766	0.334580	0.335354	0.322748	0.322654	0.328421	0.334921	0.308375	0.344103	0.322740	0.331692	0.329198	
0.269119	0.319620	0.307767	0.289227	0.286934	0.000000	0.137587	0.078995	0.168496	0.326362	0.265048	0.285457	0.282297	0.278197	0.325980	0.348517	0.333368	0.286580	0.263240	0.283525	0.299331	0.316414	0.300262	0.279191	0.171066	0.311773	0.284424	0.284054	0.275217	0.320700	0.315688	0.300796	0.289009	0.283922	0.289437	0.294491	0.283846	0.307828	0.331944	0.321932	0.347265	0.317148	0.307857	0.309437	0.342551	0.312663	0.329456	0.318895	0.339694	0.332739	0.317395	0.303016	0.302767	0.326318	0.349244	0.313240	0.305528	0.299717	0.310843	0.303799	0.297297	0.304851	0.291534	0.310747	0.349028	0.347498	0.335366	0.308357	0.330201	0.339106	0.324861	0.328758	0.329427	0.313943	0.298949	0.308214	0.309701	0.289426	0.315152	0.313732	0.302885	0.348580	0.306034	0.324752	0.300817	0.304609	0.287812	0.342810	0.356781	0.331865	0.318086	0.315096	0.307080	0.307508	0.295800	0.337799	0.332273	0.355266	0.326724	0.352787	0.328632	0.340743	0.354115	0.353053	0.367480	0.303180	0.293829	0.309736	0.300498	0.292821	0.302845	0.322808	0.310564	0.313680	0.309692	0.318764	0.319661	0.307646	0.317938	0.326450	
0.302115	0.328167	0.321884	0.307472	0.304859	0.137587	0.000000	0.206349	0.140184	0.351339	0.321630	0.295443	0.296104	0.294647	0.321418	0.348774	0.328101	0.302240	0.276033	0.292018	0.296835	0.317152	0.296936	0.300983	0.260808	0.313452	0.277084	0.292220	0.278432	0.311406	0.311782	0.326549	0.293623	0.276184	0.294821	0.302797	0.295110	0.313511	0.331223	0.319564	0.349640	0.336937	0.315189	0.314166	0.350012	0.306255	0.334553	0.332338	0.349990	0.340239	0.311341	0.296477	0.302503	0.322359	0.352253	0.309645	0.299860	0.291259	0.306420	0.317845	0.292337	0.312389	0.298394	0.312478	0.346518	0.338962	0.343084	0.320228	0.341172	0.335108	0.328073	0.336000	0.326284	0.316503	0.302020	0.301553	0.301736	0.294376	0.314397	0.299762	0.293901	0.355816	0.322647	0.328915	0.292069	0.310298	0.281594	0.345810	0.356779	0.339809	0.324236	0.302352	0.299429	0.307107	0.289397	0.337150	0.330579	0.355836	0.323004	0.359459	0.331362	0.341881	0.353968	0.350276	0.359745	0.305775	0.297340	0.312518	0.302191	0.296984	0.306246	0.321861	0.310000	0.312436	0.317777	0.328369	0.318265	0.319150	0.321518	0.329150	
0.252889	0.317203	0.294125	0.288363	0.273355	0.078995	0.206349	0.000000	0.204567	0.334954	0.268886	0.278988	0.287947	0.276321	0.340824	0.356503	0.346846	0.289527	0.270203	0.283121	0.291517	0.311203	0.282653	0.288959	0.152224	0.322453	0.294270	0.293619	0.288608	0.312683	0.301232	0.300558	0.295044	0.293791	0.296430	0.301898	0.288916	0.314122	0.344825	0.326121	0.356668	0.329680	0.322065	0.324830	0.354072	0.326426	0.338597	0.320542	0.342908	0.341215	0.328136	0.313858	0.324589	0.331732	0.347612	0.321418	0.325087	0.316885	0.322554	0.308083	0.302654	0.307635	0.299536	0.320301	0.345095	0.347351	0.340120	0.310267	0.331653	0.341600	0.324572	0.331974	0.340508	0.323582	0.309198	0.309012	0.309521	0.289178	0.318849	0.322171	0.324927	0.355486	0.318684	0.329807	0.302968	0.310805	0.294568	0.343302	0.362140	0.340418	0.327423	0.316946	0.307599	0.286762	0.280811	0.329216	0.336890	0.355852	0.333902	0.354568	0.337099	0.350110	0.357079	0.370781	0.371346	0.313728	0.313088	0.322640	0.318558	0.312877	0.314314	0.336064	0.331528	0.319870	0.317377	0.328375	0.330082	0.315789	0.326005	0.329794	
0.261435	0.334519	0.298449	0.308738	0.292615	0.168496	0.140184	0.204567	0.000000	0.341399	0.312702	0.301733	0.308118	0.302722	0.327661	0.342574	0.336147	0.311637	0.291703	0.306896	0.312592	0.324040	0.310136	0.335726	0.268345	0.331282	0.293422	0.297891	0.299378	0.320959	0.310087	0.326796	0.305268	0.301498	0.307091	0.310663	0.303343	0.324781	0.334258	0.330315	0.348109	0.329965	0.313173	0.324329	0.360897	0.321626	0.349316	0.319358	0.334263	0.322408	0.308442	0.295205	0.313296	0.332873	0.343269	0.319982	0.309943	0.309685	0.319798	0.316546	0.308121	0.327164	0.294352	0.312313	0.331045	0.326612	0.341326	0.313428	0.328542	0.324865	0.318378	0.323005	0.309696	0.303871	0.283228	0.303210	0.305188	0.306829	0.312885	0.308589	0.307671	0.341444	0.319142	0.319042	0.308281	0.326309	0.302120	0.332906	0.344785	0.327507	0.332149	0.299349	0.288849	0.288174	0.267567	0.308443	0.324841	0.341375	0.337350	0.342168	0.312075	0.335277	0.336901	0.343332	0.357287	0.320600	0.309861	0.322356	0.296775	0.296643	0.301076	0.324319	0.307922	0.324909	0.324324	0.336071	0.328392	0.316257	0.321934	0.325666	
0.275326	0.346866	0.336933	0.316697	0.328716	0.326362	0.351339	0.334954	0.341399	0.000000	0.162856	0.333191	0.338702	0.343207	0.368363	0.347986	0.368582	0.318289	0.330612	0.321732	0.338125	0.351462	0.348641	0.365007	0.333504	0.350044	0.336929	0.325936	0.325491	0.358591	0.358068	0.372571	0.315773	0.325127	0.317668	0.328503	0.328079	0.345143	0.340981	0.356669	0.347212	0.339829	0.323329	0.329569	0.350778	0.325866	0.355967	0.340733	0.336985	0.335970	0.343670	0.341556	0.355198	0.343191	0.352959	0.340158	0.357961	0.369754	0.367623	0.333396	0.352674	0.357864	0.328186	0.337924	0.345660	0.357084	0.335677	0.344312	0.327644	0.342427	0.335424	0.339424	0.343636	0.338401	0.323592	0.350605	0.334299	0.336657	0.344270	0.363598	0.366783	0.332581	0.333510	0.331425	0.348896	0.356790	0.331353	0.330039	0.339336	0.344030	0.350074	0.342155	0.324887	0.339743	0.335178	0.343594	0.353809	0.357007	0.369996	0.350293	0.329066	0.358654	0.342863	0.374287	0.356517	0.372556	0.372601	0.372419	0.340634	0.332970	0.334015	0.332866	0.337412	0.351932	0.342368	0.342590	0.358303	0.330791	0.334592	0.339855	
0.282834	0.339063	0.327659	0.300588	0.311445	0.265048	0.321630	0.268886	0.312702	0.162856	0.000000	0.307419	0.319570	0.318531	0.367768	0.350006	0.366333	0.289856	0.315884	0.308464	0.319185	0.339176	0.321313	0.351621	0.245905	0.349539	0.304798	0.305510	0.310438	0.315899	0.320396	0.345802	0.300577	0.298331	0.302107	0.325308	0.316663	0.339706	0.344091	0.342475	0.357970	0.345326	0.334714	0.324457	0.364066	0.340337	0.360751	0.351811	0.353585	0.350399	0.346573	0.347918	0.345594	0.334239	0.357808	0.323675	0.357522	0.346995	0.350894	0.338893	0.329961	0.324198	0.327282	0.330145	0.365366	0.368436	0.355040	0.324956	0.341156	0.358463	0.343474	0.347811	0.353005	0.349048	0.324598	0.329169	0.318234	0.318887	0.335654	0.345764	0.357074	0.372556	0.353055	0.355185	0.333779	0.346078	0.320207	0.309194	0.328729	0.342977	0.349638	0.342663	0.343878	0.342060	0.330406	0.340527	0.359548	0.365717	0.357251	0.358802	0.330546	0.369979	0.341392	0.367426	0.358875	0.355602	0.354605	0.348579	0.330099	0.326961	0.326199	0.337319	0.326547	0.333272	0.335636	0.344547	0.355028	0.317283	0.329427	0.339972	
0.292692	0.311483	0.315203	0.300153	0.286159	0.285457	0.295443	0.278988	0.301733	0.333191	0.307419	0.000000	0.105602	0.140961	0.327074	0.326322	0.327788	0.165575	0.156326	0.213794	0.294599	0.311727	0.293724	0.330671	0.249836	0.333846	0.301223	0.302086	0.290106	0.348293	0.318339	0.326153	0.314391	0.306160	0.316012	0.296584	0.306342	0.320869	0.330672	0.296022	0.339361	0.332511	0.326608	0.320947	0.327699	0.319342	0.329659	0.332944	0.329043	0.340033	0.341975	0.333499	0.334776	0.339873	0.346652	0.330796	0.337836	0.324066	0.334224	0.312039	0.314079	0.308762	0.298334	0.307187	0.327939	0.332834	0.337827	0.320494	0.332345	0.324756	0.318609	0.323692	0.334360	0.319293	0.315277	0.322416	0.324168	0.306474	0.333870	0.342894	0.346636	0.328132	0.316538	0.334609	0.291134	0.314698	0.292699	0.346032	0.351037	0.361528	0.349743	0.303937	0.309095	0.310013	0.302369	0.337290	0.330742	0.344618	0.357041	0.348363	0.334608	0.350408	0.355436	0.352797	0.376740	0.333918	0.347968	0.344154	0.336593	0.339674	0.335004	0.331251	0.337223	0.328742	0.332341	0.317894	0.336776	0.336872	0.334885	0.326692	
0.272807	0.312847	0.308100	0.305460	0.302288	0.282297	0.296104	0.287947	0.308118	0.338702	0.319570	0.105602	0.000000	0.086128	0.296521	0.299723	0.294545	0.163109	0.106912	0.190242	0.304156	0.324116	0.300690	0.300800	0.256243	0.306178	0.297037	0.298706	0.270631	0.340082	0.330855	0.334950	0.305826	0.292461	0.304292	0.286811	0.295750	0.309973	0.333412	0.305424	0.343206	0.343532	0.322344	0.309264	0.336990	0.313316	0.329598	0.346518	0.343869	0.346754	0.345000	0.336225	0.337584	0.322657	0.325554	0.326549	0.319942	0.310674	0.316708	0.303749	0.320137	0.297574	0.285966	0.292960	0.343599	0.329552	0.355213	0.334280	0.344253	0.338539	0.333227	0.339489	0.329889	0.313443	0.308594	0.305524	0.305740	0.289463	0.324885	0.325573	0.330354	0.355137	0.310566	0.338535	0.300176	0.307583	0.301977	0.356668	0.347795	0.355409	0.327859	0.319282	0.323837	0.307699	0.303400	0.305303	0.304437	0.350810	0.336859	0.354381	0.331831	0.330744	0.352624	0.351782	0.355748	0.312584	0.328873	0.323739	0.325696	0.331397	0.318506	0.334212	0.324014	0.320207	0.304897	0.316900	0.307287	0.333614	0.333220	0.322129	
0.275952	0.313259	0.301222	0.308724	0.302705	0.278197	0.294647	0.276321	0.302722	0.343207	0.318531	0.140961	0.086128	0.000000	0.312152	0.314301	0.309702	0.211510	0.160431	0.192129	0.307872	0.320150	0.305298	0.300523	0.258889	0.307473	0.301623	0.299851	0.272412	0.342550	0.326787	0.333150	0.316806	0.300528	0.314631	0.297914	0.298513	0.320403	0.338204	0.313533	0.348131	0.352340	0.323182	0.315640	0.346827	0.315815	0.337130	0.345104	0.349545	0.346744	0.352816	0.339109	0.340590	0.320996	0.315722	0.326569	0.320672	0.306008	0.315561	0.318673	0.318721	0.310331	0.292802	0.300546	0.332265	0.324597	0.360899	0.338524	0.347546	0.345175	0.341061	0.345074	0.324616	0.308411	0.308248	0.306548	0.306767	0.292193	0.328309	0.333338	0.336918	0.367830	0.324540	0.345215	0.299930	0.303093	0.302377	0.363934	0.347514	0.356749	0.329399	0.319313	0.324013	0.298223	0.302824	0.310399	0.310965	0.347721	0.338709	0.350737	0.335151	0.334028	0.356823	0.355456	0.357225	0.312825	0.328164	0.324468	0.330286	0.334826	0.324538	0.344567	0.323019	0.314344	0.303102	0.326162	0.308111	0.334191	0.327157	0.323655	
0.307750	0.343769	0.342029	0.361442	0.358649	0.325980	0.321418	0.340824	0.327661	0.368363	0.367768	0.327074	0.296521	0.312152	0.000000	0.154773	0.039405	0.314768	0.290203	0.333507	0.337961	0.345580	0.340661	0.323317	0.339516	0.322155	0.324317	0.327383	0.317717	0.340764	0.355762	0.347892	0.333774	0.332857	0.329006	0.331422	0.319486	0.335738	0.352645	0.349716	0.357853	0.353756	0.331411	0.345266	0.369581	0.350595	0.357051	0.334072	0.347937	0.354134	0.337011	0.348821	0.351783	0.337466	0.172831	0.335816	0.315529	0.322416	0.329845	0.344868	0.336384	0.350715	0.338050	0.341743	0.355502	0.326238	0.368093	0.355519	0.362667	0.374394	0.352554	0.370416	0.346163	0.339818	0.331497	0.340615	0.346776	0.319751	0.330967	0.354738	0.358411	0.381483	0.350971	0.361307	0.334147	0.337632	0.342211	0.373304	0.348373	0.332443	0.316663	0.335455	0.333609	0.332236	0.341370	0.341757	0.339529	0.371494	0.332770	0.371959	0.342274	0.324178	0.332128	0.350636	0.352180	0.306737	0.303402	0.323386	0.349988	0.348349	0.342117	0.359980	0.349613	0.350834	0.315592	0.348384	0.323762	0.347555	0.341902	0.355557	
0.308854	0.346987	0.335407	0.357828	0.355318	0.348517	0.348774	0.356503	0.342574	0.347986	0.350006	0.326322	0.299723	0.314301	0.154773	0.000000	0.127760	0.260016	0.291069	0.287125	0.342742	0.353628	0.347247	0.328266	0.341145	0.329684	0.319100	0.320840	0.306641	0.360672	0.359574	0.361994	0.333422	0.332914	0.330454	0.338635	0.320365	0.344842	0.339266	0.316305	0.340391	0.360996	0.328250	0.338706	0.368359	0.357749	0.361863	0.324469	0.301858	0.314788	0.341041	0.349318	0.351302	0.325090	0.136712	0.322939	0.321668	0.337852	0.341260	0.337647	0.338442	0.349126	0.336615	0.336539	0.346346	0.325571	0.363323	0.359843	0.358657	0.370896	0.354016	0.363518	0.341909	0.340214	0.329903	0.337919	0.333109	0.324982	0.322281	0.351642	0.369052	0.379290	0.349592	0.360602	0.324767	0.322974	0.337350	0.358163	0.332947	0.333194	0.317394	0.342139	0.342198	0.337341	0.335802	0.334522	0.331325	0.349601	0.333426	0.348143	0.337463	0.323792	0.330096	0.348397	0.339073	0.308066	0.303049	0.318362	0.358561	0.365413	0.346163	0.363583	0.347652	0.341669	0.315468	0.353151	0.323512	0.350012	0.346087	0.344354	
0.307557	0.344043	0.343263	0.363326	0.360953	0.333368	0.328101	0.346846	0.336147	0.368582	0.366333	0.327788	0.294545	0.309702	0.039405	0.127760	0.000000	0.309965	0.284082	0.330895	0.336643	0.350541	0.341561	0.323313	0.340034	0.322561	0.324608	0.328186	0.313641	0.345334	0.357245	0.356051	0.340424	0.340209	0.336396	0.326711	0.316192	0.331774	0.348764	0.335764	0.346783	0.356794	0.328953	0.341801	0.366810	0.347352	0.354352	0.331408	0.333810	0.349126	0.345633	0.354341	0.356624	0.323339	0.158146	0.320883	0.317599	0.322668	0.332326	0.343126	0.337968	0.350167	0.342182	0.341071	0.349561	0.324563	0.368048	0.361217	0.362547	0.379121	0.355547	0.374377	0.342548	0.336700	0.327171	0.344526	0.340935	0.320386	0.330591	0.351645	0.358517	0.385731	0.352402	0.364798	0.327815	0.325702	0.343022	0.370838	0.344330	0.333895	0.317938	0.340891	0.339860	0.337173	0.340559	0.338912	0.340951	0.366695	0.336910	0.367619	0.340069	0.318810	0.326592	0.348292	0.347271	0.311026	0.308174	0.327070	0.350244	0.360352	0.346119	0.366322	0.349287	0.349840	0.304702	0.343702	0.312950	0.355544	0.349062	0.352841	
0.302642	0.302708	0.322539	0.308238	0.307077	0.286580	0.302240	0.289527	0.311637	0.318289	0.289856	0.165575	0.163109	0.211510	0.314768	0.260016	0.309965	0.000000	0.119231	0.097897	0.295516	0.317196	0.293761	0.326235	0.264341	0.328905	0.289792	0.294212	0.271478	0.332011	0.320951	0.322583	0.296195	0.286402	0.297789	0.277339	0.275313	0.291553	0.314681	0.294158	0.325973	0.320012	0.306825	0.304243	0.334736	0.308952	0.337276	0.314532	0.319710	0.328496	0.312782	0.318285	0.314241	0.323099	0.297658	0.316286	0.331032	0.313354	0.321352	0.310857	0.313143	0.312837	0.284530	0.294617	0.330192	0.337098	0.340868	0.316807	0.329152	0.329761	0.317456	0.330381	0.326202	0.320013	0.302517	0.299390	0.305899	0.284572	0.307181	0.320547	0.323533	0.347543	0.315693	0.331010	0.300136	0.307821	0.294519	0.341678	0.358784	0.355917	0.336747	0.308812	0.320181	0.300967	0.291784	0.318955	0.318745	0.347447	0.350174	0.346706	0.323066	0.358326	0.370992	0.371968	0.365447	0.329024	0.336871	0.331786	0.320360	0.321718	0.317760	0.332074	0.318267	0.313612	0.303964	0.312003	0.313352	0.325175	0.322143	0.312681	
0.282076	0.300222	0.320054	0.303477	0.301673	0.263240	0.276033	0.270203	0.291703	0.330612	0.315884	0.156326	0.106912	0.160431	0.290203	0.291069	0.284082	0.119231	0.000000	0.114247	0.284829	0.304453	0.283262	0.299493	0.253151	0.302989	0.272747	0.276488	0.260040	0.320494	0.325932	0.325217	0.276498	0.271434	0.277825	0.265365	0.271002	0.283669	0.305005	0.287312	0.318450	0.311788	0.298926	0.289024	0.320671	0.286953	0.310838	0.314709	0.319855	0.326898	0.311744	0.304164	0.306438	0.308197	0.305451	0.302877	0.308245	0.295028	0.304191	0.291923	0.290292	0.284539	0.263721	0.274777	0.330317	0.333808	0.335588	0.314588	0.326998	0.322764	0.313795	0.322038	0.308995	0.293166	0.286587	0.283086	0.287355	0.267983	0.298975	0.295453	0.297789	0.342974	0.298146	0.319708	0.283778	0.292048	0.278445	0.334429	0.350522	0.352092	0.324995	0.290043	0.297188	0.282595	0.280087	0.317193	0.311067	0.336119	0.338647	0.336398	0.310853	0.337511	0.349673	0.356087	0.349307	0.303686	0.328719	0.321759	0.298111	0.307484	0.295647	0.317792	0.301365	0.297171	0.291674	0.299763	0.298401	0.308716	0.304799	0.301776	
0.299669	0.303692	0.322125	0.308364	0.306032	0.283525	0.292018	0.283121	0.306896	0.321732	0.308464	0.213794	0.190242	0.192129	0.333507	0.287125	0.330895	0.097897	0.114247	0.000000	0.295163	0.316213	0.294203	0.316457	0.277167	0.319552	0.285840	0.285001	0.263791	0.322213	0.322924	0.321789	0.292584	0.278409	0.294668	0.281794	0.278705	0.299844	0.312463	0.301560	0.328255	0.318411	0.303396	0.301060	0.326476	0.297601	0.327734	0.313501	0.322683	0.328657	0.308195	0.314820	0.306552	0.321783	0.286536	0.312769	0.331792	0.312101	0.324387	0.313911	0.307508	0.300984	0.288189	0.293530	0.329825	0.332800	0.338775	0.313965	0.327535	0.333125	0.319404	0.333678	0.320222	0.314778	0.293021	0.297928	0.297865	0.284810	0.306652	0.322144	0.323462	0.350256	0.312073	0.334661	0.295836	0.303257	0.293027	0.341671	0.358770	0.348832	0.333700	0.306494	0.318875	0.291689	0.299228	0.319940	0.329028	0.344089	0.348811	0.342896	0.323560	0.357422	0.367059	0.370198	0.367086	0.321515	0.336191	0.331550	0.315839	0.318290	0.315751	0.324788	0.318504	0.308392	0.310005	0.317895	0.318473	0.322327	0.318371	0.315975	
0.307079	0.274094	0.335718	0.313405	0.315276	0.299331	0.296835	0.291517	0.312592	0.338125	0.319185	0.294599	0.304156	0.307872	0.337961	0.342742	0.336643	0.295516	0.284829	0.295163	0.000000	0.136686	0.110577	0.336731	0.287430	0.334644	0.299754	0.309125	0.289753	0.324127	0.309835	0.326760	0.274419	0.293420	0.275775	0.302505	0.296685	0.317158	0.334020	0.301973	0.336095	0.336843	0.319935	0.326718	0.355174	0.327051	0.354479	0.331463	0.341156	0.352535	0.336893	0.334136	0.336500	0.324021	0.335163	0.320834	0.301908	0.314470	0.302116	0.334495	0.314602	0.319971	0.300977	0.310797	0.343193	0.343497	0.337417	0.315531	0.333243	0.332430	0.319076	0.343531	0.345544	0.329646	0.323894	0.320913	0.310224	0.294124	0.314865	0.322681	0.339681	0.357344	0.335227	0.330947	0.290547	0.305129	0.294917	0.336641	0.353908	0.350721	0.343800	0.296877	0.310096	0.307643	0.291730	0.346646	0.331162	0.344452	0.355622	0.346081	0.335202	0.346601	0.349547	0.370764	0.371035	0.331233	0.334214	0.335633	0.344462	0.328298	0.335578	0.332267	0.343471	0.314406	0.329319	0.341627	0.329777	0.315646	0.318695	0.318681	
0.323780	0.301848	0.346621	0.330202	0.326787	0.316414	0.317152	0.311203	0.324040	0.351462	0.339176	0.311727	0.324116	0.320150	0.345580	0.353628	0.350541	0.317196	0.304453	0.316213	0.136686	0.000000	0.198127	0.345825	0.305336	0.348924	0.307008	0.309634	0.299790	0.343931	0.337137	0.336369	0.283423	0.302226	0.285006	0.317637	0.318170	0.330193	0.336622	0.305267	0.328749	0.335975	0.338954	0.335821	0.355060	0.327700	0.350850	0.343947	0.352947	0.360965	0.340650	0.336414	0.333730	0.323198	0.346865	0.320957	0.302247	0.313240	0.297956	0.342743	0.313369	0.321425	0.305006	0.309144	0.351987	0.357972	0.347768	0.314364	0.338842	0.352025	0.330556	0.352941	0.346942	0.329428	0.337153	0.335794	0.323639	0.309197	0.314539	0.333937	0.336368	0.355994	0.338940	0.341804	0.294030	0.304969	0.304554	0.353397	0.363049	0.355489	0.343724	0.305104	0.319407	0.316945	0.320717	0.365150	0.358031	0.355331	0.355601	0.357389	0.346448	0.359966	0.372094	0.374363	0.376851	0.338122	0.346714	0.345874	0.356750	0.343109	0.347575	0.339665	0.347475	0.317140	0.333048	0.344684	0.335692	0.334052	0.316617	0.339725	
0.307010	0.277686	0.341118	0.318947	0.319224	0.300262	0.296936	0.282653	0.310136	0.348641	0.321313	0.293724	0.300690	0.305298	0.340661	0.347247	0.341561	0.293761	0.283262	0.294203	0.110577	0.198127	0.000000	0.335598	0.288314	0.332633	0.297993	0.311785	0.294031	0.324511	0.307781	0.332686	0.307259	0.300796	0.309669	0.312139	0.305689	0.328949	0.333044	0.303020	0.336185	0.344231	0.327362	0.323211	0.360204	0.340263	0.356184	0.338223	0.350492	0.360046	0.333928	0.326909	0.328170	0.323252	0.339123	0.321392	0.327191	0.320179	0.323089	0.331988	0.312959	0.322170	0.309588	0.311633	0.343311	0.342845	0.344696	0.318381	0.339974	0.336631	0.323884	0.349819	0.340246	0.328382	0.320771	0.321429	0.310093	0.307459	0.322133	0.324354	0.337347	0.363699	0.345308	0.347954	0.290925	0.304024	0.295177	0.336887	0.353182	0.355744	0.345408	0.301341	0.309548	0.315669	0.296603	0.339519	0.332127	0.352232	0.360817	0.352406	0.342518	0.352511	0.360056	0.366045	0.368509	0.339951	0.332384	0.332584	0.343189	0.324080	0.336332	0.344869	0.342761	0.328347	0.336378	0.349056	0.336036	0.316691	0.323527	0.319068	
0.293837	0.319055	0.319413	0.336727	0.332794	0.279191	0.300983	0.288959	0.335726	0.365007	0.351621	0.330671	0.300800	0.300523	0.323317	0.328266	0.323313	0.326235	0.299493	0.316457	0.336731	0.345825	0.335598	0.000000	0.242449	0.085128	0.305042	0.299097	0.274975	0.337540	0.357403	0.346503	0.322747	0.314363	0.321919	0.323156	0.312327	0.333179	0.338291	0.338737	0.350694	0.352183	0.344966	0.330978	0.345853	0.328481	0.344983	0.360652	0.356630	0.369686	0.372876	0.348655	0.352528	0.335341	0.319816	0.336105	0.338865	0.335115	0.342107	0.337605	0.338927	0.335976	0.327695	0.331405	0.356393	0.337591	0.367477	0.337079	0.350408	0.372640	0.348518	0.367641	0.354180	0.338124	0.337100	0.320457	0.330814	0.304811	0.342821	0.335599	0.337369	0.379158	0.341533	0.358534	0.326121	0.324125	0.334336	0.367113	0.345160	0.351198	0.333618	0.338465	0.340962	0.318222	0.336815	0.342166	0.338797	0.357405	0.338407	0.356505	0.346563	0.336959	0.353304	0.356005	0.352952	0.312772	0.313958	0.305422	0.344925	0.347588	0.342091	0.354643	0.347434	0.333607	0.311334	0.332389	0.326473	0.353570	0.348515	0.352027	
0.206037	0.274394	0.293308	0.276719	0.276813	0.171066	0.260808	0.152224	0.268345	0.333504	0.245905	0.249836	0.256243	0.258889	0.339516	0.341145	0.340034	0.264341	0.253151	0.277167	0.287430	0.305336	0.288314	0.242449	0.000000	0.263503	0.291280	0.290322	0.275102	0.310557	0.305696	0.302991	0.294556	0.285425	0.295479	0.290317	0.288364	0.309881	0.332570	0.308586	0.342445	0.320251	0.318808	0.320637	0.338408	0.311352	0.323390	0.331246	0.340818	0.350316	0.336709	0.322090	0.326812	0.327685	0.335986	0.317217	0.313549	0.316749	0.315789	0.302299	0.305205	0.297501	0.293796	0.306758	0.341642	0.347655	0.330870	0.300155	0.332456	0.338885	0.317749	0.331958	0.334060	0.302909	0.308038	0.290424	0.300511	0.267285	0.313964	0.321619	0.325076	0.350410	0.319008	0.327085	0.288121	0.296686	0.290528	0.339700	0.352288	0.345009	0.333877	0.310516	0.308476	0.305941	0.296065	0.336982	0.330847	0.334869	0.346752	0.335123	0.319712	0.339469	0.358118	0.361751	0.368320	0.320353	0.324364	0.309143	0.331463	0.317835	0.328720	0.329514	0.328260	0.318409	0.307951	0.317022	0.324604	0.320204	0.318921	0.306162	
0.279114	0.326800	0.329993	0.346244	0.343298	0.311773	0.313452	0.322453	0.331282	0.350044	0.349539	0.333846	0.306178	0.307473	0.322155	0.329684	0.322561	0.328905	0.302989	0.319552	0.334644	0.348924	0.332633	0.085128	0.263503	0.000000	0.309005	0.300388	0.277421	0.343600	0.358909	0.359283	0.320138	0.310317	0.319528	0.325243	0.321565	0.340116	0.336460	0.342550	0.352255	0.345419	0.340197	0.325606	0.351050	0.330792	0.346330	0.366568	0.364038	0.374968	0.368189	0.335494	0.352571	0.335148	0.320754	0.335735	0.344344	0.337563	0.345444	0.334654	0.337458	0.328441	0.326727	0.328988	0.347885	0.328621	0.363303	0.343696	0.354521	0.361746	0.334987	0.355789	0.353511	0.341073	0.341196	0.328852	0.340492	0.307686	0.340971	0.330310	0.341624	0.367569	0.338346	0.351621	0.333209	0.327649	0.334183	0.360257	0.336200	0.347900	0.332315	0.337671	0.325615	0.317076	0.331322	0.335458	0.329674	0.350532	0.333452	0.351344	0.341859	0.338252	0.343624	0.346558	0.346411	0.310757	0.319575	0.306903	0.343654	0.348676	0.339533	0.359378	0.348210	0.336740	0.312863	0.333477	0.325998	0.349424	0.348614	0.351698	
0.297091	0.302007	0.305341	0.308763	0.305781	0.284424	0.277084	0.294270	0.293422	0.336929	0.304798	0.301223	0.297037	0.301623	0.324317	0.319100	0.324608	0.289792	0.272747	0.285840	0.299754	0.307008	0.297993	0.305042	0.291280	0.309005	0.000000	0.095776	0.203826	0.323271	0.315849	0.332411	0.175918	0.167306	0.177030	0.299872	0.285774	0.316827	0.318133	0.317622	0.334268	0.323270	0.312851	0.310113	0.339248	0.320588	0.329941	0.325578	0.321652	0.337342	0.329737	0.325240	0.319895	0.309416	0.316333	0.294302	0.320166	0.301543	0.320380	0.311313	0.299582	0.311134	0.305645	0.309875	0.352433	0.332878	0.334288	0.307199	0.330358	0.354859	0.328518	0.344491	0.327732	0.322702	0.304198	0.307632	0.307285	0.288081	0.321609	0.313535	0.316986	0.354390	0.323871	0.334115	0.297526	0.313577	0.287903	0.318487	0.319149	0.337212	0.322912	0.299635	0.307278	0.307180	0.299550	0.323744	0.321167	0.358043	0.328355	0.355378	0.330426	0.333215	0.319402	0.338556	0.337123	0.303528	0.310989	0.316326	0.300729	0.305538	0.294662	0.326293	0.305731	0.307225	0.300907	0.316810	0.314928	0.309479	0.311911	0.318967	
0.296991	0.308181	0.306040	0.312967	0.307250	0.284054	0.292220	0.293619	0.297891	0.325936	0.305510	0.302086	0.298706	0.299851	0.327383	0.320840	0.328186	0.294212	0.276488	0.285001	0.309125	0.309634	0.311785	0.299097	0.290322	0.300388	0.095776	0.000000	0.168468	0.328347	0.324755	0.337025	0.184403	0.236598	0.183810	0.295480	0.289402	0.312419	0.319807	0.320105	0.332541	0.315823	0.320405	0.310403	0.334656	0.320686	0.326895	0.330698	0.320028	0.338922	0.329885	0.324762	0.313278	0.311620	0.318938	0.295961	0.319797	0.310878	0.320907	0.309897	0.301240	0.303904	0.299372	0.315629	0.353520	0.336636	0.337385	0.310713	0.334950	0.361927	0.333972	0.350160	0.325141	0.322255	0.303874	0.313569	0.314549	0.293543	0.320912	0.310650	0.312572	0.347770	0.318796	0.338527	0.305314	0.317194	0.292819	0.320469	0.313408	0.326009	0.320805	0.302079	0.309390	0.309513	0.304140	0.326080	0.321665	0.360090	0.326983	0.356708	0.318396	0.330985	0.314627	0.334805	0.330428	0.304519	0.313146	0.319821	0.304313	0.306474	0.295461	0.327129	0.310194	0.312419	0.298566	0.311231	0.314458	0.310932	0.311097	0.318738	
0.282399	0.291850	0.297768	0.304769	0.300482	0.275217	0.278432	0.288608	0.299378	0.325491	0.310438	0.290106	0.270631	0.272412	0.317717	0.306641	0.313641	0.271478	0.260040	0.263791	0.289753	0.299790	0.294031	0.274975	0.275102	0.277421	0.203826	0.168468	0.000000	0.327085	0.331197	0.338371	0.259858	0.187479	0.258126	0.283121	0.275727	0.297907	0.322116	0.304516	0.334274	0.320649	0.308314	0.293745	0.333315	0.296514	0.321921	0.330743	0.336301	0.344603	0.324976	0.318925	0.317990	0.310957	0.304756	0.298380	0.318687	0.298398	0.314709	0.304268	0.288034	0.283254	0.285242	0.307634	0.342841	0.327458	0.342469	0.316904	0.334206	0.351294	0.325377	0.349102	0.323551	0.320465	0.303322	0.307046	0.305115	0.282846	0.313441	0.309764	0.313928	0.349249	0.305884	0.338730	0.288120	0.302429	0.288339	0.331708	0.323782	0.336778	0.313562	0.304798	0.308171	0.296468	0.285411	0.303312	0.302352	0.340255	0.329916	0.337563	0.314978	0.322856	0.330694	0.345042	0.341307	0.294310	0.314201	0.315837	0.307538	0.307298	0.298623	0.329521	0.314451	0.309480	0.292291	0.305544	0.309569	0.308031	0.304876	0.301810	
0.338272	0.364500	0.364055	0.338031	0.344272	0.320700	0.311406	0.312683	0.320959	0.358591	0.315899	0.348293	0.340082	0.342550	0.340764	0.360672	0.345334	0.332011	0.320494	0.322213	0.324127	0.343931	0.324511	0.337540	0.310557	0.343600	0.323271	0.328347	0.327085	0.000000	0.135790	0.191297	0.334664	0.329121	0.333849	0.343637	0.322444	0.339632	0.353877	0.350178	0.356397	0.349426	0.361015	0.367466	0.383144	0.362097	0.362250	0.346407	0.363619	0.367237	0.328789	0.359056	0.349422	0.334268	0.349368	0.319270	0.359636	0.324581	0.345328	0.342668	0.332948	0.342329	0.331899	0.351887	0.373617	0.363420	0.365614	0.353546	0.365553	0.372250	0.360879	0.370402	0.368046	0.344271	0.328738	0.312398	0.309224	0.317415	0.341957	0.343483	0.353123	0.382943	0.352649	0.367924	0.344964	0.352580	0.342695	0.356931	0.379572	0.361898	0.364345	0.349396	0.363425	0.346390	0.334362	0.370392	0.368508	0.392278	0.357649	0.391444	0.330722	0.375675	0.361203	0.384082	0.381389	0.372711	0.358867	0.355374	0.361352	0.354024	0.344131	0.365404	0.355997	0.361793	0.363007	0.373899	0.352543	0.329608	0.343373	0.338179	
0.341609	0.346563	0.354560	0.330061	0.327426	0.315688	0.311782	0.301232	0.310087	0.358068	0.320396	0.318339	0.330855	0.326787	0.355762	0.359574	0.357245	0.320951	0.325932	0.322924	0.309835	0.337137	0.307781	0.357403	0.305696	0.358909	0.315849	0.324755	0.331197	0.135790	0.000000	0.146846	0.332426	0.327024	0.333033	0.337778	0.318002	0.334774	0.345903	0.335582	0.349640	0.372785	0.360707	0.369608	0.397434	0.374403	0.389415	0.333923	0.342159	0.356715	0.355954	0.376786	0.350512	0.336343	0.360556	0.323823	0.357935	0.328345	0.340005	0.351028	0.332472	0.351032	0.334083	0.353742	0.344686	0.340921	0.344018	0.334951	0.349959	0.360184	0.344021	0.354300	0.376055	0.348289	0.341589	0.320964	0.321088	0.314332	0.335984	0.348512	0.360034	0.370546	0.354633	0.355029	0.337395	0.355642	0.344552	0.341813	0.360784	0.359444	0.372335	0.345744	0.341763	0.346296	0.334637	0.368180	0.369182	0.365228	0.368669	0.365665	0.340316	0.375768	0.363639	0.374127	0.398284	0.374371	0.354586	0.341864	0.356631	0.354149	0.343512	0.365866	0.356720	0.367674	0.359695	0.370131	0.355419	0.333539	0.345212	0.332201	
0.351545	0.348524	0.360623	0.336568	0.332779	0.300796	0.326549	0.300558	0.326796	0.372571	0.345802	0.326153	0.334950	0.333150	0.347892	0.361994	0.356051	0.322583	0.325217	0.321789	0.326760	0.336369	0.332686	0.346503	0.302991	0.359283	0.332411	0.337025	0.338371	0.191297	0.146846	0.000000	0.343324	0.339836	0.343686	0.349019	0.330424	0.349906	0.341388	0.333054	0.345246	0.362323	0.362281	0.362621	0.407502	0.385659	0.404810	0.329534	0.338024	0.357823	0.353076	0.370918	0.347900	0.357142	0.357671	0.346009	0.353685	0.339296	0.351466	0.335740	0.349718	0.346313	0.327161	0.341944	0.342735	0.342478	0.354291	0.342499	0.355659	0.367668	0.343796	0.353248	0.387901	0.358766	0.354558	0.351484	0.355015	0.329800	0.333686	0.338047	0.348841	0.370348	0.348747	0.354741	0.326589	0.351121	0.338145	0.353695	0.372760	0.352384	0.368885	0.349044	0.342121	0.350942	0.346909	0.380375	0.386447	0.360005	0.372067	0.359327	0.354789	0.386736	0.373491	0.370655	0.411264	0.371463	0.365554	0.349956	0.358670	0.352329	0.339870	0.351750	0.348316	0.373157	0.371788	0.380832	0.371635	0.321219	0.335923	0.332442	
0.319293	0.302829	0.323089	0.317967	0.315986	0.289009	0.293623	0.295044	0.305268	0.315773	0.300577	0.314391	0.305826	0.316806	0.333774	0.333422	0.340424	0.296195	0.276498	0.292584	0.274419	0.283423	0.307259	0.322747	0.294556	0.320138	0.175918	0.184403	0.259858	0.334664	0.332426	0.343324	0.000000	0.133175	0.017105	0.302652	0.295464	0.314830	0.320349	0.320930	0.337530	0.322601	0.303976	0.301354	0.345473	0.315423	0.342495	0.330022	0.333355	0.336151	0.313701	0.311754	0.314749	0.308330	0.329477	0.302168	0.299732	0.311557	0.307481	0.319453	0.309516	0.322151	0.283864	0.292319	0.329914	0.329413	0.320590	0.314568	0.326037	0.315520	0.306261	0.309096	0.323839	0.322272	0.300637	0.307779	0.308528	0.297018	0.316709	0.307703	0.308042	0.341676	0.310588	0.323389	0.291078	0.306616	0.267429	0.314581	0.327140	0.333897	0.313583	0.303505	0.299875	0.295248	0.303280	0.320259	0.320672	0.346205	0.327152	0.354126	0.327192	0.344843	0.338163	0.347518	0.334657	0.303402	0.310641	0.317756	0.304041	0.295468	0.289472	0.307709	0.295827	0.292991	0.316482	0.328925	0.315197	0.314939	0.312387	0.326624	
0.303868	0.300679	0.316931	0.309888	0.307004	0.283922	0.276184	0.293791	0.301498	0.325127	0.298331	0.306160	0.292461	0.300528	0.332857	0.332914	0.340209	0.286402	0.271434	0.278409	0.293420	0.302226	0.300796	0.314363	0.285425	0.310317	0.167306	0.236598	0.187479	0.329121	0.327024	0.339836	0.133175	0.000000	0.136514	0.303899	0.291654	0.318099	0.325861	0.317505	0.341749	0.319998	0.302117	0.305101	0.343142	0.308108	0.331559	0.337977	0.338623	0.337022	0.316926	0.320944	0.320316	0.304978	0.325760	0.294616	0.314074	0.300114	0.314746	0.314139	0.294663	0.307159	0.285171	0.291465	0.335993	0.332513	0.326000	0.317743	0.339005	0.328143	0.322284	0.320897	0.324370	0.321520	0.306196	0.299531	0.298851	0.284401	0.301924	0.308934	0.312755	0.349940	0.307598	0.328705	0.286839	0.307385	0.267940	0.306871	0.315854	0.340149	0.313490	0.303840	0.305295	0.298298	0.288335	0.312943	0.307547	0.340804	0.327767	0.348812	0.336858	0.342829	0.345215	0.347540	0.341873	0.303218	0.310763	0.314827	0.305411	0.295246	0.290620	0.302021	0.290969	0.291118	0.313887	0.329445	0.313981	0.305538	0.303934	0.319007	
0.318125	0.304430	0.321455	0.317922	0.316870	0.289437	0.294821	0.296430	0.307091	0.317668	0.302107	0.316012	0.304292	0.314631	0.329006	0.330454	0.336396	0.297789	0.277825	0.294668	0.275775	0.285006	0.309669	0.321919	0.295479	0.319528	0.177030	0.183810	0.258126	0.333849	0.333033	0.343686	0.017105	0.136514	0.000000	0.304378	0.295775	0.317281	0.322266	0.321495	0.338562	0.321340	0.303649	0.301633	0.345951	0.316980	0.340915	0.330981	0.333478	0.336637	0.312776	0.311800	0.315149	0.308704	0.325814	0.303088	0.299123	0.310077	0.307551	0.319208	0.310106	0.320917	0.286591	0.293451	0.329960	0.328514	0.321024	0.315304	0.327385	0.316799	0.307018	0.310807	0.323597	0.321204	0.299577	0.305193	0.307490	0.297194	0.316707	0.307750	0.307563	0.341315	0.310091	0.323892	0.294455	0.306904	0.269612	0.315170	0.326868	0.332653	0.311899	0.304677	0.301495	0.297222	0.304151	0.318584	0.318803	0.346645	0.324112	0.354789	0.328083	0.343363	0.337098	0.346640	0.333787	0.301369	0.309740	0.316791	0.303356	0.294828	0.288891	0.308416	0.296007	0.292780	0.316084	0.329045	0.313952	0.316250	0.313473	0.327659	
0.312533	0.300023	0.333490	0.309263	0.312582	0.294491	0.302797	0.301898	0.310663	0.328503	0.325308	0.296584	0.286811	0.297914	0.331422	0.338635	0.326711	0.277339	0.265365	0.281794	0.302505	0.317637	0.312139	0.323156	0.290317	0.325243	0.299872	0.295480	0.283121	0.343637	0.337778	0.349019	0.302652	0.303899	0.304378	0.000000	0.192291	0.113801	0.325357	0.285540	0.343933	0.326421	0.323805	0.304506	0.259418	0.221695	0.289595	0.310584	0.321618	0.327057	0.329045	0.327076	0.332328	0.298507	0.342048	0.285127	0.313828	0.317052	0.320877	0.241774	0.319910	0.281091	0.277766	0.296805	0.328877	0.338547	0.342167	0.321487	0.330026	0.335450	0.313113	0.334074	0.316284	0.300578	0.267454	0.306846	0.295511	0.281671	0.319364	0.306865	0.297645	0.308304	0.269516	0.331854	0.306115	0.305418	0.307207	0.355774	0.369978	0.347035	0.341443	0.315951	0.313262	0.305450	0.290868	0.325137	0.329647	0.349258	0.354444	0.346714	0.309986	0.342782	0.350861	0.368499	0.352921	0.317304	0.327368	0.322331	0.322310	0.314050	0.330216	0.326399	0.322574	0.318035	0.231963	0.193347	0.235799	0.331026	0.331518	0.324765	
0.306447	0.301400	0.327647	0.313252	0.312498	0.283846	0.295110	0.288916	0.303343	0.328079	0.316663	0.306342	0.295750	0.298513	0.319486	0.320365	0.316192	0.275313	0.271002	0.278705	0.296685	0.318170	0.305689	0.312327	0.288364	0.321565	0.285774	0.289402	0.275727	0.322444	0.318002	0.330424	0.295464	0.291654	0.295775	0.192291	0.000000	0.150559	0.320907	0.298933	0.332473	0.335958	0.307153	0.297593	0.308608	0.273185	0.323070	0.303920	0.308934	0.322393	0.316427	0.314593	0.313928	0.282816	0.324703	0.295627	0.319441	0.301847	0.317223	0.264340	0.308299	0.303058	0.287510	0.301647	0.320547	0.314310	0.326373	0.301245	0.312103	0.315537	0.297103	0.313193	0.326716	0.301077	0.247844	0.266230	0.278159	0.261301	0.314949	0.325089	0.312575	0.320716	0.281529	0.294691	0.302273	0.304928	0.300485	0.331405	0.342963	0.336811	0.329494	0.308035	0.296498	0.300957	0.294567	0.338402	0.322875	0.343055	0.342302	0.344025	0.313914	0.335882	0.330940	0.348249	0.347001	0.302842	0.308817	0.310748	0.303230	0.304230	0.308794	0.327953	0.322142	0.313696	0.218477	0.226978	0.250783	0.327293	0.324565	0.320925	
