0.000000	0.209033	0.306089	0.230509	0.270099	0.314726	0.244033	0.298140	0.254189	0.336692	0.309547	0.362259	0.325500	0.325735	0.373775	0.346239	0.310138	0.343976	0.302212	0.305794	0.344104	0.342474	0.278383	0.256082	0.338224	0.354096	0.291496	0.321730	0.297997	0.312033	0.305639	0.315995	0.332667	0.316603	0.329135	0.332388	0.316300	0.338539	0.334857	0.333588	0.335121	0.305689	0.313451	0.302862	0.302176	0.330303	0.311803	0.322059	0.323266	0.325708	0.319790	0.330584	0.339483	0.325010	0.350340	0.327536	0.321577	0.300322	0.315825	0.335638	0.326879	0.349297	0.328174	0.338782	0.352722	0.335706	0.337206	0.321873	0.344042	0.307614	0.311709	0.323192	0.352404	0.329460	0.342698	0.327705	0.342156	0.331875	0.295825	0.319696	0.318191	0.329211	0.346022	0.311613	0.332054	0.311108	0.314726	0.357814	0.324756	0.349354	0.363491	0.306142	0.348155	0.309257	0.335940	0.336757	0.336045	0.300668	0.299105	0.270422	0.345179	0.338973	0.296929	0.317742	0.297211	0.351720	0.324740	0.351182	0.330346	0.334728	0.323397	0.348001	0.350873	0.339428	0.244414	0.256046	0.284059	0.326922	0.336896	0.324202	
0.209033	0.000000	0.389155	0.303783	0.341911	0.365122	0.325030	0.366462	0.354524	0.377003	0.359454	0.375600	0.354864	0.367786	0.403035	0.396273	0.387396	0.377079	0.374562	0.365901	0.241445	0.285009	0.318047	0.313584	0.380416	0.402781	0.364636	0.393325	0.375403	0.396500	0.382677	0.400996	0.376648	0.363574	0.371374	0.363623	0.345995	0.367010	0.408736	0.405330	0.410825	0.366791	0.327647	0.329088	0.382538	0.419469	0.393716	0.406290	0.416722	0.418481	0.397508	0.388276	0.404451	0.357116	0.395406	0.368454	0.390009	0.368149	0.367225	0.396559	0.372425	0.383220	0.408936	0.421477	0.424964	0.430333	0.393554	0.397154	0.396525	0.369608	0.383966	0.370539	0.408030	0.410718	0.395566	0.398296	0.399397	0.384952	0.341456	0.371117	0.364171	0.403670	0.408815	0.381901	0.385220	0.379590	0.386669	0.409457	0.415184	0.401319	0.402805	0.393088	0.409866	0.389481	0.409173	0.410849	0.409358	0.334866	0.335146	0.344469	0.407298	0.384715	0.401569	0.357158	0.339884	0.401522	0.361353	0.389670	0.406925	0.379871	0.375874	0.405317	0.407761	0.400823	0.332786	0.330059	0.354025	0.403328	0.406227	0.372907	
0.306089	0.389155	0.000000	0.230503	0.181196	0.267372	0.290752	0.272270	0.257190	0.317410	0.312834	0.386299	0.311616	0.345259	0.322139	0.273348	0.296841	0.347148	0.318664	0.324599	0.326212	0.285781	0.272584	0.286371	0.306799	0.298467	0.335494	0.290318	0.317388	0.298464	0.305230	0.297585	0.311834	0.336304	0.317590	0.301511	0.297861	0.285252	0.295519	0.301807	0.302216	0.263430	0.307005	0.302180	0.294100	0.302071	0.302361	0.298364	0.291271	0.284951	0.309463	0.308947	0.303386	0.282770	0.284110	0.288858	0.302491	0.319354	0.321662	0.289615	0.319544	0.305310	0.315744	0.326349	0.296539	0.299366	0.314289	0.298099	0.326734	0.291117	0.303156	0.321253	0.278693	0.291337	0.295355	0.306772	0.311220	0.307845	0.364416	0.311191	0.372513	0.318609	0.318056	0.297147	0.324961	0.314829	0.315958	0.315762	0.309907	0.314044	0.338051	0.297514	0.298157	0.292400	0.329447	0.329664	0.322679	0.339181	0.333870	0.306883	0.328114	0.301099	0.294250	0.294447	0.332192	0.333475	0.368372	0.324004	0.308631	0.299668	0.293261	0.318257	0.315630	0.312831	0.315097	0.331709	0.309417	0.315921	0.319335	0.309627	
0.230509	0.303783	0.230503	0.000000	0.060727	0.274748	0.283061	0.266551	0.268445	0.264661	0.230677	0.369471	0.315953	0.333058	0.372216	0.325052	0.299133	0.328758	0.284711	0.289512	0.306907	0.267599	0.284820	0.266475	0.327044	0.301208	0.298451	0.271940	0.292755	0.298437	0.285145	0.296349	0.260540	0.289610	0.266127	0.305425	0.293883	0.304914	0.289650	0.294493	0.293135	0.262686	0.299412	0.299976	0.263274	0.287312	0.271427	0.281558	0.275510	0.275032	0.278545	0.272444	0.296400	0.282212	0.334766	0.300488	0.277679	0.292160	0.300108	0.287488	0.305008	0.291596	0.286576	0.304923	0.325751	0.298274	0.319257	0.313309	0.343942	0.300930	0.281315	0.313335	0.297691	0.297515	0.300868	0.278403	0.290024	0.277662	0.342791	0.286143	0.360322	0.304263	0.329920	0.262296	0.304923	0.287901	0.302800	0.340858	0.307300	0.338600	0.347936	0.267351	0.298367	0.249565	0.299479	0.305413	0.299832	0.322789	0.313754	0.305940	0.334231	0.310747	0.281917	0.302179	0.342976	0.336433	0.365424	0.325715	0.299109	0.280501	0.287825	0.310994	0.309890	0.307677	0.281078	0.270215	0.318181	0.297138	0.310032	0.287892	
0.270099	0.341911	0.181196	0.060727	0.000000	0.274679	0.302394	0.273786	0.266870	0.275656	0.251105	0.367481	0.312829	0.333147	0.363628	0.317037	0.299057	0.335037	0.292216	0.286681	0.313135	0.276351	0.295998	0.303729	0.345704	0.317599	0.309013	0.277496	0.297718	0.295300	0.286063	0.293587	0.271210	0.297826	0.276947	0.310141	0.300847	0.313582	0.293966	0.299799	0.295992	0.258751	0.301609	0.302293	0.268467	0.294582	0.279903	0.287550	0.284577	0.278631	0.285002	0.277599	0.301567	0.291147	0.326413	0.308143	0.278485	0.291664	0.298223	0.288563	0.303862	0.291794	0.288815	0.305941	0.325866	0.303339	0.323821	0.308945	0.345617	0.305171	0.276683	0.316763	0.288949	0.289605	0.303726	0.280710	0.291954	0.278224	0.346069	0.289588	0.363067	0.310322	0.334029	0.265890	0.311774	0.290488	0.303385	0.338546	0.307968	0.333679	0.343471	0.274809	0.304840	0.268190	0.306469	0.313124	0.306866	0.321660	0.313846	0.303876	0.344692	0.321468	0.282636	0.301386	0.346985	0.340267	0.366687	0.326056	0.307356	0.281718	0.291689	0.310948	0.308091	0.307660	0.288293	0.277211	0.323155	0.296156	0.307115	0.292377	
0.314726	0.365122	0.267372	0.274748	0.274679	0.000000	0.223912	0.062647	0.068012	0.317590	0.274566	0.345205	0.301196	0.296218	0.322943	0.284595	0.265323	0.294592	0.310106	0.334864	0.308238	0.256918	0.233703	0.238696	0.314331	0.232226	0.315224	0.271502	0.308176	0.303713	0.311250	0.300253	0.283858	0.312358	0.288215	0.297803	0.302574	0.286191	0.287843	0.280781	0.303804	0.271396	0.315295	0.305381	0.258839	0.291486	0.276636	0.277440	0.255347	0.265020	0.255493	0.281252	0.289792	0.267651	0.296995	0.275276	0.263009	0.298131	0.284991	0.289862	0.307446	0.309660	0.305722	0.320141	0.317296	0.309120	0.297852	0.299404	0.319464	0.267299	0.290520	0.288809	0.287396	0.295680	0.298639	0.283262	0.279208	0.275664	0.334334	0.272556	0.362100	0.305553	0.304604	0.267281	0.326903	0.304201	0.314321	0.298978	0.299265	0.294970	0.309368	0.297069	0.298811	0.282381	0.327230	0.322832	0.324482	0.318936	0.307036	0.302005	0.276402	0.279233	0.242177	0.259617	0.307849	0.312952	0.352067	0.325744	0.291737	0.301057	0.290054	0.334041	0.312065	0.318671	0.289593	0.305000	0.307039	0.247727	0.271170	0.270032	
0.244033	0.325030	0.290752	0.283061	0.302394	0.223912	0.000000	0.169718	0.260102	0.317825	0.295852	0.339503	0.332535	0.286966	0.319578	0.297170	0.281793	0.306416	0.337488	0.348904	0.316429	0.294344	0.276593	0.275169	0.295096	0.326576	0.317129	0.291963	0.307928	0.323184	0.313098	0.324761	0.306772	0.317923	0.306630	0.297212	0.276325	0.294395	0.331782	0.298900	0.337552	0.302156	0.333753	0.322777	0.284205	0.310744	0.299741	0.304860	0.299224	0.305387	0.295608	0.314061	0.316060	0.272390	0.303340	0.281629	0.280969	0.310890	0.307163	0.311717	0.285703	0.328250	0.318236	0.335010	0.310126	0.331611	0.299122	0.283124	0.310778	0.290995	0.311632	0.304189	0.304295	0.286497	0.295544	0.307320	0.302459	0.305182	0.344624	0.328539	0.342821	0.346024	0.308824	0.297759	0.351984	0.314902	0.328512	0.308912	0.314134	0.296033	0.309443	0.316167	0.321681	0.302906	0.335733	0.326126	0.332272	0.316520	0.311606	0.302813	0.307511	0.295617	0.304950	0.291746	0.303738	0.321420	0.331830	0.335877	0.314569	0.323253	0.310712	0.352924	0.335357	0.333381	0.289911	0.300967	0.325324	0.318356	0.318987	0.323663	
0.298140	0.366462	0.272270	0.266551	0.273786	0.062647	0.169718	0.000000	0.122338	0.335267	0.276044	0.332318	0.288284	0.286744	0.334373	0.296934	0.259906	0.279733	0.295527	0.321432	0.289332	0.247143	0.222048	0.275855	0.313624	0.226039	0.296470	0.250520	0.291928	0.291278	0.300886	0.288108	0.263563	0.293904	0.267075	0.283855	0.285774	0.275477	0.296746	0.270305	0.309770	0.264209	0.307389	0.297312	0.243450	0.279064	0.263919	0.279224	0.251131	0.266566	0.243563	0.268762	0.280975	0.250922	0.308818	0.258148	0.251619	0.286462	0.281061	0.274626	0.291261	0.293122	0.303589	0.314043	0.317207	0.308015	0.303788	0.304880	0.316929	0.260251	0.295200	0.282042	0.285350	0.293967	0.285727	0.274783	0.264646	0.265802	0.341755	0.278626	0.357740	0.302572	0.299911	0.261064	0.318785	0.290322	0.307567	0.301551	0.291359	0.290808	0.304731	0.287850	0.303486	0.287001	0.316259	0.308756	0.314562	0.314585	0.304939	0.297975	0.265176	0.280491	0.238822	0.255222	0.296633	0.306872	0.341218	0.313315	0.288739	0.290361	0.279198	0.326497	0.304425	0.310444	0.273772	0.288713	0.308939	0.242857	0.262533	0.257979	
0.254189	0.354524	0.257190	0.268445	0.266870	0.068012	0.260102	0.122338	0.000000	0.271086	0.229306	0.336149	0.293794	0.280868	0.317888	0.281037	0.276089	0.291495	0.308418	0.329214	0.313237	0.253952	0.228087	0.187839	0.290031	0.230683	0.303711	0.273325	0.296739	0.289194	0.292070	0.287128	0.296120	0.316290	0.300133	0.285658	0.295637	0.280373	0.274143	0.276300	0.289105	0.265214	0.307270	0.296720	0.246898	0.280106	0.266131	0.273134	0.254988	0.265447	0.250915	0.273473	0.282213	0.267075	0.291291	0.275648	0.265283	0.287480	0.293595	0.286591	0.300661	0.306983	0.290029	0.305432	0.308377	0.299529	0.290727	0.285708	0.323335	0.254215	0.272125	0.276456	0.283112	0.289122	0.293113	0.277340	0.275051	0.261497	0.318501	0.271532	0.345810	0.295208	0.291234	0.252510	0.314832	0.292047	0.302544	0.282584	0.283768	0.278126	0.298304	0.279307	0.280121	0.265317	0.313662	0.307356	0.311402	0.321390	0.309813	0.284467	0.262431	0.263834	0.228083	0.245656	0.290585	0.322559	0.352365	0.325783	0.280630	0.294046	0.278894	0.321157	0.301843	0.307315	0.264454	0.280591	0.295185	0.255331	0.281400	0.267222	
0.336692	0.377003	0.317410	0.264661	0.275656	0.317590	0.317825	0.335267	0.271086	0.000000	0.142673	0.395171	0.373513	0.343282	0.367604	0.352373	0.363415	0.370854	0.373665	0.389062	0.369135	0.333798	0.343776	0.242092	0.301507	0.362347	0.383667	0.357676	0.371856	0.320826	0.323064	0.317635	0.352286	0.366452	0.354405	0.361209	0.338530	0.351154	0.358238	0.362032	0.353341	0.366074	0.357652	0.358191	0.351199	0.363899	0.353682	0.330955	0.358894	0.329145	0.360108	0.359373	0.370304	0.334837	0.359942	0.355981	0.347940	0.353308	0.361696	0.369438	0.354791	0.368820	0.333377	0.359498	0.333385	0.345630	0.323600	0.312600	0.347705	0.351264	0.331575	0.365015	0.338523	0.317384	0.345969	0.347422	0.346588	0.335446	0.381189	0.373273	0.379522	0.371284	0.340050	0.330305	0.385123	0.367381	0.373410	0.355199	0.361959	0.351673	0.363794	0.336796	0.332487	0.309465	0.342611	0.343544	0.342100	0.384463	0.374502	0.362181	0.361757	0.327763	0.349985	0.336092	0.361749	0.367605	0.389140	0.351023	0.355012	0.359900	0.366978	0.346940	0.344915	0.339508	0.354190	0.347885	0.376463	0.370818	0.377270	0.371589	
0.309547	0.359454	0.312834	0.230677	0.251105	0.274566	0.295852	0.276044	0.229306	0.142673	0.000000	0.354253	0.340855	0.302000	0.360875	0.347441	0.327070	0.312925	0.340044	0.361324	0.324818	0.297425	0.316152	0.205954	0.287849	0.308522	0.353487	0.316535	0.341824	0.319123	0.320960	0.314418	0.314218	0.340111	0.315038	0.322917	0.307241	0.315710	0.350554	0.338465	0.356816	0.335555	0.327347	0.329776	0.305619	0.325304	0.301821	0.335283	0.329981	0.341234	0.321913	0.322019	0.333539	0.302075	0.350071	0.323084	0.317829	0.318705	0.321740	0.340405	0.320318	0.338447	0.340703	0.353505	0.322752	0.348909	0.319847	0.309294	0.340721	0.321780	0.325761	0.334976	0.308240	0.295005	0.307601	0.304382	0.308304	0.296484	0.375458	0.354547	0.392830	0.351395	0.336707	0.284054	0.352540	0.329829	0.351442	0.342606	0.333251	0.328664	0.341150	0.302767	0.319722	0.288516	0.299727	0.304510	0.301198	0.373157	0.360676	0.351652	0.326732	0.331122	0.310166	0.302376	0.336035	0.371591	0.388573	0.356658	0.333693	0.311368	0.316742	0.341543	0.339000	0.352159	0.316678	0.311986	0.363984	0.320974	0.334029	0.326619	
0.362259	0.375600	0.386299	0.369471	0.367481	0.345205	0.339503	0.332318	0.336149	0.395171	0.354253	0.000000	0.261545	0.137980	0.337883	0.391636	0.378031	0.200918	0.271048	0.232338	0.332790	0.345861	0.331428	0.383096	0.409254	0.374093	0.383546	0.368533	0.364549	0.399734	0.390766	0.401495	0.374610	0.382882	0.375380	0.344297	0.365847	0.351826	0.385024	0.372973	0.407625	0.359465	0.403862	0.395050	0.355202	0.380766	0.362104	0.409678	0.351032	0.399272	0.356657	0.387595	0.381636	0.362294	0.392941	0.355986	0.356095	0.396739	0.405597	0.375154	0.362830	0.390441	0.411596	0.407381	0.381801	0.394511	0.393555	0.378214	0.395588	0.327537	0.362109	0.332264	0.380800	0.347190	0.362777	0.352646	0.341725	0.324639	0.395879	0.383059	0.428324	0.387599	0.383001	0.365529	0.353445	0.361486	0.375203	0.359235	0.361081	0.342509	0.349316	0.378641	0.413915	0.375773	0.360646	0.347894	0.357407	0.391312	0.403426	0.394188	0.336288	0.343981	0.368233	0.345204	0.361471	0.415688	0.417516	0.395179	0.346337	0.365238	0.368291	0.416551	0.374351	0.387558	0.377077	0.369444	0.396983	0.363421	0.400759	0.369373	
0.325500	0.354864	0.311616	0.315953	0.312829	0.301196	0.332535	0.288284	0.293794	0.373513	0.340855	0.261545	0.000000	0.232709	0.397688	0.365063	0.335773	0.307838	0.214432	0.150822	0.297807	0.297059	0.278184	0.331145	0.357158	0.300298	0.332284	0.308302	0.329007	0.314600	0.312771	0.310290	0.326045	0.346558	0.333530	0.323366	0.353690	0.332904	0.334107	0.319996	0.343824	0.295114	0.355577	0.354597	0.316880	0.324197	0.319325	0.338240	0.320155	0.322876	0.298872	0.324650	0.323386	0.308146	0.376481	0.308999	0.295579	0.336587	0.334824	0.340903	0.352835	0.348116	0.328079	0.328959	0.352839	0.324955	0.368163	0.378571	0.368142	0.296941	0.340176	0.304943	0.323741	0.340471	0.329097	0.338695	0.310964	0.322307	0.374629	0.316211	0.374418	0.318498	0.352468	0.298557	0.318939	0.315295	0.321453	0.347458	0.340284	0.347243	0.349017	0.351074	0.365688	0.344101	0.374479	0.355080	0.374524	0.378028	0.380815	0.359935	0.354465	0.342416	0.345133	0.325569	0.368670	0.368106	0.354660	0.341495	0.312436	0.313762	0.310349	0.364695	0.335397	0.332853	0.342477	0.346997	0.337494	0.342301	0.352696	0.339073	
0.325735	0.367786	0.345259	0.333058	0.333147	0.296218	0.286966	0.286744	0.280868	0.343282	0.302000	0.137980	0.232709	0.000000	0.303289	0.349824	0.335135	0.167683	0.291586	0.278143	0.339454	0.311017	0.307309	0.329758	0.363654	0.359777	0.355844	0.337066	0.333225	0.341363	0.352081	0.341861	0.339396	0.350055	0.339368	0.317707	0.325456	0.302527	0.357686	0.342588	0.365628	0.341454	0.351742	0.348357	0.302182	0.323708	0.303229	0.357870	0.319061	0.343522	0.306911	0.340376	0.336790	0.316182	0.352279	0.322071	0.316740	0.353841	0.356028	0.330499	0.330095	0.347758	0.355478	0.348199	0.336935	0.350016	0.337352	0.324814	0.364008	0.314269	0.306883	0.325269	0.329905	0.295673	0.307511	0.311091	0.307523	0.295335	0.355560	0.350134	0.382637	0.359396	0.336665	0.310079	0.369172	0.336802	0.345494	0.319146	0.325867	0.293244	0.315580	0.328191	0.359701	0.317291	0.333548	0.333581	0.331813	0.357237	0.351751	0.335115	0.293123	0.302734	0.322803	0.298923	0.319684	0.368849	0.366853	0.344152	0.312073	0.345887	0.334204	0.372544	0.341607	0.341349	0.331143	0.329696	0.358716	0.336217	0.367964	0.333063	
0.373775	0.403035	0.322139	0.372216	0.363628	0.322943	0.319578	0.334373	0.317888	0.367604	0.360875	0.337883	0.397688	0.303289	0.000000	0.139185	0.249682	0.314563	0.336313	0.400168	0.366256	0.349309	0.334124	0.340588	0.360535	0.373815	0.391892	0.356618	0.366353	0.366234	0.379141	0.368738	0.380713	0.389632	0.378260	0.312839	0.347724	0.308907	0.346664	0.340409	0.373161	0.346274	0.366898	0.365254	0.356014	0.349884	0.355719	0.346604	0.362220	0.364492	0.352627	0.378373	0.378718	0.333529	0.087522	0.327622	0.378274	0.384897	0.370486	0.369734	0.363850	0.387668	0.384353	0.401143	0.354186	0.366088	0.324018	0.316768	0.355712	0.351735	0.344551	0.380456	0.342697	0.314903	0.362792	0.362971	0.365791	0.355174	0.386549	0.379062	0.391940	0.395169	0.353015	0.371169	0.388992	0.368320	0.378084	0.339960	0.369866	0.328513	0.349973	0.377672	0.365897	0.361933	0.383894	0.382078	0.376585	0.377915	0.374465	0.376909	0.341043	0.326238	0.355250	0.361266	0.386182	0.368271	0.386853	0.380654	0.364059	0.370850	0.339904	0.376055	0.362985	0.366322	0.361270	0.371839	0.371731	0.362842	0.373440	0.369314	
0.346239	0.396273	0.273348	0.325052	0.317037	0.284595	0.297170	0.296934	0.281037	0.352373	0.347441	0.391636	0.365063	0.349824	0.139185	0.000000	0.257362	0.349457	0.351425	0.380778	0.348560	0.326700	0.309002	0.292878	0.317802	0.346963	0.367654	0.320657	0.350781	0.343664	0.354845	0.344411	0.344910	0.355283	0.347136	0.289535	0.327493	0.284189	0.324483	0.317131	0.336962	0.313778	0.360517	0.349013	0.317626	0.317270	0.324643	0.320580	0.334682	0.324168	0.318311	0.337784	0.342660	0.302814	0.061850	0.313829	0.338931	0.351398	0.349260	0.337370	0.339135	0.352305	0.352907	0.370453	0.351073	0.344444	0.332970	0.322076	0.364075	0.319292	0.334203	0.343993	0.322098	0.338959	0.340088	0.347843	0.352650	0.341552	0.357719	0.345561	0.362926	0.370378	0.357529	0.335888	0.371754	0.358376	0.371504	0.312816	0.344226	0.308921	0.324050	0.352877	0.334735	0.338975	0.362677	0.362181	0.357771	0.350731	0.343274	0.336269	0.317154	0.298947	0.321449	0.324786	0.360885	0.341627	0.360213	0.353504	0.327620	0.338846	0.313144	0.365692	0.331807	0.336865	0.328183	0.337771	0.339068	0.321145	0.333282	0.341985	
0.310138	0.387396	0.296841	0.299133	0.299057	0.265323	0.281793	0.259906	0.276089	0.363415	0.327070	0.378031	0.335773	0.335135	0.249682	0.257362	0.000000	0.303674	0.258391	0.330134	0.330514	0.299721	0.278941	0.316839	0.332588	0.316225	0.329897	0.284603	0.316481	0.310498	0.316354	0.308838	0.291439	0.339209	0.291480	0.322542	0.311476	0.300581	0.309558	0.297540	0.320338	0.281701	0.325782	0.324440	0.276921	0.275955	0.273343	0.283928	0.273634	0.287080	0.277941	0.302021	0.309910	0.289256	0.213766	0.291846	0.296589	0.318880	0.300265	0.302264	0.307490	0.324841	0.332992	0.336244	0.317907	0.298280	0.326960	0.321650	0.337956	0.300222	0.310556	0.323960	0.305727	0.305510	0.316471	0.298941	0.299429	0.301098	0.349646	0.320774	0.363744	0.329261	0.332628	0.303152	0.303690	0.302865	0.315525	0.317653	0.308096	0.306864	0.326249	0.309016	0.329940	0.306360	0.331700	0.332269	0.323610	0.325524	0.319236	0.316938	0.327936	0.319249	0.282961	0.294019	0.328832	0.344541	0.352538	0.344887	0.311615	0.311235	0.286878	0.310541	0.289717	0.301396	0.287760	0.299039	0.323654	0.296714	0.314959	0.316190	
0.343976	0.377079	0.347148	0.328758	0.335037	0.294592	0.306416	0.279733	0.291495	0.370854	0.312925	0.200918	0.307838	0.167683	0.314563	0.349457	0.303674	0.000000	0.201001	0.270890	0.323268	0.302020	0.301269	0.323016	0.355215	0.356202	0.361347	0.332161	0.342582	0.353113	0.364385	0.355705	0.326724	0.358977	0.328880	0.329319	0.341843	0.288436	0.368921	0.348030	0.371319	0.333373	0.355245	0.359214	0.306697	0.324550	0.306148	0.344354	0.326325	0.352916	0.320048	0.347668	0.342925	0.318021	0.321742	0.321725	0.319405	0.362628	0.352497	0.343442	0.345209	0.361463	0.378639	0.372894	0.352272	0.358442	0.375759	0.362548	0.395271	0.310847	0.345238	0.321327	0.334616	0.339676	0.315118	0.308605	0.305168	0.309811	0.368592	0.354809	0.402161	0.365445	0.381780	0.325975	0.352837	0.326861	0.340134	0.315451	0.324058	0.304606	0.313061	0.344313	0.361627	0.331702	0.315372	0.329882	0.319417	0.382688	0.372818	0.371890	0.283787	0.309782	0.320816	0.296888	0.335510	0.354436	0.388464	0.336151	0.316440	0.347377	0.325620	0.363205	0.339534	0.351801	0.332892	0.325318	0.368868	0.318631	0.351845	0.323412	
0.302212	0.374562	0.318664	0.284711	0.292216	0.310106	0.337488	0.295527	0.308418	0.373665	0.340044	0.271048	0.214432	0.291586	0.336313	0.351425	0.258391	0.201001	0.000000	0.170512	0.304227	0.299416	0.278779	0.335603	0.368973	0.342821	0.316444	0.286540	0.309446	0.318248	0.323133	0.314038	0.284024	0.324667	0.289748	0.350348	0.332339	0.310948	0.324397	0.313460	0.329397	0.273727	0.323579	0.326833	0.271240	0.277044	0.266579	0.296970	0.290519	0.300494	0.284396	0.302707	0.324115	0.310082	0.315293	0.321241	0.320695	0.344219	0.334803	0.319539	0.328552	0.341657	0.339180	0.348883	0.355130	0.303595	0.387948	0.366341	0.388317	0.279093	0.319405	0.289086	0.336223	0.338861	0.315403	0.297905	0.294490	0.303392	0.373791	0.313761	0.404160	0.334021	0.380683	0.313190	0.303159	0.306658	0.321377	0.348265	0.323985	0.338946	0.351231	0.304316	0.362285	0.304474	0.302499	0.309120	0.308688	0.359670	0.352948	0.351654	0.337031	0.353153	0.309068	0.322475	0.346229	0.388881	0.395894	0.362574	0.331267	0.309821	0.299918	0.351915	0.327777	0.331948	0.309157	0.303341	0.339654	0.305792	0.331263	0.308234	
0.305794	0.365901	0.324599	0.289512	0.286681	0.334864	0.348904	0.321432	0.329214	0.389062	0.361324	0.232338	0.150822	0.278143	0.400168	0.380778	0.330134	0.270890	0.170512	0.000000	0.324073	0.335526	0.313081	0.365674	0.388059	0.366088	0.349517	0.314868	0.336915	0.324487	0.320019	0.324129	0.310647	0.351721	0.316257	0.341967	0.351777	0.342410	0.342517	0.337976	0.350910	0.281589	0.369587	0.360315	0.324468	0.339060	0.332403	0.337579	0.334159	0.323314	0.319767	0.344883	0.349047	0.337220	0.390066	0.345323	0.317256	0.337704	0.336310	0.332304	0.346557	0.351597	0.331486	0.339953	0.361429	0.325088	0.380402	0.389636	0.376355	0.317884	0.350160	0.320996	0.355943	0.350692	0.362095	0.351245	0.345400	0.338406	0.405044	0.336095	0.402976	0.323309	0.371074	0.306906	0.315217	0.311318	0.316967	0.375137	0.343511	0.370980	0.377749	0.354873	0.397437	0.348581	0.347774	0.360050	0.346760	0.385200	0.378303	0.367349	0.356849	0.369461	0.329122	0.343273	0.382319	0.350730	0.388420	0.344592	0.353211	0.338822	0.322869	0.347074	0.343277	0.338156	0.340454	0.336224	0.339942	0.334616	0.347029	0.324601	
0.344104	0.241445	0.326212	0.306907	0.313135	0.308238	0.316429	0.289332	0.313237	0.369135	0.324818	0.332790	0.297807	0.339454	0.366256	0.348560	0.330514	0.323268	0.304227	0.324073	0.000000	0.154618	0.239094	0.337529	0.366343	0.344470	0.343855	0.323860	0.348211	0.346780	0.353114	0.346597	0.321552	0.345447	0.325041	0.317434	0.329606	0.300497	0.336798	0.311149	0.375775	0.304952	0.355154	0.359026	0.327585	0.324706	0.319089	0.345453	0.347079	0.359830	0.314006	0.323538	0.348889	0.300471	0.344421	0.304371	0.339189	0.360313	0.361303	0.344494	0.336967	0.337207	0.374492	0.377503	0.349848	0.349187	0.381002	0.370859	0.372059	0.310196	0.357904	0.320938	0.349567	0.370754	0.344096	0.337969	0.311230	0.327902	0.384385	0.318074	0.411006	0.333466	0.368357	0.329165	0.328821	0.333355	0.342044	0.325725	0.329906	0.319465	0.331205	0.354551	0.359915	0.353824	0.346091	0.345910	0.350733	0.357526	0.348035	0.357088	0.342128	0.311775	0.331973	0.327921	0.364479	0.384122	0.393495	0.377957	0.341356	0.321925	0.313775	0.381347	0.352079	0.365654	0.349461	0.349309	0.397916	0.333534	0.333377	0.317401	
0.342474	0.285009	0.285781	0.267599	0.276351	0.256918	0.294344	0.247143	0.253952	0.333798	0.297425	0.345861	0.297059	0.311017	0.349309	0.326700	0.299721	0.302020	0.299416	0.335526	0.154618	0.000000	0.164871	0.301141	0.334669	0.298633	0.317085	0.284047	0.304063	0.322284	0.306922	0.320183	0.280432	0.307218	0.285174	0.298594	0.306531	0.278809	0.321386	0.303424	0.343612	0.303420	0.329014	0.340266	0.288459	0.302628	0.291807	0.310388	0.299335	0.312494	0.281856	0.278475	0.303665	0.274599	0.326319	0.276333	0.294131	0.317782	0.322051	0.306800	0.314886	0.298500	0.338547	0.336733	0.329293	0.328399	0.350092	0.338611	0.362130	0.289126	0.308972	0.307225	0.307063	0.327516	0.308387	0.296854	0.282603	0.278651	0.357744	0.316660	0.382290	0.327039	0.335435	0.286219	0.326123	0.304085	0.312277	0.317708	0.319189	0.304593	0.320707	0.317119	0.317358	0.306283	0.325068	0.323718	0.327160	0.330792	0.324213	0.328921	0.319828	0.291665	0.288706	0.284805	0.329626	0.362926	0.374860	0.342171	0.314995	0.294156	0.300836	0.357663	0.333901	0.335143	0.309259	0.308575	0.358324	0.305080	0.317624	0.283764	
0.278383	0.318047	0.272584	0.284820	0.295998	0.233703	0.276593	0.222048	0.228087	0.343776	0.316152	0.331428	0.278184	0.307309	0.334124	0.309002	0.278941	0.301269	0.278779	0.313081	0.239094	0.164871	0.000000	0.284084	0.310455	0.300536	0.316145	0.300738	0.320707	0.278259	0.297177	0.279936	0.309511	0.339667	0.313790	0.295168	0.296926	0.279388	0.312404	0.292962	0.331836	0.276610	0.329131	0.325710	0.278906	0.290914	0.285558	0.305987	0.288411	0.298246	0.277368	0.297404	0.308771	0.263229	0.309537	0.270601	0.280924	0.323581	0.327988	0.301803	0.305699	0.322448	0.323110	0.320922	0.320008	0.314150	0.327272	0.322945	0.316839	0.252247	0.302891	0.280286	0.290041	0.309698	0.297378	0.305134	0.280192	0.281827	0.338490	0.291151	0.359307	0.287890	0.313574	0.273645	0.294762	0.293407	0.291478	0.284320	0.299593	0.287838	0.295730	0.300413	0.310288	0.309025	0.315127	0.312581	0.310269	0.337108	0.332759	0.311286	0.297537	0.277849	0.285257	0.273433	0.316591	0.332853	0.354647	0.327121	0.294703	0.315676	0.296522	0.343187	0.314900	0.317935	0.289709	0.298592	0.331471	0.297109	0.307817	0.295682	
0.256082	0.313584	0.286371	0.266475	0.303729	0.238696	0.275169	0.275855	0.187839	0.242092	0.205954	0.383096	0.331145	0.329758	0.340588	0.292878	0.316839	0.323016	0.335603	0.365674	0.337529	0.301141	0.284084	0.000000	0.151842	0.306618	0.327211	0.315136	0.318716	0.310503	0.318356	0.308717	0.330122	0.340140	0.333751	0.305214	0.296830	0.290540	0.324453	0.321106	0.334924	0.313761	0.312416	0.304568	0.307756	0.324983	0.308518	0.312088	0.323443	0.317205	0.323912	0.337020	0.331998	0.284367	0.295052	0.303863	0.306479	0.320484	0.325888	0.330762	0.314877	0.347432	0.343337	0.352546	0.339432	0.329121	0.345808	0.329967	0.374527	0.317429	0.319829	0.343235	0.310587	0.351770	0.311074	0.318327	0.334248	0.311737	0.344058	0.328095	0.368717	0.352982	0.359012	0.319578	0.352385	0.340350	0.352841	0.299055	0.305408	0.298948	0.315417	0.345898	0.330140	0.319622	0.317201	0.315791	0.313022	0.371979	0.361079	0.337246	0.296005	0.284390	0.326940	0.284540	0.318463	0.332109	0.375501	0.332784	0.302915	0.333419	0.316435	0.354550	0.340369	0.344806	0.312876	0.325654	0.342307	0.342946	0.351153	0.356024	
0.338224	0.380416	0.306799	0.327044	0.345704	0.314331	0.295096	0.313624	0.290031	0.301507	0.287849	0.409254	0.357158	0.363654	0.360535	0.317802	0.332588	0.355215	0.368973	0.388059	0.366343	0.334669	0.310455	0.151842	0.000000	0.213761	0.367719	0.345562	0.364650	0.329767	0.342085	0.329030	0.366602	0.386252	0.370744	0.332451	0.322726	0.325269	0.329067	0.333667	0.351647	0.349792	0.341971	0.337508	0.343825	0.335004	0.342651	0.327719	0.329194	0.308769	0.346993	0.356671	0.347483	0.320378	0.316876	0.339642	0.330209	0.348320	0.347737	0.352018	0.338105	0.368384	0.360302	0.378368	0.322697	0.322574	0.357385	0.350400	0.366413	0.328413	0.353587	0.352927	0.339438	0.379884	0.341725	0.357763	0.367010	0.353695	0.383523	0.364680	0.386096	0.376877	0.357631	0.352148	0.366086	0.361639	0.374119	0.309686	0.330727	0.309743	0.324919	0.376934	0.350470	0.361334	0.347680	0.349673	0.342384	0.390656	0.379895	0.359653	0.330361	0.303328	0.357731	0.315132	0.354522	0.350278	0.382397	0.346569	0.326644	0.365505	0.350996	0.368327	0.348437	0.361887	0.351610	0.364406	0.356915	0.375764	0.375134	0.395894	
0.354096	0.402781	0.298467	0.301208	0.317599	0.232226	0.326576	0.226039	0.230683	0.362347	0.308522	0.374093	0.300298	0.359777	0.373815	0.346963	0.316225	0.356202	0.342821	0.366088	0.344470	0.298633	0.300536	0.306618	0.213761	0.000000	0.354776	0.312328	0.346370	0.346973	0.321655	0.340492	0.318892	0.362440	0.324451	0.322504	0.338435	0.327930	0.313517	0.321721	0.325442	0.321966	0.365161	0.361106	0.316018	0.318360	0.314699	0.301117	0.280617	0.291112	0.315232	0.315237	0.317057	0.313551	0.352869	0.316412	0.310244	0.335561	0.324885	0.323976	0.345135	0.337124	0.335659	0.356152	0.319898	0.306826	0.348911	0.350884	0.362726	0.326124	0.340313	0.347376	0.332385	0.344383	0.336639	0.336180	0.317643	0.322010	0.375694	0.327712	0.396114	0.345491	0.345966	0.327348	0.344429	0.325167	0.337643	0.347499	0.335587	0.348357	0.353105	0.337994	0.343544	0.328510	0.366973	0.336677	0.363496	0.348105	0.362275	0.348293	0.322564	0.327134	0.308398	0.325321	0.358456	0.378959	0.390012	0.356368	0.285779	0.306509	0.319002	0.358334	0.337903	0.354685	0.328607	0.339189	0.335190	0.309332	0.323993	0.331181	
0.291496	0.364636	0.335494	0.298451	0.309013	0.315224	0.317129	0.296470	0.303711	0.383667	0.353487	0.383546	0.332284	0.355844	0.391892	0.367654	0.329897	0.361347	0.316444	0.349517	0.343855	0.317085	0.316145	0.327211	0.367719	0.354776	0.000000	0.218289	0.101097	0.316405	0.311784	0.314730	0.236149	0.111118	0.234849	0.338476	0.327306	0.334218	0.335205	0.332884	0.316666	0.300058	0.311581	0.311747	0.294432	0.327103	0.307575	0.293205	0.298331	0.310938	0.309613	0.298726	0.309532	0.316190	0.373431	0.325033	0.315327	0.281640	0.286456	0.304908	0.309297	0.307874	0.345183	0.340470	0.347036	0.318575	0.362931	0.351162	0.378481	0.308062	0.315287	0.328208	0.351362	0.341775	0.352279	0.328600	0.329678	0.324727	0.328106	0.316979	0.334513	0.332074	0.361813	0.310793	0.338660	0.312631	0.327207	0.347438	0.303063	0.328351	0.345644	0.323258	0.342699	0.323164	0.328522	0.316801	0.329176	0.318483	0.306823	0.301626	0.352000	0.317921	0.315185	0.321370	0.322621	0.338543	0.330991	0.334942	0.318174	0.306933	0.302989	0.345303	0.337993	0.329078	0.284478	0.289444	0.318604	0.330651	0.331599	0.314580	
0.321730	0.393325	0.290318	0.271940	0.277496	0.271502	0.291963	0.250520	0.273325	0.357676	0.316535	0.368533	0.308302	0.337066	0.356618	0.320657	0.284603	0.332161	0.286540	0.314868	0.323860	0.284047	0.300738	0.315136	0.345562	0.312328	0.218289	0.000000	0.208837	0.306239	0.297838	0.301882	0.161044	0.210054	0.169204	0.316879	0.302755	0.303504	0.308942	0.296385	0.297879	0.271480	0.306800	0.306629	0.256428	0.280204	0.267968	0.267661	0.261561	0.283167	0.265203	0.268413	0.281806	0.284078	0.329854	0.292464	0.281181	0.288902	0.288306	0.277006	0.290053	0.282367	0.311203	0.314485	0.330178	0.292304	0.340370	0.332676	0.365326	0.291863	0.300177	0.310383	0.313794	0.319313	0.317828	0.279539	0.290715	0.296167	0.352147	0.302417	0.362897	0.314434	0.342675	0.283311	0.330093	0.283274	0.298265	0.338357	0.291684	0.312665	0.335084	0.284545	0.323144	0.292025	0.315037	0.303558	0.310199	0.320660	0.307546	0.314821	0.324551	0.302200	0.274361	0.285131	0.326822	0.326909	0.357312	0.330194	0.300203	0.270454	0.269669	0.324090	0.315016	0.318045	0.292832	0.304207	0.307936	0.284863	0.302726	0.273583	
0.297997	0.375403	0.317388	0.292755	0.297718	0.308176	0.307928	0.291928	0.296739	0.371856	0.341824	0.364549	0.329007	0.333225	0.366353	0.350781	0.316481	0.342582	0.309446	0.336915	0.348211	0.304063	0.320707	0.318716	0.364650	0.346370	0.101097	0.208837	0.000000	0.308904	0.289683	0.305872	0.209036	0.113278	0.207997	0.325393	0.313634	0.314621	0.322157	0.317240	0.323703	0.305256	0.311626	0.308392	0.284227	0.313413	0.294327	0.289692	0.284924	0.305874	0.306061	0.297080	0.307423	0.303480	0.355092	0.308714	0.308142	0.273259	0.282681	0.298744	0.306231	0.306276	0.345380	0.339174	0.343825	0.317013	0.361775	0.348470	0.383421	0.309550	0.313160	0.331987	0.344452	0.333583	0.344275	0.309484	0.316592	0.307799	0.328460	0.317746	0.331253	0.336790	0.359963	0.304527	0.344121	0.304213	0.321345	0.345909	0.302329	0.318729	0.340110	0.321762	0.343240	0.308737	0.323994	0.317292	0.317406	0.297620	0.298665	0.298255	0.345511	0.310288	0.305071	0.310259	0.315455	0.339338	0.332305	0.334230	0.315354	0.292842	0.295360	0.349899	0.337231	0.322355	0.279795	0.278928	0.313475	0.325607	0.335304	0.303179	
0.312033	0.396500	0.298464	0.298437	0.295300	0.303713	0.323184	0.291278	0.289194	0.320826	0.319123	0.399734	0.314600	0.341363	0.366234	0.343664	0.310498	0.353113	0.318248	0.324487	0.346780	0.322284	0.278259	0.310503	0.329767	0.346973	0.316405	0.306239	0.308904	0.000000	0.125816	0.025470	0.333484	0.327415	0.336894	0.321621	0.326708	0.324438	0.304845	0.296417	0.321850	0.311506	0.317890	0.319056	0.291429	0.291735	0.291259	0.302019	0.326068	0.300681	0.296652	0.307262	0.320940	0.312084	0.344075	0.311389	0.298927	0.307135	0.312553	0.309887	0.332561	0.320264	0.305279	0.320819	0.325108	0.302566	0.320267	0.324725	0.341989	0.317792	0.322683	0.339561	0.315978	0.323301	0.322842	0.312863	0.308925	0.309662	0.358036	0.332052	0.336879	0.296199	0.324687	0.257781	0.344966	0.304496	0.317637	0.319196	0.302287	0.317139	0.331701	0.291992	0.311082	0.300674	0.299931	0.306317	0.296887	0.361996	0.352803	0.334036	0.334445	0.325159	0.294908	0.314183	0.351906	0.314175	0.347594	0.309034	0.315117	0.318920	0.309216	0.296882	0.307510	0.301467	0.317506	0.328184	0.340814	0.312831	0.322897	0.323850	
0.305639	0.382677	0.305230	0.285145	0.286063	0.311250	0.313098	0.300886	0.292070	0.323064	0.320960	0.390766	0.312771	0.352081	0.379141	0.354845	0.316354	0.364385	0.323133	0.320019	0.353114	0.306922	0.297177	0.318356	0.342085	0.321655	0.311784	0.297838	0.289683	0.125816	0.000000	0.121760	0.311483	0.317188	0.317013	0.303944	0.323177	0.319139	0.307507	0.296193	0.310691	0.303161	0.342469	0.326461	0.297046	0.320363	0.315163	0.303416	0.307111	0.298956	0.312694	0.304616	0.311185	0.322220	0.360404	0.301907	0.296745	0.310811	0.322403	0.295159	0.321317	0.317085	0.318031	0.329076	0.338330	0.310631	0.332565	0.338207	0.355527	0.327381	0.326553	0.338566	0.309697	0.322770	0.312673	0.296180	0.296389	0.288934	0.377865	0.332994	0.358874	0.293228	0.315732	0.255548	0.327161	0.307431	0.318205	0.333655	0.310471	0.323315	0.340233	0.295288	0.313965	0.306923	0.288965	0.295724	0.288857	0.346631	0.345163	0.333025	0.342024	0.323965	0.281742	0.304554	0.354635	0.326213	0.366071	0.319715	0.314450	0.317140	0.307551	0.314395	0.323022	0.312583	0.322588	0.327526	0.352512	0.305715	0.318780	0.302718	
0.315995	0.400996	0.297585	0.296349	0.293587	0.300253	0.324761	0.288108	0.287128	0.317635	0.314418	0.401495	0.310290	0.341861	0.368738	0.344411	0.308838	0.355705	0.314038	0.324129	0.346597	0.320183	0.279936	0.308717	0.329030	0.340492	0.314730	0.301882	0.305872	0.025470	0.121760	0.000000	0.327885	0.324095	0.331093	0.322348	0.326892	0.324904	0.298781	0.291769	0.315649	0.306643	0.313460	0.314905	0.285575	0.288466	0.286025	0.299028	0.320483	0.296732	0.289546	0.300534	0.315777	0.308921	0.344924	0.308541	0.296636	0.301778	0.308879	0.308850	0.333879	0.317603	0.302539	0.317515	0.321692	0.296583	0.319621	0.323539	0.343912	0.317772	0.319328	0.339857	0.312173	0.319824	0.319982	0.308023	0.301812	0.302819	0.360076	0.331684	0.340697	0.291946	0.320896	0.251551	0.345022	0.308355	0.321524	0.320319	0.302476	0.315924	0.334500	0.286250	0.307670	0.295421	0.297203	0.301660	0.294306	0.359299	0.348143	0.331567	0.331779	0.321466	0.288730	0.308552	0.348518	0.318533	0.350782	0.311706	0.315922	0.314381	0.304546	0.296262	0.307422	0.301753	0.319415	0.328971	0.341719	0.307020	0.318984	0.316939	
0.332667	0.376648	0.311834	0.260540	0.271210	0.283858	0.306772	0.263563	0.296120	0.352286	0.314218	0.374610	0.326045	0.339396	0.380713	0.344910	0.291439	0.326724	0.284024	0.310647	0.321552	0.280432	0.309511	0.330122	0.366602	0.318892	0.236149	0.161044	0.209036	0.333484	0.311483	0.327885	0.000000	0.187108	0.014101	0.328312	0.318636	0.313835	0.320964	0.307403	0.288630	0.285410	0.317279	0.317343	0.276278	0.301124	0.290573	0.275703	0.279336	0.293216	0.273110	0.269103	0.289319	0.297324	0.354314	0.308787	0.302809	0.317252	0.300816	0.280235	0.313148	0.280571	0.329971	0.330815	0.340856	0.296439	0.362433	0.351909	0.375942	0.311734	0.309512	0.327198	0.331086	0.337835	0.332971	0.295877	0.307328	0.312554	0.374511	0.305882	0.378608	0.339546	0.369806	0.298277	0.340253	0.297254	0.312484	0.352612	0.317002	0.347113	0.335652	0.309266	0.344434	0.303137	0.323254	0.325751	0.321895	0.320999	0.317742	0.334950	0.338773	0.327421	0.301909	0.316087	0.353306	0.345375	0.340622	0.332967	0.318739	0.291115	0.282960	0.340439	0.336314	0.326670	0.304617	0.299803	0.346690	0.287734	0.290685	0.282855	
0.316603	0.363574	0.336304	0.289610	0.297826	0.312358	0.317923	0.293904	0.316290	0.366452	0.340111	0.382882	0.346558	0.350055	0.389632	0.355283	0.339209	0.358977	0.324667	0.351721	0.345447	0.307218	0.339667	0.340140	0.386252	0.362440	0.111118	0.210054	0.113278	0.327415	0.317188	0.324095	0.187108	0.000000	0.184893	0.348452	0.338559	0.340759	0.342830	0.332153	0.321608	0.320580	0.323532	0.318835	0.299971	0.339567	0.321483	0.308868	0.323175	0.322410	0.310268	0.305088	0.322961	0.326031	0.367270	0.332390	0.317952	0.291064	0.293857	0.314383	0.322654	0.313947	0.347871	0.345020	0.368629	0.341782	0.360802	0.352544	0.389798	0.325931	0.316508	0.335675	0.356572	0.346258	0.358705	0.323246	0.337876	0.330277	0.345200	0.326357	0.345491	0.357739	0.370603	0.308217	0.363372	0.332722	0.343619	0.359373	0.314417	0.334907	0.348605	0.336164	0.355724	0.331746	0.349520	0.345973	0.349554	0.312319	0.300910	0.314261	0.363199	0.328000	0.324341	0.325765	0.330204	0.341417	0.333586	0.347648	0.333108	0.309147	0.306762	0.365946	0.363779	0.347482	0.294392	0.283000	0.320346	0.320829	0.328994	0.311958	
0.329135	0.371374	0.317590	0.266127	0.276947	0.288215	0.306630	0.267075	0.300133	0.354405	0.315038	0.375380	0.333530	0.339368	0.378260	0.347136	0.291480	0.328880	0.289748	0.316257	0.325041	0.285174	0.313790	0.333751	0.370744	0.324451	0.234849	0.169204	0.207997	0.336894	0.317013	0.331093	0.014101	0.184893	0.000000	0.331492	0.320382	0.315639	0.326511	0.311765	0.295007	0.294190	0.317707	0.316675	0.283058	0.307016	0.296700	0.282046	0.286022	0.300155	0.278324	0.275583	0.295162	0.303518	0.354368	0.312317	0.311577	0.319799	0.302274	0.285861	0.315543	0.285867	0.336188	0.336801	0.344354	0.301869	0.364327	0.352769	0.377877	0.318200	0.313514	0.334054	0.335695	0.338295	0.336355	0.301226	0.312400	0.316896	0.374174	0.312222	0.378418	0.345091	0.372354	0.302892	0.345716	0.304082	0.318610	0.357010	0.320521	0.349273	0.338149	0.313865	0.349955	0.306293	0.325266	0.327627	0.324642	0.317205	0.314733	0.330893	0.340311	0.331048	0.305553	0.320613	0.350155	0.348785	0.339093	0.334466	0.325612	0.295555	0.286052	0.341111	0.342785	0.332084	0.303156	0.298017	0.347103	0.291256	0.294228	0.286824	
0.332388	0.363623	0.301511	0.305425	0.310141	0.297803	0.297212	0.283855	0.285658	0.361209	0.322917	0.344297	0.323366	0.317707	0.312839	0.289535	0.322542	0.329319	0.350348	0.341967	0.317434	0.298594	0.295168	0.305214	0.332451	0.322504	0.338476	0.316879	0.325393	0.321621	0.303944	0.322348	0.328312	0.348452	0.331492	0.000000	0.206570	0.156307	0.267554	0.256308	0.318894	0.297635	0.340442	0.328528	0.295277	0.320644	0.311662	0.315091	0.300318	0.309514	0.309059	0.315546	0.324554	0.268930	0.303519	0.221059	0.321678	0.329739	0.328291	0.290275	0.268121	0.295493	0.347470	0.361642	0.343104	0.337100	0.349307	0.343505	0.371014	0.311803	0.337226	0.331009	0.273985	0.326020	0.271540	0.268008	0.265464	0.245672	0.361596	0.332204	0.371352	0.341028	0.340077	0.298991	0.346608	0.317488	0.334250	0.320264	0.320469	0.314764	0.328903	0.322962	0.332544	0.320209	0.319092	0.313918	0.317654	0.355873	0.357917	0.340933	0.284950	0.293568	0.317480	0.304352	0.328898	0.337275	0.374296	0.329126	0.294920	0.311812	0.293738	0.350643	0.317965	0.323826	0.320323	0.332376	0.351343	0.327795	0.337538	0.318714	
0.316300	0.345995	0.297861	0.293883	0.300847	0.302574	0.276325	0.285774	0.295637	0.338530	0.307241	0.365847	0.353690	0.325456	0.347724	0.327493	0.311476	0.341843	0.332339	0.351777	0.329606	0.306531	0.296926	0.296830	0.322726	0.338435	0.327306	0.302755	0.313634	0.326708	0.323177	0.326892	0.318636	0.338559	0.320382	0.206570	0.000000	0.195934	0.329441	0.320219	0.333759	0.316054	0.312019	0.305994	0.253860	0.273933	0.262680	0.317907	0.292987	0.319272	0.293437	0.298452	0.316205	0.262785	0.333956	0.303563	0.309635	0.311479	0.323384	0.253540	0.138128	0.282194	0.326936	0.347974	0.351503	0.340677	0.334238	0.326520	0.358864	0.305053	0.318184	0.331299	0.284867	0.289363	0.287966	0.303581	0.322277	0.296717	0.363354	0.325858	0.375556	0.351666	0.340123	0.312971	0.326933	0.320776	0.335721	0.316713	0.322639	0.310931	0.328907	0.300807	0.340476	0.292199	0.308219	0.300952	0.307246	0.325368	0.314591	0.312648	0.303013	0.311916	0.293425	0.278829	0.291620	0.333051	0.368195	0.331104	0.326868	0.317419	0.302889	0.345798	0.328005	0.337389	0.281741	0.297968	0.308170	0.318412	0.338988	0.290569	
