0.000000	0.134539	0.306098	0.285487	0.288038	0.230048	0.247104	0.284104	0.212694	0.249153	0.327043	0.323245	0.316202	0.341013	0.303081	0.285041	0.309392	0.328862	0.343252	0.358747	0.309733	0.304395	0.285879	0.297941	0.282491	0.243897	0.309760	0.312495	0.282569	0.258951	0.325662	0.319147	0.296214	0.304694	0.295463	0.343739	0.326970	0.337167	0.322894	0.329884	0.326154	0.339951	0.356596	0.349913	0.327310	0.333138	0.349623	0.358385	0.357949	0.348869	0.329016	0.329889	0.347141	0.338252	0.302481	0.316233	0.316503	0.318403	0.318003	0.351785	0.376548	0.361597	0.317597	0.322948	0.317584	0.321131	0.326752	0.294690	0.300250	0.345299	0.326617	0.309535	0.312964	0.343799	0.323731	0.372021	0.367603	0.356380	0.319177	0.317948	0.322381	0.334576	0.305493	0.306658	0.310872	0.319183	0.324356	0.329831	0.374025	0.314667	0.344101	0.313847	0.286744	0.285807	0.344506	0.333760	0.308453	0.322205	0.312104	0.315263	0.302024	0.317948	0.348007	0.336314	0.321964	0.353564	0.338487	0.330725	0.312239	0.330776	0.344019	0.325087	0.333604	0.330798	0.339787	0.330068	0.326685	0.318608	0.316245	0.330172	
0.134539	0.000000	0.291876	0.295749	0.284063	0.201167	0.273206	0.315533	0.156191	0.235665	0.336149	0.326127	0.311356	0.353132	0.324787	0.307103	0.330352	0.317511	0.342394	0.353159	0.321608	0.314332	0.324671	0.274290	0.210750	0.246042	0.317641	0.311318	0.288414	0.275102	0.310643	0.314647	0.296813	0.313176	0.295339	0.345283	0.330802	0.334495	0.315566	0.320990	0.320137	0.345242	0.354555	0.352673	0.337538	0.342385	0.359087	0.341899	0.350076	0.338934	0.320915	0.328251	0.337545	0.335314	0.321997	0.321906	0.293549	0.284416	0.285465	0.350810	0.377873	0.362466	0.323178	0.330561	0.319596	0.319523	0.327655	0.313048	0.316829	0.342964	0.323707	0.329242	0.312777	0.344017	0.335123	0.375514	0.367854	0.355948	0.320797	0.318755	0.327602	0.338828	0.315040	0.315009	0.295287	0.321504	0.318725	0.366732	0.367211	0.354643	0.334212	0.298426	0.271398	0.277135	0.343024	0.339428	0.328563	0.314145	0.305973	0.313633	0.343124	0.327521	0.359493	0.347708	0.328246	0.347791	0.333936	0.336737	0.307979	0.333394	0.346560	0.315943	0.331317	0.321869	0.331001	0.318172	0.329466	0.312833	0.316772	0.334111	
0.306098	0.291876	0.000000	0.123578	0.206679	0.370287	0.358500	0.372293	0.327043	0.275244	0.353808	0.345804	0.293651	0.329740	0.348205	0.325190	0.338285	0.315964	0.314775	0.350121	0.307449	0.324370	0.325678	0.337859	0.335500	0.328517	0.299461	0.308754	0.293926	0.329308	0.341049	0.346599	0.311311	0.295914	0.312973	0.335523	0.329906	0.342393	0.357736	0.355882	0.353281	0.331141	0.307787	0.314586	0.376583	0.359040	0.342195	0.362196	0.367348	0.363039	0.338994	0.335268	0.368798	0.348547	0.325851	0.336250	0.328106	0.331088	0.330058	0.362075	0.395057	0.389398	0.345790	0.331917	0.328472	0.337175	0.333380	0.346001	0.331211	0.345289	0.339512	0.336968	0.328298	0.367819	0.334815	0.359390	0.353227	0.350148	0.327733	0.338977	0.335843	0.337141	0.325458	0.325865	0.324374	0.339549	0.339056	0.334807	0.348124	0.345070	0.330995	0.302077	0.297193	0.286027	0.335118	0.330435	0.333506	0.327442	0.317483	0.338719	0.331029	0.331316	0.349991	0.333527	0.351166	0.324620	0.353127	0.349033	0.319738	0.315711	0.324295	0.326658	0.340608	0.346473	0.349518	0.323587	0.354111	0.302236	0.332723	0.334826	
0.285487	0.295749	0.123578	0.000000	0.189873	0.356679	0.347468	0.358756	0.319212	0.275383	0.338534	0.351353	0.300289	0.361399	0.343329	0.320000	0.335020	0.313465	0.328305	0.362297	0.313090	0.332118	0.318003	0.313254	0.328046	0.321371	0.296065	0.283610	0.275590	0.345608	0.335055	0.346854	0.294780	0.299216	0.296943	0.357559	0.345081	0.345349	0.365823	0.352637	0.358414	0.331501	0.320559	0.333004	0.367261	0.343044	0.320479	0.361646	0.355113	0.351441	0.319587	0.320858	0.352148	0.338147	0.304535	0.318297	0.317385	0.319792	0.315112	0.346786	0.376509	0.373601	0.328634	0.325137	0.324684	0.327893	0.331030	0.338978	0.325239	0.339593	0.334802	0.328161	0.340504	0.367216	0.331941	0.361241	0.336612	0.342250	0.316969	0.325275	0.326866	0.329706	0.322121	0.321440	0.324734	0.327949	0.333328	0.344097	0.346975	0.339487	0.327483	0.301168	0.294488	0.274487	0.307592	0.306767	0.308245	0.308099	0.301099	0.321305	0.315534	0.305293	0.337356	0.318271	0.335385	0.313475	0.327027	0.320038	0.311273	0.304269	0.309857	0.319303	0.324958	0.340326	0.359809	0.326618	0.333087	0.301382	0.325617	0.326991	
0.288038	0.284063	0.206679	0.189873	0.000000	0.352563	0.330983	0.351904	0.329191	0.288504	0.370320	0.339991	0.320684	0.332150	0.322410	0.301055	0.314676	0.355402	0.345289	0.362358	0.314940	0.332442	0.318241	0.318864	0.323362	0.326634	0.288061	0.277261	0.265147	0.318957	0.328546	0.350700	0.275146	0.281018	0.277507	0.348766	0.336565	0.335200	0.326089	0.323159	0.318291	0.322806	0.294977	0.309138	0.349970	0.322834	0.333951	0.349425	0.340167	0.345764	0.320807	0.309096	0.349270	0.325107	0.289236	0.296243	0.303303	0.305262	0.301100	0.322553	0.376430	0.365161	0.306424	0.304300	0.307827	0.313525	0.306247	0.323439	0.304436	0.336864	0.331545	0.326740	0.312273	0.343414	0.311245	0.318527	0.330071	0.337148	0.297013	0.313340	0.312274	0.294709	0.291405	0.291884	0.318770	0.326130	0.318948	0.365545	0.367402	0.370248	0.355204	0.304182	0.272551	0.273224	0.333805	0.333632	0.317976	0.317556	0.311065	0.319105	0.338142	0.325051	0.369673	0.352396	0.325426	0.304600	0.308306	0.310256	0.303552	0.296419	0.307831	0.308275	0.324431	0.318328	0.322199	0.282883	0.312041	0.300896	0.312865	0.322805	
0.230048	0.201167	0.370287	0.356679	0.352563	0.000000	0.123294	0.140119	0.140532	0.294015	0.299712	0.346295	0.330710	0.370253	0.347876	0.329141	0.351746	0.355449	0.367689	0.371036	0.357489	0.356356	0.354129	0.305220	0.261498	0.292929	0.360267	0.360876	0.328845	0.349733	0.333793	0.356533	0.337594	0.355961	0.337745	0.386561	0.373162	0.381049	0.341907	0.330939	0.337891	0.374942	0.372583	0.378205	0.352864	0.339704	0.341397	0.359159	0.356189	0.349947	0.328639	0.333226	0.361176	0.355954	0.339367	0.352303	0.335200	0.335442	0.335946	0.328342	0.344253	0.354580	0.357044	0.356302	0.337721	0.344374	0.361430	0.347303	0.350927	0.363717	0.352927	0.351955	0.346398	0.362367	0.381850	0.364504	0.394336	0.342076	0.330383	0.322177	0.333771	0.371413	0.337740	0.350498	0.345489	0.347487	0.345144	0.402458	0.385225	0.363147	0.360146	0.348722	0.319433	0.322127	0.365655	0.357443	0.347481	0.331471	0.344385	0.335676	0.370644	0.363415	0.348127	0.359340	0.328332	0.340856	0.331824	0.333615	0.312863	0.342675	0.346146	0.344042	0.327000	0.320501	0.363316	0.370008	0.350546	0.320005	0.330243	0.346944	
0.247104	0.273206	0.358500	0.347468	0.330983	0.123294	0.000000	0.089315	0.191242	0.280275	0.315123	0.346632	0.332706	0.366001	0.342856	0.309470	0.339253	0.357856	0.369046	0.369597	0.343455	0.333133	0.343168	0.352277	0.335570	0.286635	0.339076	0.339797	0.311141	0.347078	0.335514	0.363552	0.315742	0.330886	0.315942	0.365668	0.354846	0.362194	0.351179	0.337365	0.347316	0.364821	0.362830	0.368709	0.337689	0.331873	0.332124	0.345651	0.340785	0.332642	0.330223	0.312647	0.366735	0.336555	0.326528	0.347744	0.331869	0.333311	0.332442	0.316158	0.328669	0.346015	0.348197	0.345120	0.325963	0.333862	0.347217	0.349046	0.332962	0.356878	0.362275	0.353417	0.346467	0.367114	0.367881	0.357604	0.381102	0.335288	0.320963	0.315792	0.333624	0.363205	0.331410	0.337495	0.329454	0.333000	0.327909	0.388035	0.397723	0.351601	0.374706	0.330902	0.319370	0.315427	0.357977	0.348525	0.339398	0.337610	0.350297	0.333212	0.357600	0.354383	0.329134	0.336701	0.310857	0.330933	0.328254	0.322192	0.285515	0.319016	0.324665	0.332174	0.309818	0.317204	0.358257	0.359557	0.338804	0.297806	0.310395	0.334786	
0.284104	0.315533	0.372293	0.358756	0.351904	0.140119	0.089315	0.000000	0.267478	0.321108	0.327686	0.350306	0.354679	0.369088	0.350797	0.329533	0.347843	0.362850	0.371583	0.376142	0.362753	0.358095	0.343618	0.354582	0.341913	0.315172	0.356851	0.351230	0.322309	0.362898	0.349120	0.378195	0.322324	0.340085	0.322325	0.356223	0.359821	0.371312	0.373497	0.354695	0.370247	0.371248	0.369917	0.370479	0.342943	0.336879	0.341174	0.359761	0.344852	0.347473	0.347890	0.331145	0.374027	0.324356	0.341851	0.359317	0.339250	0.340039	0.339797	0.332773	0.321691	0.333916	0.347132	0.354755	0.342354	0.345621	0.343755	0.350231	0.332654	0.372024	0.377132	0.368427	0.354113	0.364511	0.369909	0.361915	0.391719	0.347200	0.325187	0.325139	0.346873	0.374323	0.345002	0.348613	0.337055	0.344614	0.346527	0.379065	0.385478	0.340903	0.381699	0.343800	0.328859	0.334343	0.355299	0.352965	0.332714	0.353124	0.371974	0.348574	0.371923	0.359409	0.332501	0.338942	0.303868	0.340275	0.340729	0.333456	0.310142	0.329937	0.335981	0.339311	0.313638	0.320939	0.356010	0.371300	0.340305	0.317296	0.320609	0.355507	
0.212694	0.156191	0.327043	0.319212	0.329191	0.140532	0.191242	0.267478	0.000000	0.281772	0.287151	0.331367	0.302971	0.362885	0.314036	0.301036	0.318331	0.325500	0.353684	0.361584	0.351680	0.343563	0.345390	0.295452	0.223273	0.278172	0.322051	0.314552	0.305339	0.317455	0.322776	0.330229	0.317612	0.316668	0.316861	0.376773	0.365612	0.369942	0.349891	0.331218	0.345209	0.357280	0.368673	0.374557	0.321540	0.318092	0.315610	0.345031	0.343473	0.337999	0.313603	0.320972	0.327213	0.334150	0.327810	0.329483	0.318547	0.311917	0.312679	0.343371	0.357499	0.351870	0.333192	0.342777	0.340682	0.344546	0.345737	0.330680	0.337037	0.351647	0.336246	0.338336	0.332866	0.347110	0.371556	0.356566	0.387269	0.335769	0.327715	0.308582	0.328819	0.362511	0.330272	0.344949	0.326068	0.338352	0.345915	0.384770	0.365090	0.355079	0.345034	0.314983	0.291165	0.292137	0.356783	0.351506	0.336027	0.307852	0.320163	0.309654	0.364134	0.346505	0.341222	0.338623	0.320253	0.346643	0.332026	0.336424	0.319859	0.347318	0.350354	0.342518	0.321191	0.318602	0.353025	0.351509	0.335419	0.312345	0.333116	0.346223	
0.249153	0.235665	0.275244	0.275383	0.288504	0.294015	0.280275	0.321108	0.281772	0.000000	0.271568	0.326149	0.314645	0.331648	0.334534	0.286292	0.320834	0.324009	0.319185	0.344545	0.310730	0.315950	0.313431	0.341037	0.326480	0.279458	0.308485	0.308832	0.254988	0.328202	0.336543	0.369541	0.293658	0.305358	0.292670	0.305379	0.291061	0.300286	0.330165	0.329167	0.317222	0.343019	0.340836	0.350285	0.339458	0.319442	0.342892	0.333402	0.328900	0.328270	0.320255	0.302582	0.359022	0.333807	0.301393	0.312597	0.297015	0.300205	0.298851	0.347255	0.369154	0.356607	0.322187	0.304779	0.297177	0.293633	0.285853	0.310041	0.276035	0.320839	0.309919	0.314996	0.319217	0.341237	0.300348	0.365126	0.358638	0.356291	0.301405	0.305982	0.324744	0.325787	0.293249	0.295172	0.306247	0.307474	0.302269	0.349306	0.372650	0.332355	0.341567	0.283991	0.286285	0.265580	0.310254	0.308632	0.328082	0.323154	0.311107	0.307959	0.322497	0.329779	0.330720	0.322182	0.328498	0.345004	0.326234	0.318923	0.312947	0.324503	0.342268	0.305170	0.313445	0.324086	0.319104	0.313622	0.310499	0.313479	0.313525	0.328443	
0.327043	0.336149	0.353808	0.338534	0.370320	0.299712	0.315123	0.327686	0.287151	0.271568	0.000000	0.351325	0.359300	0.385041	0.343566	0.303925	0.359309	0.337947	0.365292	0.368951	0.376731	0.352487	0.361607	0.369750	0.349702	0.366694	0.369334	0.365969	0.331112	0.358647	0.391243	0.373984	0.346224	0.354128	0.347123	0.375639	0.352980	0.368795	0.376834	0.354379	0.376592	0.385696	0.400607	0.380658	0.310716	0.337490	0.339140	0.360733	0.365725	0.343825	0.344331	0.344569	0.339974	0.395861	0.354734	0.363547	0.356720	0.358758	0.356626	0.365748	0.406041	0.388933	0.384038	0.376260	0.349929	0.347425	0.378384	0.374439	0.374325	0.386167	0.366784	0.368255	0.371128	0.379336	0.388258	0.383872	0.385742	0.348724	0.375232	0.375451	0.360356	0.381264	0.364161	0.362183	0.365592	0.366709	0.365211	0.366530	0.392357	0.337337	0.370577	0.343487	0.341929	0.329510	0.340753	0.330856	0.357818	0.334633	0.355830	0.340838	0.337243	0.366603	0.322573	0.325977	0.358922	0.397780	0.364719	0.364806	0.392298	0.374946	0.396450	0.336104	0.332994	0.341005	0.399447	0.381398	0.392476	0.365496	0.368964	0.385578	
0.323245	0.326127	0.345804	0.351353	0.339991	0.346295	0.346632	0.350306	0.331367	0.326149	0.351325	0.000000	0.191020	0.114350	0.251105	0.263255	0.314004	0.215105	0.246966	0.181244	0.328941	0.335654	0.315230	0.334212	0.329197	0.333878	0.316977	0.316977	0.289771	0.334847	0.328287	0.351928	0.305990	0.316225	0.307673	0.359388	0.346030	0.354214	0.320220	0.309686	0.326069	0.359138	0.337798	0.312780	0.352628	0.346508	0.351324	0.321326	0.317109	0.328153	0.327616	0.331095	0.343592	0.344142	0.236153	0.326485	0.317226	0.316240	0.315693	0.375054	0.396640	0.380887	0.328892	0.325207	0.319081	0.331576	0.325686	0.318580	0.321117	0.317972	0.311929	0.325690	0.348113	0.371925	0.305824	0.342313	0.365110	0.351807	0.321921	0.313565	0.299727	0.323086	0.303384	0.311492	0.307553	0.314438	0.329444	0.381175	0.370105	0.365194	0.346828	0.307814	0.306033	0.319029	0.334580	0.327001	0.353919	0.331948	0.334590	0.316402	0.381448	0.348831	0.364501	0.361841	0.345500	0.360892	0.318131	0.328903	0.338601	0.349530	0.367632	0.338690	0.335099	0.352058	0.352264	0.345396	0.335924	0.338054	0.339108	0.353924	
0.316202	0.311356	0.293651	0.300289	0.320684	0.330710	0.332706	0.354679	0.302971	0.314645	0.359300	0.191020	0.000000	0.259010	0.300302	0.264292	0.281104	0.204379	0.284342	0.212419	0.309973	0.325042	0.318758	0.314195	0.311894	0.323812	0.305856	0.305381	0.276457	0.329942	0.316238	0.324159	0.298816	0.300986	0.301178	0.369585	0.353683	0.361610	0.333830	0.329479	0.325472	0.341230	0.342040	0.343627	0.362717	0.330487	0.345763	0.323471	0.336067	0.322296	0.314869	0.313699	0.352456	0.328224	0.274057	0.312915	0.292522	0.296160	0.295970	0.344545	0.390571	0.382518	0.318074	0.309689	0.287691	0.303450	0.319399	0.313023	0.312627	0.318404	0.306523	0.310669	0.313986	0.339276	0.305984	0.368870	0.366412	0.351418	0.295620	0.299460	0.322094	0.347524	0.307194	0.318703	0.300174	0.312188	0.316281	0.378783	0.351268	0.364345	0.326274	0.302673	0.287964	0.300948	0.315727	0.309983	0.338714	0.303847	0.291378	0.309376	0.367915	0.325996	0.363942	0.355513	0.331759	0.335134	0.311989	0.325616	0.313256	0.327155	0.341791	0.314752	0.325996	0.326771	0.340400	0.337113	0.313945	0.316322	0.328156	0.320179	
0.341013	0.353132	0.329740	0.361399	0.332150	0.370253	0.366001	0.369088	0.362885	0.331648	0.385041	0.114350	0.259010	0.000000	0.290775	0.310729	0.288193	0.293632	0.141206	0.171914	0.289387	0.306368	0.313812	0.346280	0.349608	0.338776	0.331892	0.329845	0.298769	0.344199	0.353233	0.359735	0.307854	0.321537	0.309800	0.359040	0.351077	0.356647	0.341528	0.327592	0.345622	0.326166	0.288630	0.252559	0.367225	0.336111	0.344461	0.318259	0.316546	0.339956	0.343295	0.342912	0.341029	0.324533	0.254058	0.315878	0.335907	0.332613	0.336514	0.358986	0.390423	0.380963	0.326181	0.319508	0.318934	0.331281	0.296296	0.319487	0.319136	0.311468	0.306616	0.320627	0.336708	0.366994	0.327652	0.323394	0.374351	0.368093	0.344354	0.332413	0.310309	0.315581	0.279132	0.301986	0.328007	0.317052	0.331081	0.362835	0.366400	0.367629	0.342640	0.320574	0.307192	0.322154	0.367021	0.366540	0.359096	0.345790	0.347953	0.333379	0.389319	0.359346	0.358889	0.364502	0.344323	0.366457	0.330991	0.349118	0.335036	0.353453	0.369988	0.347158	0.337146	0.364470	0.354399	0.344817	0.346768	0.331655	0.336673	0.354077	
0.303081	0.324787	0.348205	0.343329	0.322410	0.347876	0.342856	0.350797	0.314036	0.334534	0.343566	0.251105	0.300302	0.290775	0.000000	0.141302	0.184645	0.341389	0.341596	0.328045	0.341652	0.348354	0.299358	0.319592	0.323158	0.325977	0.321588	0.318223	0.293337	0.343352	0.344538	0.355597	0.311724	0.320545	0.307960	0.371626	0.357063	0.365189	0.346569	0.338620	0.351772	0.333196	0.309356	0.329160	0.333325	0.348540	0.334402	0.329783	0.344912	0.326399	0.332884	0.333983	0.350199	0.346186	0.121002	0.334963	0.338248	0.338207	0.338942	0.363165	0.381344	0.368650	0.340474	0.334410	0.323574	0.330367	0.339766	0.332262	0.328655	0.344808	0.338445	0.336330	0.343060	0.364071	0.324962	0.321101	0.325862	0.313679	0.345393	0.327890	0.321466	0.337574	0.321481	0.327858	0.328877	0.337477	0.338680	0.371495	0.380141	0.366602	0.361397	0.325143	0.301608	0.304189	0.336319	0.317222	0.314398	0.347262	0.344819	0.330855	0.360329	0.340986	0.335783	0.328242	0.352966	0.371189	0.354838	0.356758	0.337081	0.353172	0.370722	0.339839	0.337231	0.359406	0.348310	0.326949	0.337189	0.343573	0.358141	0.364362	
0.285041	0.307103	0.325190	0.320000	0.301055	0.329141	0.309470	0.329533	0.301036	0.286292	0.303925	0.263255	0.264292	0.310729	0.141302	0.000000	0.205878	0.305885	0.324275	0.335893	0.308198	0.313416	0.309649	0.294526	0.298697	0.292733	0.310651	0.301581	0.254679	0.310403	0.318423	0.323439	0.286817	0.300689	0.287388	0.344941	0.327891	0.335143	0.334735	0.329422	0.341076	0.349089	0.349392	0.337452	0.314360	0.321355	0.326236	0.314899	0.336384	0.313591	0.316507	0.310769	0.341110	0.331800	0.175507	0.315760	0.309160	0.308907	0.309363	0.337000	0.371510	0.354710	0.314382	0.306242	0.282660	0.302060	0.313146	0.312578	0.302538	0.329519	0.315853	0.314103	0.321081	0.349733	0.320980	0.349536	0.364065	0.343884	0.319401	0.322671	0.316722	0.323583	0.307389	0.298030	0.299825	0.313047	0.310490	0.361348	0.365035	0.359338	0.341481	0.318188	0.283275	0.289943	0.329280	0.314891	0.317053	0.321441	0.319003	0.308048	0.352079	0.319484	0.368307	0.350887	0.326685	0.352068	0.328835	0.325234	0.308851	0.323084	0.346117	0.323051	0.318620	0.331566	0.327332	0.308914	0.317535	0.302247	0.320873	0.323856	
0.309392	0.330352	0.338285	0.335020	0.314676	0.351746	0.339253	0.347843	0.318331	0.320834	0.359309	0.314004	0.281104	0.288193	0.184645	0.205878	0.000000	0.341365	0.304719	0.352004	0.307972	0.326977	0.309304	0.334209	0.337067	0.321805	0.315156	0.309906	0.290614	0.322472	0.328340	0.342163	0.301435	0.309239	0.296394	0.374844	0.363004	0.369452	0.375680	0.354869	0.355343	0.308456	0.289775	0.310056	0.336956	0.314999	0.320739	0.313137	0.331079	0.325582	0.329890	0.322310	0.326922	0.344517	0.240375	0.301027	0.308430	0.304810	0.314021	0.345050	0.382992	0.372463	0.303842	0.299352	0.316925	0.317829	0.304179	0.321177	0.314708	0.328769	0.319960	0.325856	0.332444	0.351058	0.322313	0.301799	0.347007	0.332951	0.330691	0.327316	0.334930	0.335522	0.297944	0.307544	0.335669	0.331719	0.333597	0.388015	0.380745	0.371693	0.357035	0.320210	0.294059	0.298977	0.305339	0.296481	0.310501	0.331292	0.328365	0.316645	0.368811	0.346649	0.331909	0.323772	0.337994	0.359745	0.340969	0.345029	0.325093	0.343687	0.354109	0.334345	0.324502	0.346412	0.359075	0.335940	0.337525	0.327157	0.344832	0.355461	
0.328862	0.317511	0.315964	0.313465	0.355402	0.355449	0.357856	0.362850	0.325500	0.324009	0.337947	0.215105	0.204379	0.293632	0.341389	0.305885	0.341365	0.000000	0.212721	0.190081	0.348296	0.351215	0.351922	0.330104	0.326882	0.336878	0.342322	0.342088	0.306687	0.330623	0.342822	0.326140	0.314497	0.326949	0.318242	0.362781	0.352142	0.357930	0.338745	0.335474	0.343599	0.362906	0.382062	0.366209	0.349749	0.355795	0.373566	0.349434	0.355679	0.344667	0.338896	0.342562	0.347578	0.353016	0.346051	0.341458	0.317388	0.314838	0.316480	0.368654	0.409563	0.399525	0.344149	0.328209	0.327495	0.337879	0.344002	0.331722	0.335943	0.342927	0.330452	0.333145	0.349434	0.361948	0.351768	0.395805	0.378069	0.368064	0.309530	0.325153	0.354277	0.356503	0.337634	0.330047	0.310742	0.333088	0.343650	0.376079	0.362653	0.354976	0.328694	0.312684	0.323059	0.314051	0.331143	0.324330	0.360410	0.317968	0.316089	0.316611	0.363398	0.348309	0.359877	0.349225	0.358591	0.352923	0.330985	0.333574	0.349878	0.342784	0.359945	0.334314	0.353097	0.358412	0.369925	0.365847	0.351646	0.356379	0.358565	0.360479	
0.343252	0.342394	0.314775	0.328305	0.345289	0.367689	0.369046	0.371583	0.353684	0.319185	0.365292	0.246966	0.284342	0.141206	0.341596	0.324275	0.304719	0.212721	0.000000	0.252012	0.296248	0.313742	0.329544	0.331957	0.339684	0.332817	0.360071	0.358525	0.314114	0.356847	0.375756	0.353547	0.318657	0.339638	0.321955	0.359495	0.345983	0.353057	0.357084	0.344763	0.361906	0.325074	0.312282	0.274271	0.360297	0.345840	0.349522	0.334383	0.329121	0.352748	0.348681	0.353600	0.325046	0.333352	0.335670	0.327130	0.331999	0.326781	0.333253	0.357749	0.392795	0.378330	0.331663	0.321204	0.331131	0.343128	0.304122	0.326072	0.323565	0.315595	0.308870	0.322592	0.349225	0.375819	0.364429	0.337017	0.391363	0.385997	0.341513	0.331426	0.323423	0.323846	0.292538	0.307443	0.329925	0.330404	0.340406	0.348957	0.368592	0.347956	0.344706	0.314787	0.318900	0.310319	0.355209	0.354328	0.360123	0.336709	0.338022	0.327754	0.366599	0.356383	0.349316	0.346412	0.350508	0.362762	0.331137	0.343284	0.341495	0.350045	0.362522	0.340933	0.339627	0.359281	0.367547	0.358775	0.353096	0.340465	0.342160	0.358065	
0.358747	0.353159	0.350121	0.362297	0.362358	0.371036	0.369597	0.376142	0.361584	0.344545	0.368951	0.181244	0.212419	0.171914	0.328045	0.335893	0.352004	0.190081	0.252012	0.000000	0.318546	0.339319	0.341169	0.362318	0.359900	0.361682	0.345175	0.342321	0.314631	0.365778	0.364566	0.386429	0.327448	0.342619	0.328853	0.386090	0.377408	0.382551	0.341289	0.344090	0.346165	0.347079	0.359941	0.350034	0.379309	0.353578	0.374158	0.325943	0.347563	0.320006	0.345055	0.344517	0.360248	0.327927	0.282683	0.354773	0.328762	0.324733	0.330009	0.359810	0.405314	0.389028	0.351142	0.339293	0.293216	0.308589	0.345805	0.335409	0.337361	0.344948	0.335246	0.339665	0.341269	0.354416	0.333352	0.411289	0.370861	0.360822	0.324234	0.331177	0.338483	0.382298	0.347831	0.354448	0.332894	0.327579	0.317670	0.369752	0.363638	0.367005	0.328210	0.345412	0.327979	0.341226	0.347439	0.344850	0.359837	0.333488	0.333276	0.331315	0.367311	0.367518	0.384852	0.376772	0.360326	0.358979	0.335113	0.354401	0.348785	0.349683	0.369173	0.318252	0.353612	0.340950	0.378069	0.374347	0.356882	0.350597	0.333309	0.336561	
0.309733	0.321608	0.307449	0.313090	0.314940	0.357489	0.343455	0.362753	0.351680	0.310730	0.376731	0.328941	0.309973	0.289387	0.341652	0.308198	0.307972	0.348296	0.296248	0.318546	0.000000	0.100502	0.182339	0.326885	0.334277	0.315326	0.328901	0.324398	0.288857	0.350349	0.327353	0.349759	0.305166	0.325459	0.304526	0.334217	0.325076	0.321982	0.332450	0.338891	0.337152	0.315540	0.302836	0.290859	0.321158	0.297984	0.308363	0.335725	0.319789	0.326095	0.316763	0.309159	0.339931	0.300763	0.301507	0.334068	0.300685	0.293306	0.298153	0.356597	0.351847	0.337142	0.307751	0.294321	0.288266	0.299954	0.297805	0.302803	0.294810	0.323123	0.304309	0.301926	0.327333	0.348805	0.320127	0.350538	0.360117	0.349246	0.318356	0.324952	0.319356	0.298598	0.281815	0.296039	0.317505	0.294934	0.305684	0.369335	0.378569	0.365572	0.348061	0.305960	0.284287	0.285905	0.337152	0.328734	0.336675	0.331681	0.329230	0.312427	0.366061	0.343624	0.362271	0.351138	0.329436	0.329616	0.346207	0.346889	0.294760	0.323941	0.335347	0.301417	0.292233	0.328180	0.351298	0.341620	0.337361	0.276876	0.284855	0.290499	
0.304395	0.314332	0.324370	0.332118	0.332442	0.356356	0.333133	0.358095	0.343563	0.315950	0.352487	0.335654	0.325042	0.306368	0.348354	0.313416	0.326977	0.351215	0.313742	0.339319	0.100502	0.000000	0.242424	0.341112	0.337455	0.319379	0.332891	0.329080	0.299980	0.324936	0.331188	0.341280	0.299662	0.322838	0.300243	0.319567	0.315290	0.312891	0.330815	0.333931	0.350080	0.328626	0.325811	0.295736	0.318693	0.314054	0.323498	0.355563	0.339989	0.349835	0.335275	0.328069	0.349552	0.321833	0.319729	0.346031	0.330734	0.323274	0.328029	0.360956	0.358299	0.353636	0.326143	0.316460	0.309475	0.320372	0.321368	0.320738	0.315226	0.340164	0.324581	0.314487	0.337579	0.365539	0.337554	0.355411	0.371834	0.358890	0.335392	0.339545	0.332694	0.306293	0.299600	0.305657	0.316247	0.316490	0.331899	0.352281	0.382922	0.355828	0.356091	0.301247	0.296063	0.293393	0.342402	0.327636	0.343281	0.341102	0.341048	0.320527	0.355470	0.356336	0.350207	0.346694	0.332962	0.341666	0.347391	0.345020	0.305044	0.337728	0.348320	0.329032	0.322458	0.344957	0.357333	0.349926	0.346906	0.297379	0.313825	0.319399	
0.285879	0.324671	0.325678	0.318003	0.318241	0.354129	0.343168	0.343618	0.345390	0.313431	0.361607	0.315230	0.318758	0.313812	0.299358	0.309649	0.309304	0.351922	0.329544	0.341169	0.182339	0.242424	0.000000	0.319173	0.324440	0.321366	0.328121	0.320386	0.278995	0.357560	0.341718	0.354479	0.309292	0.333675	0.305917	0.351367	0.332257	0.344232	0.358051	0.353944	0.348029	0.320070	0.307760	0.317447	0.344467	0.331996	0.342224	0.342721	0.334957	0.336229	0.315745	0.315679	0.334434	0.340647	0.287090	0.325560	0.316527	0.311318	0.313521	0.369810	0.379487	0.359958	0.319885	0.310192	0.302493	0.310343	0.310267	0.307457	0.303786	0.328626	0.301797	0.300870	0.321843	0.338126	0.312895	0.340405	0.316397	0.324956	0.328946	0.328070	0.294934	0.322780	0.295348	0.306921	0.299087	0.287115	0.306099	0.347509	0.366813	0.328030	0.357997	0.313491	0.277413	0.277999	0.307900	0.304693	0.305621	0.341542	0.327456	0.326334	0.346600	0.320345	0.309519	0.302638	0.307754	0.314098	0.317144	0.319841	0.313527	0.303151	0.318812	0.302033	0.296256	0.330411	0.348873	0.335525	0.331329	0.296334	0.297432	0.308350	
0.297941	0.274290	0.337859	0.313254	0.318864	0.305220	0.352277	0.354582	0.295452	0.341037	0.369750	0.334212	0.314195	0.346280	0.319592	0.294526	0.334209	0.330104	0.331957	0.362318	0.326885	0.341112	0.319173	0.000000	0.104952	0.137626	0.351378	0.340757	0.297747	0.335830	0.345908	0.320862	0.323999	0.345988	0.323121	0.367085	0.362214	0.364614	0.359661	0.353796	0.355414	0.365767	0.362321	0.363038	0.349571	0.352441	0.331414	0.366106	0.367359	0.355647	0.341932	0.345600	0.351173	0.354041	0.327023	0.334592	0.318131	0.315626	0.317803	0.361553	0.381915	0.382268	0.343614	0.321887	0.337168	0.336193	0.333859	0.326968	0.327427	0.345330	0.337162	0.328740	0.337231	0.358660	0.356664	0.375330	0.361769	0.351061	0.324092	0.318785	0.318344	0.313822	0.327505	0.326846	0.312116	0.343654	0.357729	0.343572	0.326931	0.339649	0.328787	0.345463	0.304202	0.300505	0.356449	0.355209	0.319263	0.343002	0.324372	0.349021	0.375591	0.320444	0.350801	0.350960	0.308685	0.322271	0.330618	0.335267	0.317715	0.316086	0.317108	0.345724	0.340050	0.344298	0.352477	0.342045	0.335950	0.298397	0.335644	0.325503	
0.282491	0.210750	0.335500	0.328046	0.323362	0.261498	0.335570	0.341913	0.223273	0.326480	0.349702	0.329197	0.311894	0.349608	0.323158	0.298697	0.337067	0.326882	0.339684	0.359900	0.334277	0.337455	0.324440	0.104952	0.000000	0.178413	0.338403	0.327399	0.295680	0.313431	0.338606	0.310816	0.315073	0.336073	0.313819	0.360313	0.355768	0.355154	0.353876	0.345567	0.350276	0.357075	0.369021	0.368217	0.342943	0.344637	0.328151	0.365485	0.365638	0.357922	0.333125	0.341277	0.335557	0.345188	0.327807	0.330115	0.311100	0.310527	0.313115	0.362346	0.380114	0.381376	0.335114	0.335191	0.339271	0.338561	0.338923	0.331149	0.332169	0.348932	0.339478	0.336329	0.343052	0.362719	0.357349	0.379187	0.370676	0.364046	0.330662	0.326846	0.321693	0.321894	0.330977	0.336795	0.302520	0.336847	0.349790	0.340342	0.319661	0.342936	0.326826	0.320590	0.290219	0.299281	0.348005	0.354837	0.328620	0.338376	0.322688	0.338810	0.371216	0.316677	0.343936	0.344491	0.297292	0.337550	0.336114	0.344588	0.310508	0.314878	0.328978	0.344243	0.339335	0.342682	0.353516	0.337187	0.334876	0.288693	0.324786	0.313020	
0.243897	0.246042	0.328517	0.321371	0.326634	0.292929	0.286635	0.315172	0.278172	0.279458	0.366694	0.333878	0.323812	0.338776	0.325977	0.292733	0.321805	0.336878	0.332817	0.361682	0.315326	0.319379	0.321366	0.137626	0.178413	0.000000	0.317080	0.315036	0.284072	0.320174	0.332554	0.332421	0.305992	0.320943	0.304280	0.339608	0.335580	0.342789	0.368783	0.362298	0.364888	0.348232	0.355674	0.355624	0.327018	0.333538	0.340496	0.354746	0.357853	0.345316	0.344744	0.332461	0.357008	0.337977	0.328001	0.319776	0.317325	0.318398	0.321161	0.344942	0.371375	0.372678	0.322470	0.307229	0.320951	0.321094	0.316834	0.333011	0.311353	0.346838	0.352707	0.337158	0.325381	0.337334	0.344550	0.368816	0.352632	0.347909	0.326102	0.333012	0.341331	0.341942	0.315406	0.311412	0.304566	0.326966	0.335660	0.356545	0.348103	0.353053	0.332185	0.319180	0.296067	0.300283	0.336550	0.344606	0.306934	0.342149	0.322067	0.338289	0.363205	0.326556	0.335986	0.329946	0.308426	0.335071	0.338061	0.337516	0.304386	0.319855	0.319165	0.340546	0.330137	0.338677	0.337356	0.329569	0.317947	0.313452	0.321410	0.340166	
0.309760	0.317641	0.299461	0.296065	0.288061	0.360267	0.339076	0.356851	0.322051	0.308485	0.369334	0.316977	0.305856	0.331892	0.321588	0.310651	0.315156	0.342322	0.360071	0.345175	0.328901	0.332891	0.328121	0.351378	0.338403	0.317080	0.000000	0.068979	0.266539	0.306685	0.312485	0.329899	0.254962	0.149230	0.256512	0.357822	0.343711	0.358136	0.342589	0.335265	0.334443	0.337999	0.343840	0.345543	0.351080	0.345283	0.358045	0.333605	0.353380	0.343419	0.339485	0.326502	0.352906	0.347884	0.299687	0.313446	0.299084	0.314856	0.311483	0.335544	0.372989	0.372131	0.323455	0.311020	0.306115	0.311396	0.322378	0.322516	0.309420	0.338346	0.331790	0.328519	0.315262	0.348893	0.316220	0.368276	0.362978	0.361521	0.316051	0.320478	0.336880	0.345765	0.309594	0.318815	0.302995	0.314817	0.329219	0.380018	0.323738	0.390825	0.306202	0.297551	0.261668	0.261300	0.320402	0.321155	0.316807	0.287906	0.284385	0.301148	0.343343	0.308531	0.357943	0.341019	0.326675	0.330687	0.328038	0.318718	0.306917	0.331380	0.335249	0.328651	0.328979	0.348743	0.351585	0.292400	0.336264	0.318680	0.333945	0.341706	
0.312495	0.311318	0.308754	0.283610	0.277261	0.360876	0.339797	0.351230	0.314552	0.308832	0.365969	0.316977	0.305381	0.329845	0.318223	0.301581	0.309906	0.342088	0.358525	0.342321	0.324398	0.329080	0.320386	0.340757	0.327399	0.315036	0.068979	0.000000	0.228574	0.311720	0.306137	0.330284	0.221652	0.165346	0.222994	0.352608	0.342116	0.348326	0.355609	0.344883	0.345170	0.349265	0.354926	0.346417	0.347786	0.328309	0.347932	0.335966	0.342337	0.344833	0.331538	0.322289	0.343350	0.337277	0.290508	0.305539	0.298683	0.305065	0.300444	0.347642	0.378961	0.378809	0.304212	0.310020	0.299250	0.311752	0.307937	0.315758	0.301621	0.326836	0.320405	0.317601	0.316750	0.350753	0.304662	0.380643	0.374609	0.372133	0.313810	0.310144	0.331784	0.343443	0.303660	0.315993	0.303060	0.303188	0.320162	0.372506	0.314082	0.381906	0.305084	0.297014	0.268390	0.277207	0.328224	0.328320	0.322351	0.289004	0.280728	0.303867	0.342883	0.308760	0.364846	0.346618	0.322128	0.321881	0.325031	0.330241	0.304532	0.317839	0.321108	0.318897	0.319255	0.341219	0.342165	0.311487	0.324798	0.309472	0.324261	0.332499	
0.282569	0.288414	0.293926	0.275590	0.265147	0.328845	0.311141	0.322309	0.305339	0.254988	0.331112	0.289771	0.276457	0.298769	0.293337	0.254679	0.290614	0.306687	0.314114	0.314631	0.288857	0.299980	0.278995	0.297747	0.295680	0.284072	0.266539	0.228574	0.000000	0.301958	0.302532	0.319978	0.203296	0.275994	0.202768	0.318598	0.305185	0.307444	0.331278	0.317257	0.319961	0.318380	0.317343	0.308826	0.321080	0.292836	0.318745	0.317281	0.314086	0.314712	0.298740	0.283934	0.331055	0.304656	0.258530	0.278281	0.278016	0.277589	0.277277	0.322929	0.359699	0.345676	0.273012	0.275773	0.266302	0.277950	0.275908	0.276922	0.263683	0.300476	0.293149	0.277842	0.294840	0.323041	0.286063	0.344700	0.336016	0.338151	0.272682	0.285705	0.303485	0.308639	0.268453	0.277133	0.273521	0.275272	0.287374	0.351992	0.343028	0.335273	0.316177	0.274321	0.242227	0.249799	0.304691	0.302156	0.296841	0.301833	0.286957	0.291345	0.318696	0.285144	0.326449	0.314484	0.284062	0.298442	0.292967	0.293385	0.271221	0.283112	0.301710	0.281262	0.284265	0.290032	0.298345	0.287469	0.281637	0.275096	0.281326	0.292383	
0.258951	0.275102	0.329308	0.345608	0.318957	0.349733	0.347078	0.362898	0.317455	0.328202	0.358647	0.334847	0.329942	0.344199	0.343352	0.310403	0.322472	0.330623	0.356847	0.365778	0.350349	0.324936	0.357560	0.335830	0.313431	0.320174	0.306685	0.311720	0.301958	0.000000	0.220894	0.173482	0.289560	0.289786	0.289841	0.345672	0.345175	0.342392	0.357235	0.365543	0.358733	0.351251	0.359259	0.340671	0.361803	0.367960	0.357039	0.361954	0.379255	0.367978	0.369686	0.363200	0.375371	0.365311	0.347570	0.336801	0.332700	0.337286	0.340772	0.358672	0.392039	0.377324	0.337835	0.338249	0.352512	0.349161	0.342386	0.341207	0.330406	0.367055	0.359420	0.354709	0.334909	0.374893	0.348623	0.380226	0.393058	0.385230	0.336618	0.351037	0.347716	0.344916	0.334405	0.333837	0.316422	0.339624	0.342059	0.348879	0.371783	0.346523	0.342457	0.315400	0.303092	0.319111	0.336391	0.333342	0.348276	0.354423	0.348082	0.341059	0.328202	0.331857	0.360310	0.361658	0.339657	0.378816	0.357483	0.354442	0.342538	0.355805	0.375992	0.335564	0.356442	0.349001	0.353008	0.336117	0.366409	0.339501	0.344054	0.351565	
0.325662	0.310643	0.341049	0.335055	0.328546	0.333793	0.335514	0.349120	0.322776	0.336543	0.391243	0.328287	0.316238	0.353233	0.344538	0.318423	0.328340	0.342822	0.375756	0.364566	0.327353	0.331188	0.341718	0.345908	0.338606	0.332554	0.312485	0.306137	0.302532	0.220894	0.000000	0.207590	0.318208	0.310062	0.318005	0.371786	0.374794	0.366375	0.349981	0.351410	0.350901	0.376159	0.375201	0.350132	0.381487	0.358730	0.354353	0.357741	0.366770	0.377488	0.373151	0.366444	0.385725	0.357339	0.330163	0.341083	0.335254	0.328783	0.332789	0.375171	0.387102	0.382826	0.323958	0.308658	0.333861	0.352036	0.342067	0.350258	0.335608	0.363553	0.357637	0.361747	0.327992	0.352837	0.353337	0.397568	0.370342	0.365178	0.316967	0.330637	0.345543	0.348252	0.337893	0.341304	0.326574	0.331923	0.342559	0.395329	0.376871	0.385622	0.345161	0.335776	0.309022	0.317337	0.347413	0.334706	0.331264	0.343504	0.341763	0.329007	0.383606	0.349014	0.385473	0.375983	0.344893	0.343378	0.350108	0.335518	0.323809	0.346906	0.343060	0.349845	0.350196	0.354865	0.359907	0.351547	0.356519	0.315663	0.318290	0.328820	
0.319147	0.314647	0.346599	0.346854	0.350700	0.356533	0.363552	0.378195	0.330229	0.369541	0.373984	0.351928	0.324159	0.359735	0.355597	0.323439	0.342163	0.326140	0.353547	0.386429	0.349759	0.341280	0.354479	0.320862	0.310816	0.332421	0.329899	0.330284	0.319978	0.173482	0.207590	0.000000	0.315093	0.315081	0.316295	0.394096	0.382484	0.390056	0.382789	0.366030	0.382636	0.375319	0.384999	0.370331	0.366276	0.361709	0.348633	0.360015	0.382914	0.368261	0.371299	0.372740	0.374089	0.382067	0.358949	0.349439	0.346872	0.349072	0.352566	0.382710	0.414998	0.401622	0.342309	0.313829	0.360668	0.359551	0.353682	0.349574	0.349920	0.368369	0.354104	0.360840	0.353306	0.375041	0.387891	0.411883	0.396797	0.391750	0.351498	0.363522	0.365180	0.343491	0.343362	0.348010	0.329818	0.351235	0.366686	0.379201	0.346619	0.380201	0.338392	0.324882	0.322890	0.340251	0.365615	0.361138	0.339371	0.356206	0.348275	0.350793	0.370579	0.328489	0.380452	0.381365	0.350384	0.362442	0.371044	0.367878	0.367995	0.353532	0.354371	0.366752	0.374986	0.385396	0.389572	0.371427	0.386248	0.343013	0.377249	0.350668	
0.296214	0.296813	0.311311	0.294780	0.275146	0.337594	0.315742	0.322324	0.317612	0.293658	0.346224	0.305990	0.298816	0.307854	0.311724	0.286817	0.301435	0.314497	0.318657	0.327448	0.305166	0.299662	0.309292	0.323999	0.315073	0.305992	0.254962	0.221652	0.203296	0.289560	0.318208	0.315093	0.000000	0.117801	0.013781	0.322469	0.305546	0.308865	0.332590	0.317367	0.324620	0.332349	0.339080	0.339248	0.332398	0.302708	0.340272	0.332698	0.321385	0.318095	0.320242	0.306146	0.343458	0.328189	0.283997	0.295579	0.284235	0.285828	0.283542	0.329507	0.369720	0.354210	0.290177	0.294634	0.278536	0.295329	0.289336	0.296323	0.286994	0.314562	0.308206	0.300341	0.316015	0.335225	0.293535	0.361635	0.372473	0.361549	0.299382	0.311625	0.330309	0.332633	0.288340	0.300035	0.290702	0.295058	0.308411	0.365749	0.362694	0.349098	0.332809	0.277125	0.268077	0.276070	0.310919	0.317859	0.308835	0.310550	0.304911	0.303929	0.321814	0.298815	0.331133	0.317820	0.301959	0.325421	0.313714	0.316094	0.300175	0.304734	0.319074	0.297309	0.294790	0.309088	0.310618	0.312031	0.296743	0.307752	0.310122	0.328428	
0.304694	0.313176	0.295914	0.299216	0.281018	0.355961	0.330886	0.340085	0.316668	0.305358	0.354128	0.316225	0.300986	0.321537	0.320545	0.300689	0.309239	0.326949	0.339638	0.342619	0.325459	0.322838	0.333675	0.345988	0.336073	0.320943	0.149230	0.165346	0.275994	0.289786	0.310062	0.315081	0.117801	0.000000	0.122558	0.331070	0.319115	0.334209	0.338730	0.323016	0.330433	0.349618	0.354727	0.350628	0.340755	0.326334	0.352420	0.346430	0.345689	0.342650	0.344763	0.327340	0.363278	0.347697	0.301109	0.311601	0.289276	0.304870	0.301834	0.335607	0.360687	0.361333	0.316204	0.310444	0.304864	0.313782	0.311062	0.313718	0.302267	0.339732	0.333671	0.332431	0.326200	0.352319	0.316332	0.382953	0.393432	0.381663	0.307244	0.313673	0.344833	0.339827	0.307952	0.315987	0.308479	0.321646	0.326354	0.365873	0.360643	0.372024	0.342822	0.280795	0.267059	0.286660	0.312960	0.320297	0.316563	0.324540	0.321972	0.314033	0.324401	0.309696	0.353193	0.331521	0.324003	0.333603	0.328469	0.317686	0.313951	0.327934	0.334872	0.325512	0.324862	0.337849	0.340278	0.325040	0.329578	0.323009	0.332439	0.348514	
0.295463	0.295339	0.312973	0.296943	0.277507	0.337745	0.315942	0.322325	0.316861	0.292670	0.347123	0.307673	0.301178	0.309800	0.307960	0.287388	0.296394	0.318242	0.321955	0.328853	0.304526	0.300243	0.305917	0.323121	0.313819	0.304280	0.256512	0.222994	0.202768	0.289841	0.318005	0.316295	0.013781	0.122558	0.000000	0.322045	0.308160	0.309318	0.333466	0.321239	0.326357	0.328886	0.335352	0.339787	0.333847	0.304476	0.339050	0.333564	0.320901	0.319226	0.323194	0.308802	0.344030	0.328584	0.282790	0.296936	0.285099	0.286805	0.284872	0.331305	0.367959	0.354017	0.289879	0.295396	0.279122	0.296967	0.290103	0.296103	0.287358	0.315714	0.310158	0.302211	0.318441	0.335849	0.292349	0.358812	0.368655	0.358691	0.299946	0.311461	0.331998	0.330907	0.291733	0.302132	0.291576	0.297514	0.310834	0.366561	0.364724	0.347680	0.334665	0.278523	0.268956	0.276170	0.310760	0.316083	0.306775	0.312759	0.307757	0.306511	0.324522	0.299447	0.329157	0.315891	0.301822	0.325737	0.315426	0.316950	0.301010	0.305779	0.320325	0.298923	0.297352	0.312338	0.311726	0.313675	0.297611	0.306766	0.308675	0.327884	
0.343739	0.345283	0.335523	0.357559	0.348766	0.386561	0.365668	0.356223	0.376773	0.305379	0.375639	0.359388	0.369585	0.359040	0.371626	0.344941	0.374844	0.362781	0.359495	0.386090	0.334217	0.319567	0.351367	0.367085	0.360313	0.339608	0.357822	0.352608	0.318598	0.345672	0.371786	0.394096	0.322469	0.331070	0.322045	0.000000	0.054539	0.064680	0.362375	0.368557	0.360657	0.371895	0.378144	0.380064	0.333125	0.331172	0.367465	0.370403	0.365261	0.380427	0.349539	0.339937	0.370337	0.297416	0.348127	0.318392	0.351811	0.348799	0.347992	0.369399	0.294704	0.299405	0.335982	0.356529	0.347348	0.355869	0.327608	0.340435	0.327238	0.360274	0.366757	0.351182	0.325965	0.327162	0.318540	0.373842	0.365191	0.373329	0.349647	0.345594	0.380741	0.335236	0.349506	0.336349	0.334759	0.340735	0.338317	0.356474	0.393669	0.344716	0.380814	0.320781	0.326646	0.308140	0.318267	0.334093	0.351513	0.381844	0.362912	0.366007	0.357411	0.361471	0.362745	0.351288	0.347610	0.371306	0.377367	0.371212	0.343091	0.360140	0.369792	0.333886	0.344261	0.341842	0.239632	0.261147	0.310429	0.344416	0.330593	0.357531	
0.326970	0.330802	0.329906	0.345081	0.336565	0.373162	0.354846	0.359821	0.365612	0.291061	0.352980	0.346030	0.353683	0.351077	0.357063	0.327891	0.363004	0.352142	0.345983	0.377408	0.325076	0.315290	0.332257	0.362214	0.355768	0.335580	0.343711	0.342116	0.305185	0.345175	0.374794	0.382484	0.305546	0.319115	0.308160	0.054539	0.000000	0.051949	0.349061	0.339418	0.346617	0.354186	0.363113	0.367839	0.313434	0.310450	0.364198	0.351307	0.342309	0.355493	0.330927	0.322177	0.352700	0.318103	0.328646	0.294521	0.331539	0.332713	0.329694	0.357206	0.321765	0.316444	0.323349	0.339373	0.325392	0.331067	0.310623	0.319468	0.311872	0.338802	0.345688	0.331253	0.319875	0.312608	0.300752	0.361930	0.352290	0.360407	0.334481	0.330737	0.366639	0.331991	0.327625	0.316291	0.321575	0.325805	0.321299	0.351967	0.391789	0.338481	0.374385	0.301836	0.308188	0.290208	0.299912	0.317668	0.338793	0.358001	0.347000	0.345281	0.329919	0.347813	0.353432	0.340358	0.343969	0.356879	0.361885	0.358020	0.337622	0.342582	0.355263	0.318193	0.328772	0.325908	0.233806	0.259253	0.287240	0.341000	0.326701	0.351475	
