0.000000	0.167408	0.196743	0.258455	0.199450	0.280642	0.222835	0.217845	0.305327	0.263480	0.248526	0.337478	0.311385	0.344817	0.334428	0.340292	0.360608	0.317365	0.352969	0.312765	0.314032	0.335058	0.295016	0.196509	0.343203	0.273478	0.312073	0.322923	0.320173	0.340524	0.351208	0.325457	0.305742	0.336765	0.303238	0.334437	0.294301	0.329827	0.331753	0.337468	0.340065	0.336745	0.307598	0.322431	0.301632	0.323260	0.347160	0.350676	0.338122	0.346762	0.310128	0.331848	0.330343	0.337122	0.318863	0.306955	0.357657	0.345334	0.345268	0.306914	0.312294	0.341673	0.314296	0.340018	0.333919	0.345419	0.358499	0.342332	0.354960	0.340682	0.340214	0.363513	0.342277	0.311529	0.339699	0.321489	0.335285	0.349129	0.327880	0.356283	0.345847	0.329323	0.314558	0.323513	0.331271	0.337150	0.346018	0.347642	0.325213	0.314094	0.350509	0.276620	0.338919	0.323547	0.353852	0.327253	0.326174	0.344115	0.350785	0.366990	0.309240	0.313391	0.322068	0.339237	0.320694	0.332145	0.331124	0.331927	0.330056	0.295449	0.306776	0.324793	0.311011	0.322933	0.315460	0.294511	0.314368	0.323459	0.355745	0.350896	
0.167408	0.000000	0.203961	0.260923	0.212979	0.271631	0.248600	0.240764	0.272228	0.268817	0.227721	0.314711	0.299531	0.327186	0.295506	0.323195	0.341562	0.290180	0.342049	0.303757	0.309869	0.354931	0.319631	0.238368	0.321447	0.278953	0.284454	0.310710	0.293217	0.316466	0.323384	0.294228	0.297800	0.338350	0.293822	0.330564	0.290710	0.312535	0.323144	0.327321	0.303765	0.331995	0.289016	0.318576	0.283149	0.306172	0.319652	0.333415	0.321583	0.327919	0.316172	0.320327	0.339000	0.310977	0.284699	0.290421	0.351533	0.342434	0.344418	0.294387	0.308903	0.324669	0.303618	0.325003	0.332795	0.340869	0.340493	0.331095	0.353088	0.330661	0.321649	0.341183	0.310990	0.284829	0.321803	0.311867	0.324221	0.338886	0.306389	0.325450	0.320888	0.313736	0.298642	0.318717	0.315633	0.315571	0.312762	0.307681	0.299039	0.294783	0.311315	0.265338	0.320414	0.302153	0.343234	0.307569	0.312687	0.315702	0.310346	0.326451	0.290882	0.290029	0.297096	0.313930	0.295726	0.308509	0.311313	0.308225	0.303477	0.287851	0.284363	0.316469	0.293542	0.311265	0.298972	0.285358	0.299135	0.302739	0.330418	0.330425	
0.196743	0.203961	0.000000	0.143178	0.026970	0.312723	0.289561	0.239610	0.267385	0.174519	0.159221	0.303425	0.261512	0.322986	0.295042	0.314071	0.337236	0.263436	0.328379	0.271569	0.308748	0.333791	0.309580	0.260743	0.299975	0.236783	0.275004	0.300088	0.262170	0.282558	0.277091	0.304506	0.274833	0.313998	0.273886	0.298873	0.311753	0.292699	0.313226	0.319332	0.294129	0.304325	0.267954	0.298799	0.323680	0.348043	0.314203	0.315424	0.294760	0.313466	0.284253	0.305276	0.328490	0.281654	0.284176	0.259703	0.352273	0.340718	0.339764	0.317304	0.333798	0.306568	0.323850	0.296965	0.318113	0.326230	0.324651	0.315720	0.334473	0.299969	0.293343	0.325645	0.305049	0.257034	0.305753	0.297548	0.312195	0.328893	0.304552	0.318412	0.318197	0.292147	0.274589	0.300579	0.276789	0.298134	0.311351	0.321116	0.278007	0.276738	0.321247	0.223063	0.295952	0.297549	0.310406	0.298964	0.269305	0.301271	0.311687	0.321737	0.273734	0.269961	0.287219	0.297610	0.281393	0.300421	0.295320	0.297721	0.279935	0.254175	0.258491	0.296960	0.277750	0.292984	0.297464	0.310714	0.297040	0.263197	0.314771	0.296231	
0.258455	0.260923	0.143178	0.000000	0.144144	0.328057	0.308810	0.262851	0.293235	0.285058	0.252329	0.289044	0.288228	0.286755	0.317117	0.328852	0.350615	0.295911	0.296626	0.300308	0.314779	0.336476	0.342511	0.315701	0.337378	0.301973	0.317636	0.250535	0.301754	0.302081	0.299480	0.325093	0.218601	0.264146	0.223217	0.328295	0.341097	0.328920	0.306454	0.312605	0.330111	0.322709	0.298608	0.326310	0.356947	0.385139	0.342238	0.337550	0.326391	0.335418	0.310314	0.323251	0.296889	0.315543	0.305099	0.292003	0.318866	0.311111	0.303611	0.347313	0.368120	0.328467	0.356535	0.334225	0.286423	0.292408	0.339799	0.341114	0.330598	0.329089	0.319810	0.285078	0.333276	0.288469	0.328332	0.309042	0.348372	0.356032	0.304780	0.341943	0.348235	0.316807	0.300273	0.324839	0.311374	0.324727	0.341922	0.364171	0.317284	0.311704	0.361651	0.276528	0.330207	0.311809	0.294388	0.295638	0.273124	0.336350	0.355172	0.364601	0.312050	0.306294	0.322922	0.334356	0.318496	0.328321	0.323513	0.318365	0.318681	0.287402	0.296475	0.326801	0.313276	0.326019	0.315416	0.339711	0.314208	0.295365	0.356418	0.334637	
0.199450	0.212979	0.026970	0.144144	0.000000	0.300348	0.282687	0.225834	0.255806	0.176504	0.162260	0.297597	0.256608	0.315155	0.291379	0.309924	0.332233	0.262571	0.322853	0.270029	0.307229	0.333875	0.309501	0.254212	0.297126	0.230163	0.273449	0.294500	0.258539	0.279956	0.271826	0.298516	0.268612	0.310350	0.268768	0.294660	0.307339	0.286896	0.307273	0.313102	0.289322	0.304681	0.264390	0.295750	0.316359	0.341073	0.310974	0.310177	0.290953	0.309680	0.280693	0.299430	0.324426	0.279486	0.278529	0.256917	0.347091	0.336896	0.335766	0.309960	0.326486	0.303119	0.317277	0.293887	0.311673	0.320506	0.328241	0.309473	0.328072	0.294481	0.288015	0.326919	0.308732	0.261742	0.309211	0.294336	0.310262	0.327062	0.301245	0.314409	0.313555	0.287828	0.269818	0.297665	0.272774	0.294164	0.310325	0.314941	0.273101	0.270433	0.312333	0.217772	0.291783	0.294566	0.303168	0.293882	0.263515	0.300392	0.307636	0.320877	0.267381	0.262395	0.281504	0.294039	0.276130	0.299728	0.290745	0.293835	0.275618	0.252516	0.256860	0.291277	0.275701	0.291308	0.293028	0.301973	0.293005	0.260367	0.307951	0.292410	
0.280642	0.271631	0.312723	0.328057	0.300348	0.000000	0.169875	0.145471	0.173858	0.327922	0.329356	0.335858	0.321757	0.340696	0.311653	0.310303	0.329274	0.305527	0.336920	0.298942	0.316142	0.341931	0.339435	0.232551	0.257444	0.261081	0.317407	0.314053	0.330602	0.347260	0.356436	0.311670	0.311705	0.340243	0.308317	0.351419	0.306490	0.332397	0.321813	0.334600	0.327351	0.345330	0.308305	0.328810	0.294671	0.311595	0.334922	0.358138	0.346981	0.353781	0.335165	0.343382	0.338676	0.329684	0.292385	0.319390	0.349060	0.328048	0.339137	0.303099	0.317189	0.326412	0.300621	0.324293	0.340961	0.352870	0.350366	0.337715	0.333692	0.322124	0.323702	0.344057	0.318772	0.328407	0.331758	0.320290	0.352744	0.351047	0.320179	0.329785	0.333196	0.329771	0.320290	0.344602	0.326858	0.336026	0.334168	0.340874	0.324822	0.317098	0.338298	0.335253	0.327813	0.329939	0.357510	0.320320	0.319797	0.329740	0.335936	0.341456	0.297482	0.297160	0.335530	0.332388	0.313707	0.329431	0.317326	0.332103	0.309947	0.306098	0.308640	0.334721	0.318108	0.330158	0.309456	0.294152	0.314549	0.322179	0.351701	0.354018	
0.222835	0.248600	0.289561	0.308810	0.282687	0.169875	0.000000	0.118410	0.221491	0.299036	0.305113	0.333851	0.312033	0.338295	0.320617	0.326896	0.346169	0.314686	0.359062	0.311072	0.312707	0.344486	0.315963	0.190548	0.270413	0.233975	0.307683	0.314596	0.324813	0.320278	0.329752	0.297858	0.304168	0.329472	0.302232	0.347712	0.299544	0.326417	0.313857	0.329799	0.313561	0.332583	0.296944	0.323276	0.306706	0.313056	0.339878	0.340457	0.326262	0.340379	0.310756	0.331069	0.327553	0.319594	0.303763	0.306536	0.355205	0.336643	0.342099	0.289907	0.307524	0.333075	0.294872	0.326364	0.327577	0.338687	0.348340	0.334841	0.338839	0.323550	0.323218	0.353711	0.332339	0.311613	0.339717	0.306894	0.329579	0.331004	0.312375	0.327361	0.332921	0.320055	0.310012	0.328527	0.318922	0.327761	0.324165	0.344919	0.305770	0.311206	0.345446	0.300711	0.334642	0.337826	0.352247	0.308997	0.315845	0.322591	0.332014	0.342843	0.308791	0.304808	0.319385	0.327057	0.305257	0.327285	0.322511	0.333002	0.317156	0.305993	0.308636	0.326466	0.320984	0.324685	0.312565	0.290884	0.314907	0.302652	0.335205	0.337441	
0.217845	0.240764	0.239610	0.262851	0.225834	0.145471	0.118410	0.000000	0.224751	0.289408	0.298756	0.329195	0.296958	0.337542	0.310079	0.321318	0.343158	0.303001	0.344764	0.303501	0.312531	0.347373	0.329629	0.177403	0.251441	0.235790	0.302285	0.297846	0.307759	0.322002	0.331764	0.308554	0.296703	0.325419	0.293356	0.339892	0.290138	0.318403	0.306719	0.312012	0.318624	0.345052	0.303940	0.330911	0.297022	0.312465	0.343183	0.350142	0.329498	0.345019	0.312749	0.328034	0.332335	0.321776	0.292425	0.309189	0.362833	0.343512	0.351748	0.292590	0.295028	0.338299	0.300156	0.334282	0.332850	0.340709	0.349697	0.332731	0.346137	0.329955	0.322970	0.352912	0.332807	0.311524	0.341940	0.307531	0.334384	0.341798	0.317890	0.339236	0.332431	0.315993	0.309877	0.331526	0.317422	0.327264	0.325428	0.342704	0.319883	0.311119	0.336380	0.311762	0.330115	0.334906	0.345405	0.315688	0.285212	0.321169	0.331672	0.345090	0.294620	0.296261	0.319464	0.332834	0.303237	0.329459	0.318938	0.324573	0.314932	0.296761	0.307953	0.319963	0.307921	0.316965	0.314769	0.281687	0.324255	0.314257	0.348419	0.347982	
0.305327	0.272228	0.267385	0.293235	0.255806	0.173858	0.221491	0.224751	0.000000	0.305100	0.295237	0.323947	0.310850	0.323246	0.292535	0.300304	0.303529	0.299459	0.322301	0.291046	0.311093	0.331064	0.320953	0.316356	0.294145	0.283711	0.309734	0.326785	0.320198	0.314916	0.322050	0.280408	0.307708	0.346492	0.304803	0.309605	0.335722	0.293629	0.324776	0.330929	0.315921	0.326602	0.299451	0.315807	0.327726	0.343910	0.326971	0.336113	0.326995	0.332983	0.317463	0.329108	0.320927	0.335159	0.278355	0.312300	0.346926	0.335278	0.334637	0.342702	0.347063	0.312079	0.333864	0.312786	0.327485	0.338977	0.347972	0.331961	0.333654	0.313698	0.312992	0.336006	0.292955	0.317933	0.304353	0.327551	0.307278	0.327845	0.312656	0.315645	0.325367	0.321762	0.308129	0.325106	0.311782	0.316653	0.319720	0.326205	0.308830	0.303504	0.330653	0.304468	0.316210	0.310454	0.359699	0.317401	0.305601	0.321930	0.332925	0.333448	0.297495	0.297397	0.320160	0.318412	0.314695	0.321539	0.308575	0.337110	0.298109	0.299809	0.296121	0.324685	0.313689	0.324334	0.308079	0.331633	0.309978	0.320544	0.335138	0.343799	
0.263480	0.268817	0.174519	0.285058	0.176504	0.327922	0.299036	0.289408	0.305100	0.000000	0.114006	0.324736	0.287629	0.342659	0.304731	0.329594	0.344251	0.271023	0.347359	0.285544	0.304039	0.344668	0.300956	0.259135	0.309540	0.249163	0.270018	0.304115	0.278101	0.299369	0.290101	0.313513	0.293018	0.311243	0.292726	0.327969	0.330801	0.303654	0.323239	0.329095	0.302869	0.321713	0.282385	0.318039	0.335021	0.344041	0.315495	0.303164	0.288235	0.306628	0.293934	0.305833	0.333137	0.299314	0.291127	0.292773	0.351626	0.328661	0.342627	0.325094	0.323923	0.323015	0.331451	0.307499	0.330664	0.338000	0.348144	0.322572	0.334192	0.309055	0.312669	0.351642	0.327291	0.291248	0.339849	0.316101	0.331050	0.348606	0.308656	0.321677	0.315149	0.310089	0.299143	0.308652	0.284125	0.308842	0.321727	0.324718	0.295801	0.283802	0.330657	0.233840	0.318250	0.319217	0.344698	0.315239	0.305671	0.310050	0.325803	0.329757	0.281649	0.275354	0.304888	0.306991	0.297194	0.317648	0.313358	0.298788	0.294515	0.276388	0.285342	0.294027	0.288473	0.287016	0.308591	0.320834	0.314494	0.270975	0.312307	0.303214	
0.248526	0.227721	0.159221	0.252329	0.162260	0.329356	0.305113	0.298756	0.295237	0.114006	0.000000	0.320099	0.283336	0.340462	0.320315	0.339630	0.358408	0.284613	0.350534	0.294859	0.306311	0.342345	0.303146	0.264241	0.309810	0.251008	0.272647	0.303931	0.272406	0.297457	0.287168	0.311873	0.292418	0.289780	0.292234	0.320597	0.331479	0.311972	0.334752	0.336131	0.305305	0.321638	0.289343	0.328568	0.335559	0.367377	0.331640	0.315844	0.297466	0.324243	0.305422	0.320138	0.351345	0.295709	0.309575	0.280010	0.367261	0.347437	0.357191	0.329456	0.334284	0.317196	0.340469	0.310312	0.331587	0.336871	0.343730	0.327010	0.341094	0.311841	0.317041	0.359202	0.329870	0.289475	0.330236	0.320607	0.323585	0.345536	0.307293	0.312033	0.313617	0.317964	0.304700	0.322389	0.292855	0.306884	0.320737	0.326551	0.298368	0.295782	0.338842	0.198112	0.311403	0.296016	0.339835	0.304192	0.302950	0.309818	0.330088	0.330166	0.284622	0.282519	0.299207	0.305672	0.293432	0.317300	0.309628	0.298200	0.294317	0.281939	0.285755	0.307706	0.294210	0.299935	0.308212	0.330012	0.303650	0.277516	0.323857	0.314769	
0.337478	0.314711	0.303425	0.289044	0.297597	0.335858	0.333851	0.329195	0.323947	0.324736	0.320099	0.000000	0.134488	0.099250	0.304428	0.322972	0.340783	0.240523	0.161252	0.196095	0.314207	0.361308	0.314786	0.342252	0.335793	0.311084	0.311003	0.301751	0.313332	0.319637	0.305272	0.324740	0.273830	0.319841	0.277499	0.342449	0.344513	0.331957	0.330386	0.338743	0.315482	0.288485	0.286898	0.329865	0.355644	0.369245	0.342159	0.344035	0.318460	0.323282	0.308349	0.328373	0.291781	0.320425	0.299563	0.306279	0.343481	0.338760	0.330774	0.346791	0.346267	0.320122	0.347473	0.325512	0.292655	0.283257	0.348711	0.325844	0.359269	0.321739	0.307224	0.305251	0.348174	0.306771	0.353709	0.322841	0.354191	0.349583	0.318661	0.351933	0.337304	0.308843	0.294094	0.326518	0.323154	0.338631	0.325923	0.338540	0.302191	0.314615	0.339671	0.330709	0.342500	0.342666	0.282620	0.315215	0.307834	0.316571	0.324117	0.342665	0.305239	0.301302	0.316825	0.316216	0.301227	0.318941	0.309782	0.312999	0.289205	0.294908	0.298426	0.312066	0.299331	0.315297	0.308658	0.324156	0.317538	0.299649	0.361300	0.336984	
0.311385	0.299531	0.261512	0.288228	0.256608	0.321757	0.312033	0.296958	0.310850	0.287629	0.283336	0.134488	0.000000	0.199375	0.296618	0.323040	0.334910	0.212412	0.239411	0.152032	0.322304	0.345093	0.315386	0.310515	0.316554	0.284695	0.280230	0.311483	0.285099	0.294693	0.284171	0.301416	0.290180	0.320270	0.293004	0.324333	0.318168	0.316658	0.316391	0.328344	0.295428	0.301418	0.277797	0.312689	0.330523	0.353064	0.322797	0.323893	0.295312	0.307874	0.296980	0.309692	0.332883	0.302358	0.283762	0.286640	0.368983	0.355097	0.359633	0.330107	0.345993	0.324556	0.328627	0.305398	0.336160	0.316879	0.325657	0.311140	0.345260	0.294147	0.284459	0.341706	0.341224	0.290850	0.340165	0.309184	0.330960	0.335005	0.310088	0.340193	0.324587	0.295370	0.280146	0.310689	0.284257	0.315803	0.315425	0.317351	0.287748	0.291622	0.310107	0.298413	0.324315	0.326569	0.333312	0.309855	0.287527	0.277329	0.305314	0.309142	0.277606	0.277394	0.292043	0.291426	0.285411	0.318074	0.305712	0.313496	0.279198	0.279560	0.291994	0.285654	0.279583	0.289846	0.290890	0.297467	0.302150	0.282714	0.333081	0.324406	
0.344817	0.327186	0.322986	0.286755	0.315155	0.340696	0.338295	0.337542	0.323246	0.342659	0.340462	0.099250	0.199375	0.000000	0.321080	0.335895	0.349882	0.320416	0.131998	0.247382	0.325015	0.350697	0.344076	0.347133	0.369060	0.339203	0.333072	0.304479	0.339729	0.340614	0.334577	0.341200	0.277027	0.323593	0.276178	0.331925	0.353626	0.317366	0.312568	0.322256	0.331492	0.323106	0.309215	0.354124	0.365636	0.386118	0.362993	0.365937	0.340044	0.343994	0.325689	0.350746	0.250254	0.340147	0.304608	0.327195	0.342147	0.330737	0.329622	0.358684	0.357990	0.333770	0.360270	0.343582	0.235028	0.225313	0.369422	0.351661	0.311815	0.344962	0.327351	0.247707	0.342421	0.335023	0.350647	0.327162	0.359078	0.343842	0.324268	0.351302	0.359544	0.334041	0.321517	0.350485	0.342330	0.359303	0.354465	0.358210	0.320501	0.323777	0.352077	0.342100	0.367885	0.362485	0.287543	0.322271	0.304631	0.345153	0.345366	0.362952	0.333312	0.329526	0.338546	0.342486	0.332567	0.335309	0.330601	0.327574	0.315001	0.319060	0.313141	0.341532	0.324557	0.338032	0.323430	0.336084	0.332921	0.316959	0.350061	0.351108	
0.334428	0.295506	0.295042	0.317117	0.291379	0.311653	0.320617	0.310079	0.292535	0.304731	0.320315	0.304428	0.296618	0.321080	0.000000	0.244338	0.155660	0.278351	0.335344	0.289444	0.330136	0.361685	0.312579	0.334081	0.316634	0.312536	0.280365	0.308991	0.293450	0.308217	0.312055	0.321418	0.299245	0.332831	0.297848	0.336250	0.334614	0.315916	0.328926	0.344015	0.312762	0.303375	0.282998	0.313353	0.337001	0.354975	0.332175	0.325392	0.313527	0.319890	0.306556	0.310074	0.329199	0.306894	0.069715	0.304609	0.346465	0.352555	0.327616	0.323270	0.332152	0.309342	0.316697	0.312758	0.319800	0.333297	0.333610	0.312532	0.346556	0.318405	0.299359	0.336241	0.331092	0.289845	0.336605	0.311210	0.323842	0.332982	0.308035	0.336018	0.323742	0.304502	0.291867	0.312806	0.310131	0.325102	0.308793	0.307074	0.289159	0.289923	0.318063	0.325601	0.316143	0.324710	0.343161	0.314734	0.319097	0.306385	0.305979	0.333209	0.297574	0.295498	0.302109	0.311957	0.305499	0.304225	0.298393	0.317615	0.301091	0.297562	0.285053	0.312348	0.296923	0.315649	0.324978	0.328374	0.336700	0.311932	0.353933	0.344577	
0.340292	0.323195	0.314071	0.328852	0.309924	0.310303	0.326896	0.321318	0.300304	0.329594	0.339630	0.322972	0.323040	0.335895	0.244338	0.000000	0.160093	0.311980	0.342566	0.316739	0.331609	0.374537	0.343407	0.329917	0.333765	0.322011	0.317792	0.335297	0.321319	0.329532	0.326964	0.321693	0.310365	0.342157	0.307432	0.321596	0.342607	0.307866	0.342005	0.355374	0.318567	0.315612	0.299192	0.331536	0.351596	0.362813	0.351572	0.320706	0.310810	0.314650	0.324045	0.320956	0.335738	0.331611	0.226762	0.320421	0.357679	0.353354	0.338142	0.340978	0.344525	0.308677	0.332500	0.329911	0.320002	0.339116	0.336860	0.322042	0.354740	0.326558	0.314359	0.327825	0.323029	0.314900	0.326523	0.322478	0.315204	0.323515	0.328033	0.351165	0.342164	0.318892	0.314711	0.328553	0.327626	0.338189	0.341993	0.344539	0.312867	0.314208	0.347683	0.327085	0.328621	0.327841	0.332904	0.314792	0.330461	0.329787	0.334658	0.340404	0.319730	0.317835	0.330524	0.343889	0.327616	0.315524	0.307349	0.309478	0.292084	0.294825	0.298685	0.330426	0.314193	0.330886	0.327196	0.331341	0.338449	0.320855	0.355684	0.343569	
0.360608	0.341562	0.337236	0.350615	0.332233	0.329274	0.346169	0.343158	0.303529	0.344251	0.358408	0.340783	0.334910	0.349882	0.155660	0.160093	0.000000	0.323039	0.368884	0.326325	0.344342	0.386581	0.355201	0.358469	0.352169	0.348072	0.343028	0.352694	0.346265	0.332726	0.343754	0.342602	0.333622	0.368896	0.329340	0.345897	0.364247	0.325335	0.351937	0.364672	0.333653	0.330753	0.320601	0.334597	0.359732	0.378942	0.365673	0.340716	0.330193	0.333685	0.338585	0.336007	0.353275	0.346864	0.207415	0.341035	0.351816	0.355998	0.325681	0.352036	0.348162	0.321270	0.342874	0.340294	0.346621	0.364889	0.362835	0.347676	0.369208	0.347939	0.333892	0.348969	0.331563	0.327351	0.342754	0.339875	0.336880	0.347843	0.343944	0.360481	0.354509	0.334008	0.319584	0.341393	0.343100	0.356539	0.341138	0.344257	0.320459	0.316045	0.346353	0.342297	0.346530	0.351436	0.364537	0.336847	0.352489	0.328361	0.344010	0.338959	0.330141	0.342106	0.336048	0.348523	0.350147	0.319654	0.314597	0.315917	0.319806	0.318280	0.314446	0.342315	0.327575	0.347238	0.342257	0.345170	0.356134	0.348914	0.374373	0.368564	
0.317365	0.290180	0.263436	0.295911	0.262571	0.305527	0.314686	0.303001	0.299459	0.271023	0.284613	0.240523	0.212412	0.320416	0.278351	0.311980	0.323039	0.000000	0.207392	0.133955	0.296043	0.338379	0.298465	0.312647	0.286734	0.283703	0.277724	0.310969	0.280731	0.304220	0.293998	0.297439	0.291267	0.324251	0.293445	0.333414	0.330002	0.312294	0.313890	0.326296	0.294573	0.322893	0.278231	0.307190	0.313844	0.315827	0.281353	0.311197	0.304842	0.304219	0.301416	0.294847	0.334999	0.287021	0.263112	0.278985	0.341164	0.320080	0.320774	0.316790	0.349666	0.310855	0.324813	0.294702	0.320633	0.336001	0.320273	0.291459	0.338763	0.302201	0.288594	0.339258	0.316020	0.280164	0.320385	0.307912	0.321055	0.338720	0.310664	0.312580	0.304824	0.298326	0.278812	0.298922	0.287917	0.306823	0.315592	0.325155	0.280588	0.285617	0.332913	0.299220	0.294435	0.294842	0.346294	0.291070	0.282517	0.305840	0.309692	0.331045	0.254460	0.261435	0.294352	0.279129	0.284195	0.315829	0.316435	0.308715	0.291538	0.287744	0.293392	0.305506	0.291923	0.308207	0.306841	0.314427	0.319932	0.293785	0.346107	0.325088	
0.352969	0.342049	0.328379	0.296626	0.322853	0.336920	0.359062	0.344764	0.322301	0.347359	0.350534	0.161252	0.239411	0.131998	0.335344	0.342566	0.368884	0.207392	0.000000	0.246637	0.328485	0.358647	0.357768	0.363379	0.356358	0.351403	0.341503	0.322615	0.348866	0.354459	0.347812	0.337109	0.301824	0.340169	0.301650	0.339333	0.366340	0.328952	0.328922	0.339823	0.349442	0.344908	0.332282	0.365147	0.364621	0.366287	0.344728	0.372911	0.362670	0.351083	0.355807	0.358074	0.271309	0.348990	0.317710	0.332871	0.337742	0.330492	0.333980	0.370034	0.384783	0.355876	0.366054	0.330564	0.265273	0.254586	0.373040	0.355570	0.316793	0.347502	0.332963	0.263544	0.338849	0.341388	0.341317	0.335916	0.364919	0.356331	0.335074	0.343646	0.349134	0.347010	0.332213	0.363221	0.350928	0.372420	0.369597	0.380108	0.346711	0.346552	0.373935	0.355946	0.353892	0.351271	0.301178	0.323792	0.301415	0.366918	0.362828	0.387781	0.327769	0.326475	0.356708	0.342643	0.343712	0.354151	0.360368	0.346152	0.339124	0.345831	0.339085	0.358603	0.348238	0.359619	0.330207	0.345512	0.344340	0.344343	0.373903	0.377083	
0.312765	0.303757	0.271569	0.300308	0.270029	0.298942	0.311072	0.303501	0.291046	0.285544	0.294859	0.196095	0.152032	0.247382	0.289444	0.316739	0.326325	0.133955	0.246637	0.000000	0.312120	0.336847	0.305333	0.314606	0.306774	0.279186	0.284526	0.311262	0.290862	0.308366	0.300219	0.297825	0.292159	0.327387	0.293741	0.328319	0.326022	0.305523	0.313846	0.328287	0.298176	0.324805	0.283838	0.309127	0.311084	0.327531	0.306223	0.327266	0.308123	0.321030	0.300018	0.313469	0.317032	0.301169	0.267789	0.291099	0.335507	0.312071	0.334855	0.330559	0.335854	0.314914	0.326957	0.296224	0.314121	0.331798	0.320094	0.306827	0.331549	0.297459	0.287415	0.322877	0.323040	0.295573	0.332515	0.318006	0.329560	0.347445	0.307376	0.315313	0.303094	0.291637	0.276410	0.293394	0.271859	0.303219	0.314470	0.319995	0.275938	0.285440	0.332152	0.296424	0.304919	0.304373	0.338713	0.307239	0.306136	0.300524	0.307187	0.318042	0.269356	0.272889	0.294504	0.291206	0.286904	0.307550	0.303714	0.303513	0.286622	0.289509	0.287453	0.298226	0.283746	0.301304	0.313009	0.318681	0.316954	0.296729	0.332066	0.323105	
0.314032	0.309869	0.308748	0.314779	0.307229	0.316142	0.312707	0.312531	0.311093	0.304039	0.306311	0.314207	0.322304	0.325015	0.330136	0.331609	0.344342	0.296043	0.328485	0.312120	0.000000	0.207673	0.232008	0.305985	0.330098	0.319377	0.301316	0.304032	0.313939	0.329883	0.335836	0.330549	0.295814	0.313058	0.298384	0.346381	0.348294	0.335869	0.309862	0.323697	0.323945	0.313557	0.299090	0.331068	0.338261	0.351619	0.331729	0.334055	0.318879	0.327049	0.313556	0.315645	0.324223	0.304622	0.324740	0.309021	0.340096	0.330242	0.332324	0.320211	0.344370	0.315797	0.353941	0.326976	0.335317	0.337795	0.350126	0.339060	0.342813	0.329738	0.320297	0.343400	0.342856	0.322236	0.346831	0.316791	0.321657	0.345406	0.315931	0.328626	0.318329	0.320478	0.314052	0.329521	0.322953	0.328483	0.344169	0.330924	0.317913	0.311231	0.345974	0.316689	0.306479	0.310264	0.366558	0.317754	0.304984	0.328220	0.339155	0.342384	0.311074	0.301891	0.335890	0.332365	0.319401	0.334486	0.329527	0.337053	0.320354	0.307104	0.314450	0.342430	0.319953	0.336693	0.311318	0.341797	0.319964	0.317413	0.356676	0.338727	
0.335058	0.354931	0.333791	0.336476	0.333875	0.341931	0.344486	0.347373	0.331064	0.344668	0.342345	0.361308	0.345093	0.350697	0.361685	0.374537	0.386581	0.338379	0.358647	0.336847	0.207673	0.000000	0.247773	0.342674	0.346623	0.339309	0.354684	0.353361	0.350011	0.346597	0.352515	0.360591	0.333574	0.338376	0.333490	0.339931	0.354796	0.332960	0.344188	0.354470	0.361788	0.340687	0.335425	0.339149	0.363161	0.375530	0.363288	0.353601	0.344322	0.354162	0.345549	0.357183	0.353372	0.342242	0.357921	0.335226	0.357864	0.348140	0.364331	0.348031	0.375710	0.347108	0.359147	0.366379	0.356306	0.352742	0.357250	0.366785	0.352884	0.367760	0.359362	0.361784	0.365187	0.363795	0.367203	0.359057	0.343315	0.368955	0.362550	0.355159	0.366099	0.346094	0.334555	0.344681	0.344614	0.352165	0.364159	0.383134	0.354935	0.367103	0.401623	0.347093	0.354928	0.349649	0.377152	0.341610	0.333494	0.357019	0.375123	0.371618	0.349330	0.344008	0.365889	0.363054	0.351041	0.368390	0.366895	0.373328	0.357796	0.344309	0.355122	0.353897	0.353638	0.353142	0.338437	0.361066	0.346096	0.337058	0.350239	0.355614	
0.295016	0.319631	0.309580	0.342511	0.309501	0.339435	0.315963	0.329629	0.320953	0.300956	0.303146	0.314786	0.315386	0.344076	0.312579	0.343407	0.355201	0.298465	0.357768	0.305333	0.232008	0.247773	0.000000	0.321507	0.310667	0.306336	0.294695	0.326542	0.310885	0.322771	0.323351	0.336791	0.312683	0.322144	0.313838	0.334192	0.325991	0.337093	0.341364	0.354758	0.324089	0.310831	0.292352	0.309431	0.353274	0.342641	0.326165	0.314806	0.299077	0.313599	0.300132	0.316964	0.339978	0.305093	0.312528	0.293796	0.361120	0.357381	0.342388	0.325813	0.342039	0.326295	0.345043	0.339322	0.337124	0.342511	0.328284	0.320137	0.337942	0.320308	0.324082	0.367740	0.335432	0.307176	0.344563	0.335755	0.341563	0.348337	0.327361	0.359773	0.330998	0.336159	0.328309	0.335969	0.305066	0.312073	0.309840	0.324754	0.295913	0.298012	0.349681	0.328534	0.328447	0.329933	0.357345	0.325564	0.307622	0.327591	0.332433	0.349375	0.301170	0.301211	0.301627	0.314586	0.291800	0.338092	0.331672	0.336697	0.318051	0.308726	0.304362	0.321826	0.320905	0.315932	0.316125	0.329724	0.317892	0.302398	0.365955	0.339189	
0.196509	0.238368	0.260743	0.315701	0.254212	0.232551	0.190548	0.177403	0.316356	0.259135	0.264241	0.342252	0.310515	0.347133	0.334081	0.329917	0.358469	0.312647	0.363379	0.314606	0.305985	0.342674	0.321507	0.000000	0.266824	0.193695	0.309503	0.310626	0.321106	0.345298	0.355961	0.318203	0.303685	0.333103	0.300639	0.349063	0.298061	0.328492	0.317819	0.336268	0.327702	0.341091	0.301682	0.332984	0.300462	0.311134	0.337330	0.336487	0.323167	0.338002	0.318983	0.328743	0.333829	0.311993	0.319920	0.311050	0.355292	0.338678	0.353120	0.284097	0.308835	0.326086	0.297955	0.324240	0.328163	0.337331	0.336290	0.328381	0.337699	0.331056	0.318558	0.345748	0.349537	0.324832	0.348444	0.309606	0.317534	0.325715	0.324653	0.345540	0.346796	0.321961	0.316630	0.336054	0.323463	0.327541	0.343708	0.336424	0.323744	0.328582	0.358962	0.270043	0.338892	0.345142	0.349167	0.329097	0.325951	0.316299	0.326150	0.335288	0.312519	0.303097	0.326548	0.341248	0.311836	0.331219	0.331170	0.328216	0.311577	0.299846	0.308694	0.332459	0.325584	0.331447	0.328596	0.291151	0.338324	0.309773	0.349345	0.342648	
0.343203	0.321447	0.299975	0.337378	0.297126	0.257444	0.270413	0.251441	0.294145	0.309540	0.309810	0.335793	0.316554	0.369060	0.316634	0.333765	0.352169	0.286734	0.356358	0.306774	0.330098	0.346623	0.310667	0.266824	0.000000	0.135207	0.303303	0.345225	0.311315	0.324320	0.321428	0.313929	0.327143	0.358959	0.328901	0.346179	0.336625	0.337895	0.349005	0.349977	0.320705	0.292684	0.297886	0.306250	0.347925	0.343549	0.317902	0.317068	0.318847	0.316149	0.317483	0.303011	0.358098	0.295710	0.330983	0.284728	0.338729	0.341244	0.352151	0.326946	0.361700	0.315264	0.329284	0.314575	0.362434	0.367772	0.321193	0.307278	0.351177	0.297645	0.298295	0.357024	0.317352	0.293347	0.323757	0.326212	0.338707	0.359925	0.337774	0.309195	0.302220	0.300707	0.293904	0.308172	0.312490	0.319545	0.330637	0.327863	0.313863	0.321680	0.335255	0.324367	0.299650	0.306433	0.367639	0.321352	0.303439	0.326830	0.327537	0.328090	0.301207	0.301254	0.296206	0.323913	0.281491	0.320321	0.328583	0.316700	0.310932	0.298802	0.317800	0.335003	0.328047	0.337893	0.329998	0.331975	0.341081	0.315072	0.328622	0.311747	
0.273478	0.278953	0.236783	0.301973	0.230163	0.261081	0.233975	0.235790	0.283711	0.249163	0.251008	0.311084	0.284695	0.339203	0.312536	0.322011	0.348072	0.283703	0.351403	0.279186	0.319377	0.339309	0.306336	0.193695	0.135207	0.000000	0.279293	0.316109	0.290287	0.313617	0.319558	0.300283	0.300129	0.326167	0.301399	0.322586	0.310623	0.311771	0.312970	0.326838	0.285556	0.288595	0.268563	0.280950	0.333399	0.348877	0.325992	0.299748	0.277689	0.307713	0.285791	0.297221	0.328234	0.275257	0.298189	0.275827	0.350139	0.332454	0.351111	0.311717	0.324793	0.292065	0.329217	0.305231	0.334176	0.339248	0.317603	0.304178	0.347745	0.294027	0.288128	0.344600	0.321911	0.281235	0.325755	0.316026	0.317767	0.348436	0.312947	0.328860	0.313121	0.288288	0.280016	0.299132	0.293505	0.306483	0.309156	0.320633	0.286084	0.294781	0.326634	0.250923	0.293326	0.299827	0.348807	0.309747	0.311478	0.305675	0.312878	0.319963	0.267408	0.269244	0.266223	0.292166	0.243649	0.296631	0.300722	0.301330	0.281864	0.271141	0.283199	0.304549	0.301050	0.311385	0.309630	0.307267	0.316343	0.281688	0.314656	0.304386	
0.312073	0.284454	0.275004	0.317636	0.273449	0.317407	0.307683	0.302285	0.309734	0.270018	0.272647	0.311003	0.280230	0.333072	0.280365	0.317792	0.343028	0.277724	0.341503	0.284526	0.301316	0.354684	0.294695	0.309503	0.303303	0.279293	0.000000	0.182013	0.175990	0.321723	0.323133	0.309597	0.253745	0.236843	0.254167	0.328628	0.313801	0.321665	0.318416	0.313710	0.278754	0.297770	0.266309	0.301932	0.325200	0.337563	0.312892	0.314983	0.288786	0.317439	0.295979	0.316439	0.338236	0.283291	0.270375	0.271498	0.369863	0.350440	0.358990	0.309338	0.321890	0.311776	0.321755	0.302349	0.329241	0.331861	0.340651	0.314089	0.341622	0.296388	0.299687	0.363682	0.309220	0.269660	0.328118	0.307968	0.320216	0.330696	0.314254	0.318813	0.307323	0.303512	0.290378	0.310551	0.289805	0.307479	0.312218	0.288906	0.281918	0.274927	0.298721	0.308132	0.292791	0.300975	0.334955	0.299944	0.292966	0.306401	0.300112	0.321661	0.267749	0.256490	0.283224	0.292965	0.266479	0.311647	0.306733	0.309103	0.285976	0.274938	0.279016	0.304770	0.295258	0.305932	0.296893	0.309408	0.302143	0.289008	0.323032	0.319148	
0.322923	0.310710	0.300088	0.250535	0.294500	0.314053	0.314596	0.297846	0.326785	0.304115	0.303931	0.301751	0.311483	0.304479	0.308991	0.335297	0.352694	0.310969	0.322615	0.311262	0.304032	0.353361	0.326542	0.310626	0.345225	0.316109	0.182013	0.000000	0.217117	0.336845	0.341476	0.330215	0.151141	0.156120	0.154825	0.347846	0.332922	0.349146	0.305764	0.315727	0.331951	0.313046	0.285193	0.322819	0.348810	0.371785	0.351324	0.342321	0.320666	0.344523	0.317051	0.338329	0.295855	0.311246	0.296498	0.291686	0.324524	0.312869	0.304740	0.336779	0.354540	0.340046	0.341256	0.339560	0.295110	0.298802	0.359063	0.334747	0.322622	0.328094	0.326567	0.321552	0.328720	0.308472	0.347226	0.309942	0.349899	0.356064	0.302926	0.353214	0.349219	0.322886	0.310833	0.332260	0.313007	0.317903	0.333872	0.332069	0.325464	0.313584	0.337218	0.324201	0.329777	0.341252	0.340420	0.306737	0.299990	0.334620	0.336959	0.361508	0.316342	0.303599	0.327488	0.334458	0.306244	0.337717	0.331161	0.333136	0.320114	0.306946	0.314100	0.326097	0.312668	0.316258	0.310654	0.337716	0.309261	0.312134	0.358873	0.351825	
0.320173	0.293217	0.262170	0.301754	0.258539	0.330602	0.324813	0.307759	0.320198	0.278101	0.272406	0.313332	0.285099	0.339729	0.293450	0.321319	0.346265	0.280731	0.348866	0.290862	0.313939	0.350011	0.310885	0.321106	0.311315	0.290287	0.175990	0.217117	0.000000	0.319121	0.315489	0.312325	0.180720	0.249898	0.182354	0.320615	0.312520	0.313760	0.320575	0.330764	0.299823	0.292908	0.266083	0.301960	0.323479	0.349962	0.315157	0.319031	0.293794	0.319611	0.293084	0.310127	0.335711	0.287726	0.280639	0.281634	0.361659	0.342690	0.357878	0.321155	0.334023	0.321036	0.326220	0.304807	0.331037	0.336339	0.332702	0.306687	0.337610	0.300796	0.302325	0.368346	0.315394	0.260882	0.323246	0.314416	0.319659	0.340032	0.307934	0.317356	0.309202	0.299494	0.290525	0.307321	0.288734	0.293315	0.305895	0.305029	0.298702	0.297103	0.307739	0.292542	0.288375	0.301055	0.343965	0.293623	0.296420	0.310402	0.304886	0.328523	0.282729	0.269645	0.282523	0.303804	0.275534	0.310102	0.292915	0.309739	0.280459	0.266632	0.275970	0.301526	0.285422	0.296771	0.305840	0.314193	0.307889	0.286072	0.321377	0.301841	
0.340524	0.316466	0.282558	0.302081	0.279956	0.347260	0.320278	0.322002	0.314916	0.299369	0.297457	0.319637	0.294693	0.340614	0.308217	0.329532	0.332726	0.304220	0.354459	0.308366	0.329883	0.346597	0.322771	0.345298	0.324320	0.313617	0.321723	0.336845	0.319121	0.000000	0.063404	0.224319	0.309403	0.362229	0.309941	0.325236	0.342854	0.341548	0.344897	0.350503	0.323978	0.316877	0.317227	0.333571	0.364047	0.369334	0.349154	0.338313	0.329250	0.343953	0.325576	0.332703	0.346879	0.315209	0.318419	0.316355	0.365879	0.370097	0.365108	0.353237	0.350845	0.342154	0.334809	0.328689	0.340740	0.352826	0.353179	0.338763	0.355953	0.330316	0.321671	0.339940	0.329169	0.302353	0.334737	0.328256	0.334092	0.341673	0.340471	0.334743	0.334611	0.325177	0.315107	0.342978	0.320197	0.322905	0.335578	0.366631	0.317037	0.317233	0.362592	0.308892	0.325142	0.320034	0.346412	0.331195	0.320878	0.341211	0.358840	0.360774	0.303610	0.317814	0.309673	0.327185	0.315712	0.328439	0.326162	0.338227	0.320929	0.310543	0.308994	0.334557	0.324654	0.332577	0.328167	0.343419	0.324217	0.307183	0.344901	0.327964	
0.351208	0.323384	0.277091	0.299480	0.271826	0.356436	0.329752	0.331764	0.322050	0.290101	0.287168	0.305272	0.284171	0.334577	0.312055	0.326964	0.343754	0.293998	0.347812	0.300219	0.335836	0.352515	0.323351	0.355961	0.321428	0.319558	0.323133	0.341476	0.315489	0.063404	0.000000	0.179792	0.311689	0.363220	0.313485	0.339809	0.363236	0.336526	0.346735	0.352553	0.324405	0.315990	0.315097	0.330662	0.370088	0.375281	0.340725	0.327701	0.320471	0.326413	0.319717	0.322561	0.351266	0.322806	0.321605	0.317627	0.364297	0.366953	0.365553	0.359101	0.362399	0.345959	0.344939	0.324680	0.335667	0.346374	0.345466	0.328988	0.355350	0.323494	0.318736	0.340784	0.340597	0.307492	0.349258	0.319305	0.341919	0.336763	0.337314	0.332039	0.329800	0.322231	0.316138	0.335166	0.316264	0.334219	0.339984	0.365256	0.309568	0.313997	0.363841	0.305707	0.325531	0.321362	0.343695	0.322043	0.310491	0.340050	0.358818	0.359430	0.304257	0.307360	0.311380	0.328319	0.322151	0.330228	0.325234	0.334164	0.311932	0.304043	0.293602	0.326608	0.316522	0.322197	0.320941	0.350160	0.329078	0.294944	0.340003	0.314517	
0.325457	0.294228	0.304506	0.325093	0.298516	0.311670	0.297858	0.308554	0.280408	0.313513	0.311873	0.324740	0.301416	0.341200	0.321418	0.321693	0.342602	0.297439	0.337109	0.297825	0.330549	0.360591	0.336791	0.318203	0.313929	0.300283	0.309597	0.330215	0.312325	0.224319	0.179792	0.000000	0.308458	0.357032	0.308521	0.330748	0.340747	0.310477	0.337197	0.355132	0.317063	0.331153	0.301584	0.323001	0.324921	0.343418	0.312707	0.324539	0.318301	0.322563	0.312284	0.318776	0.342773	0.317183	0.305277	0.312086	0.333353	0.319447	0.358301	0.344744	0.371153	0.329559	0.342559	0.302626	0.355785	0.354821	0.336346	0.322926	0.351192	0.311583	0.308996	0.355722	0.308412	0.310836	0.317518	0.313307	0.319847	0.329119	0.317076	0.314208	0.301028	0.308645	0.304142	0.322740	0.314742	0.325114	0.333874	0.328631	0.317441	0.327943	0.333752	0.315330	0.313399	0.312266	0.384316	0.316088	0.309994	0.332437	0.323686	0.324142	0.291496	0.292390	0.311601	0.314227	0.315813	0.327503	0.324479	0.327182	0.310634	0.301346	0.301609	0.319060	0.320178	0.317528	0.317317	0.328793	0.324862	0.315661	0.327325	0.315229	
0.305742	0.297800	0.274833	0.218601	0.268612	0.311705	0.304168	0.296703	0.307708	0.293018	0.292418	0.273830	0.290180	0.277027	0.299245	0.310365	0.333622	0.291267	0.301824	0.292159	0.295814	0.333574	0.312683	0.303685	0.327143	0.300129	0.253745	0.151141	0.180720	0.309403	0.311689	0.308458	0.000000	0.181974	0.011239	0.333831	0.323785	0.324245	0.288077	0.303050	0.312561	0.300279	0.268681	0.304578	0.338137	0.361860	0.331265	0.327353	0.304153	0.320504	0.294211	0.309707	0.272659	0.306947	0.286141	0.293758	0.297775	0.289628	0.294364	0.327785	0.345398	0.315985	0.333277	0.314454	0.272128	0.277706	0.348918	0.325621	0.312970	0.305217	0.302602	0.296186	0.326057	0.295162	0.336320	0.292351	0.339184	0.343827	0.295538	0.334149	0.327281	0.293683	0.280331	0.308253	0.304019	0.301617	0.322929	0.336666	0.303404	0.298733	0.341604	0.298167	0.312961	0.322158	0.314639	0.271584	0.273740	0.322037	0.337344	0.345353	0.296251	0.280518	0.303386	0.309725	0.291273	0.311013	0.298950	0.311071	0.294527	0.272199	0.282634	0.304809	0.292440	0.300089	0.302820	0.316045	0.308979	0.288987	0.348488	0.326083	
0.336765	0.338350	0.313998	0.264146	0.310350	0.340243	0.329472	0.325419	0.346492	0.311243	0.289780	0.319841	0.320270	0.323593	0.332831	0.342157	0.368896	0.324251	0.340169	0.327387	0.313058	0.338376	0.322144	0.333103	0.358959	0.326167	0.236843	0.156120	0.249898	0.362229	0.363220	0.357032	0.181974	0.000000	0.190715	0.369314	0.359226	0.363728	0.317929	0.313979	0.326423	0.313756	0.304694	0.319108	0.368037	0.384735	0.356511	0.335696	0.307945	0.336406	0.322584	0.338885	0.301652	0.326344	0.319917	0.307702	0.345489	0.323639	0.328651	0.348017	0.354306	0.341779	0.373070	0.353504	0.304956	0.297289	0.354102	0.352059	0.339710	0.339750	0.339288	0.331847	0.362141	0.330173	0.364013	0.326591	0.357644	0.367458	0.333098	0.362687	0.363794	0.328023	0.323010	0.333970	0.325092	0.301400	0.337748	0.359869	0.336817	0.331019	0.364879	0.335237	0.339775	0.340794	0.343646	0.314817	0.315165	0.334292	0.356194	0.360008	0.336525	0.319192	0.324641	0.319188	0.314330	0.350136	0.335260	0.352755	0.333442	0.317327	0.329555	0.335339	0.326492	0.328374	0.327820	0.348481	0.333103	0.320019	0.378902	0.360872	
0.303238	0.293822	0.273886	0.223217	0.268768	0.308317	0.302232	0.293356	0.304803	0.292726	0.292234	0.277499	0.293004	0.276178	0.297848	0.307432	0.329340	0.293445	0.301650	0.293741	0.298384	0.333490	0.313838	0.300639	0.328901	0.301399	0.254167	0.154825	0.182354	0.309941	0.313485	0.308521	0.011239	0.190715	0.000000	0.329161	0.318363	0.317917	0.289500	0.305095	0.311519	0.304229	0.270186	0.307830	0.331946	0.356860	0.334102	0.327849	0.304782	0.320927	0.295588	0.312418	0.273808	0.307600	0.284717	0.293902	0.300662	0.291912	0.297421	0.322566	0.339075	0.316819	0.326755	0.316355	0.272952	0.277447	0.350661	0.326445	0.312790	0.307499	0.303641	0.296479	0.320474	0.295898	0.332473	0.295478	0.337370	0.340867	0.297729	0.332933	0.327099	0.295682	0.281501	0.309874	0.303184	0.301880	0.323255	0.336332	0.303781	0.298397	0.341499	0.296370	0.316021	0.323069	0.310553	0.273746	0.275592	0.323560	0.336704	0.345447	0.297969	0.282552	0.304292	0.311578	0.292098	0.310818	0.299469	0.310496	0.294634	0.273110	0.281686	0.306222	0.292828	0.300862	0.303387	0.310039	0.309920	0.289683	0.344059	0.326433	
0.334437	0.330564	0.298873	0.328295	0.294660	0.351419	0.347712	0.339892	0.309605	0.327969	0.320597	0.342449	0.324333	0.331925	0.336250	0.321596	0.345897	0.333414	0.339333	0.328319	0.346381	0.339931	0.334192	0.349063	0.346179	0.322586	0.328628	0.347846	0.320615	0.325236	0.339809	0.330748	0.333831	0.369314	0.329161	0.000000	0.169001	0.164919	0.330522	0.343563	0.326376	0.348094	0.319982	0.354304	0.358614	0.370556	0.359287	0.338756	0.327245	0.340159	0.324287	0.340156	0.341101	0.321001	0.327008	0.294804	0.390514	0.377433	0.377347	0.346458	0.346007	0.318461	0.339965	0.349271	0.338005	0.343366	0.355889	0.331753	0.333255	0.332359	0.324200	0.355503	0.228787	0.228048	0.167047	0.327427	0.204626	0.261202	0.346257	0.353893	0.355190	0.345178	0.334626	0.341039	0.316292	0.312693	0.335365	0.359658	0.328467	0.332203	0.360064	0.324150	0.337906	0.331332	0.365929	0.342101	0.338155	0.354037	0.347479	0.367746	0.329683	0.327877	0.335525	0.347380	0.321346	0.324780	0.331079	0.335602	0.328161	0.307869	0.313181	0.343921	0.331908	0.344316	0.294623	0.265562	0.262526	0.313468	0.304461	0.331837	
0.294301	0.290710	0.311753	0.341097	0.307339	0.306490	0.299544	0.290138	0.335722	0.330801	0.331479	0.344513	0.318168	0.353626	0.334614	0.342607	0.364247	0.330002	0.366340	0.326022	0.348294	0.354796	0.325991	0.298061	0.336625	0.310623	0.313801	0.332922	0.312520	0.342854	0.363236	0.340747	0.323785	0.359226	0.318363	0.169001	0.000000	0.256965	0.321560	0.340509	0.329173	0.349695	0.312947	0.341841	0.226030	0.272906	0.346929	0.349499	0.337843	0.350016	0.303676	0.317179	0.346777	0.313774	0.323653	0.283949	0.387795	0.365573	0.366803	0.245107	0.258608	0.328632	0.258443	0.343873	0.358072	0.358991	0.349070	0.336095	0.361652	0.344578	0.334256	0.370478	0.339877	0.248354	0.278938	0.353222	0.279639	0.347029	0.339662	0.367567	0.347620	0.313938	0.301698	0.309617	0.330370	0.319144	0.325573	0.339276	0.329877	0.330847	0.349913	0.334115	0.340403	0.334523	0.356823	0.344942	0.340673	0.341265	0.336880	0.366569	0.325803	0.322836	0.323958	0.337886	0.309468	0.319706	0.323877	0.333599	0.328606	0.294890	0.298716	0.327216	0.318781	0.326040	0.267606	0.126714	0.237385	0.302403	0.338554	0.345392	
