0.000000	0.084728	0.244944	0.233127	0.253882	0.288611	0.230168	0.270525	0.261127	0.329195	0.334110	0.344075	0.346701	0.335856	0.301175	0.337173	0.300901	0.324141	0.319073	0.329389	0.368985	0.302711	0.333173	0.331447	0.235268	0.230360	0.313335	0.296607	0.282263	0.275070	0.297455	0.302331	0.305290	0.335712	0.309286	0.303808	0.297006	0.304817	0.287984	0.304462	0.282992	0.295204	0.298800	0.293596	0.322030	0.338095	0.316539	0.292336	0.300683	0.298067	0.284607	0.284208	0.283094	0.289976	0.316665	0.298340	0.293361	0.302168	0.313688	0.316973	0.292064	0.302250	0.280916	0.285658	0.303965	0.307478	0.308326	0.312797	0.319441	0.315952	0.310982	0.298037	0.281078	0.303317	0.296147	0.298119	0.336988	0.326875	0.303492	0.312086	0.326872	0.304796	0.285035	0.301829	0.295132	0.301659	0.299394	0.334893	0.329466	0.358999	0.375363	0.297645	0.308460	0.305015	0.275402	0.280596	0.262038	0.310768	0.305043	0.283799	0.344453	0.327219	0.328883	0.307231	0.299863	0.308871	0.295537	0.304866	0.291127	0.291912	0.261891	0.317733	0.290879	0.319515	0.295661	0.308240	0.289578	0.309777	0.294222	0.312042	
0.084728	0.000000	0.237795	0.226999	0.249106	0.269548	0.220589	0.256681	0.241527	0.319056	0.329353	0.346105	0.350134	0.335475	0.287194	0.338374	0.298356	0.330789	0.323414	0.328659	0.369090	0.342913	0.328842	0.328480	0.243042	0.230697	0.290964	0.299425	0.279552	0.280951	0.276578	0.279358	0.294711	0.332063	0.298872	0.302854	0.287210	0.308193	0.276984	0.295273	0.273021	0.304011	0.307016	0.301615	0.325723	0.341040	0.313500	0.287897	0.295745	0.292891	0.278238	0.282727	0.285886	0.287342	0.307658	0.299008	0.284396	0.296846	0.312763	0.313224	0.287236	0.304895	0.282532	0.284585	0.313666	0.312785	0.307434	0.312239	0.319144	0.316049	0.308649	0.296074	0.278908	0.311744	0.299472	0.300352	0.331205	0.318721	0.310722	0.317581	0.331228	0.308501	0.287550	0.304436	0.301320	0.308772	0.297541	0.329913	0.332218	0.351651	0.373617	0.299195	0.304604	0.305599	0.227508	0.235760	0.263889	0.288715	0.304402	0.288041	0.327059	0.324109	0.320127	0.292907	0.296434	0.304053	0.292079	0.306550	0.292860	0.290675	0.262594	0.338547	0.306086	0.318005	0.291406	0.304016	0.287188	0.307470	0.301991	0.304799	
0.244944	0.237795	0.000000	0.099819	0.211086	0.282997	0.229580	0.288162	0.265093	0.308967	0.315498	0.360194	0.353026	0.353710	0.313715	0.347911	0.311967	0.346478	0.339238	0.345242	0.370885	0.341179	0.345469	0.326538	0.196102	0.146573	0.304182	0.303072	0.282874	0.287605	0.300247	0.306959	0.317933	0.362974	0.322939	0.304126	0.298362	0.306385	0.300739	0.299597	0.287781	0.316603	0.322414	0.320883	0.307024	0.311203	0.306316	0.313562	0.288542	0.299543	0.293307	0.293619	0.291500	0.306366	0.334750	0.293128	0.262485	0.308577	0.300223	0.304288	0.275738	0.291621	0.284008	0.284968	0.303200	0.309357	0.297925	0.287960	0.293442	0.299186	0.295350	0.285557	0.287157	0.306988	0.292789	0.310439	0.306284	0.303435	0.297705	0.302887	0.313314	0.307190	0.294941	0.309820	0.301151	0.304445	0.292927	0.315577	0.322459	0.343065	0.366776	0.295800	0.297104	0.298821	0.294797	0.317433	0.325205	0.292398	0.275083	0.269736	0.343864	0.334221	0.338690	0.292945	0.313533	0.266645	0.282921	0.291019	0.285860	0.276318	0.268830	0.339532	0.293633	0.308097	0.297846	0.300155	0.290950	0.311453	0.293704	0.310114	
0.233127	0.226999	0.099819	0.000000	0.116189	0.282298	0.256270	0.302441	0.267229	0.323960	0.328917	0.358190	0.349733	0.347031	0.318264	0.356582	0.315482	0.341701	0.332048	0.336640	0.380647	0.333404	0.356734	0.318744	0.193198	0.183612	0.300623	0.301796	0.282384	0.287402	0.303100	0.314063	0.319298	0.359235	0.324792	0.298961	0.295312	0.299917	0.303282	0.301187	0.290652	0.306695	0.312959	0.310262	0.313946	0.317253	0.297501	0.320012	0.283311	0.293418	0.297433	0.297107	0.292444	0.305053	0.335565	0.288817	0.255875	0.306078	0.298669	0.291865	0.275474	0.293473	0.269322	0.268763	0.288345	0.310138	0.312124	0.296440	0.304784	0.315883	0.303472	0.296052	0.289578	0.307456	0.298551	0.305727	0.295482	0.290698	0.308355	0.312344	0.326731	0.308374	0.282538	0.295987	0.301814	0.304327	0.310077	0.323371	0.309076	0.350613	0.368147	0.292392	0.296360	0.292703	0.290849	0.314331	0.326363	0.294751	0.294032	0.275140	0.335019	0.332690	0.337969	0.300184	0.310143	0.267016	0.285029	0.300035	0.290079	0.283134	0.271138	0.325844	0.291395	0.315097	0.291545	0.302132	0.281664	0.307114	0.297011	0.304620	
0.253882	0.249106	0.211086	0.116189	0.000000	0.281082	0.232130	0.287223	0.252140	0.318906	0.327388	0.352431	0.347416	0.341652	0.307884	0.346652	0.317054	0.329646	0.329392	0.329408	0.390045	0.332935	0.352137	0.312407	0.259273	0.261048	0.288247	0.289572	0.272615	0.273851	0.298767	0.300785	0.310472	0.348695	0.314715	0.293649	0.284229	0.296582	0.298231	0.307923	0.296522	0.299641	0.305708	0.298957	0.305690	0.303397	0.294423	0.309139	0.278720	0.286409	0.287816	0.287767	0.276583	0.297952	0.336053	0.278015	0.252221	0.300877	0.298540	0.292874	0.260062	0.290603	0.256546	0.260687	0.279252	0.307748	0.308700	0.282993	0.287645	0.307252	0.287772	0.285248	0.290612	0.297239	0.289650	0.304728	0.295104	0.288179	0.291721	0.311293	0.317690	0.308169	0.268480	0.291707	0.294536	0.298427	0.307144	0.334099	0.316309	0.337947	0.353926	0.290314	0.295913	0.289917	0.271210	0.299885	0.308674	0.297136	0.297247	0.282629	0.326852	0.326789	0.340635	0.315314	0.307285	0.265840	0.281169	0.299319	0.277018	0.277735	0.265535	0.321248	0.299024	0.322621	0.292387	0.298933	0.273413	0.298328	0.300342	0.300374	
0.288611	0.269548	0.282997	0.282298	0.281082	0.000000	0.177588	0.089188	0.093133	0.301783	0.290976	0.319312	0.313626	0.329141	0.307642	0.335470	0.286019	0.327281	0.316503	0.332916	0.375366	0.358241	0.349011	0.325682	0.335728	0.314756	0.280735	0.303817	0.297851	0.304915	0.303470	0.297317	0.305719	0.341861	0.309504	0.317965	0.315912	0.313538	0.293688	0.314582	0.285152	0.293996	0.300568	0.293479	0.321171	0.327178	0.312763	0.318145	0.327765	0.333421	0.322084	0.312919	0.310683	0.283402	0.322569	0.315379	0.308758	0.335006	0.343956	0.343890	0.317982	0.343453	0.292653	0.293832	0.332380	0.312598	0.292656	0.290039	0.305923	0.287250	0.295869	0.293387	0.290259	0.325541	0.309561	0.312274	0.322350	0.328612	0.289498	0.296028	0.311454	0.291238	0.303427	0.298508	0.322322	0.329226	0.307574	0.330939	0.321983	0.339509	0.342306	0.297653	0.307610	0.296883	0.300477	0.322129	0.318735	0.317529	0.318273	0.304980	0.288918	0.302933	0.303322	0.302700	0.306451	0.304485	0.324711	0.327194	0.305046	0.307107	0.297424	0.352001	0.315388	0.347050	0.296271	0.307395	0.298261	0.321499	0.311248	0.301715	
0.230168	0.220589	0.229580	0.256270	0.232130	0.177588	0.000000	0.229052	0.091787	0.270875	0.302869	0.339289	0.326822	0.326332	0.297138	0.332692	0.300284	0.323110	0.324603	0.326423	0.375793	0.345637	0.335106	0.266948	0.289068	0.186278	0.292417	0.293602	0.283718	0.250987	0.299974	0.290229	0.308811	0.341906	0.312766	0.296651	0.289214	0.291684	0.280789	0.297459	0.272358	0.284332	0.288956	0.284462	0.297094	0.305082	0.306688	0.300087	0.302757	0.305790	0.288569	0.284537	0.273930	0.280238	0.316085	0.287564	0.287575	0.312656	0.318781	0.310062	0.286422	0.302562	0.276684	0.277534	0.294002	0.300509	0.284041	0.287656	0.291146	0.282157	0.283371	0.269627	0.279037	0.295429	0.279616	0.308847	0.319879	0.314819	0.284910	0.304648	0.307855	0.288235	0.279412	0.294641	0.296507	0.305022	0.281821	0.325042	0.322519	0.331078	0.351622	0.287124	0.291809	0.283032	0.276420	0.301156	0.294418	0.312664	0.295367	0.275445	0.328444	0.307602	0.326423	0.303736	0.305291	0.281107	0.299531	0.295761	0.281047	0.276315	0.272475	0.344894	0.293591	0.314164	0.287716	0.299618	0.279569	0.326166	0.302901	0.311207	
0.270525	0.256681	0.288162	0.302441	0.287223	0.089188	0.229052	0.000000	0.166619	0.317977	0.307230	0.334696	0.336892	0.344225	0.319581	0.339482	0.301137	0.338807	0.325950	0.345142	0.380299	0.366760	0.356924	0.334087	0.323551	0.305515	0.284986	0.302771	0.295570	0.310911	0.295734	0.305720	0.307835	0.341490	0.313134	0.322121	0.313162	0.317620	0.290157	0.311389	0.283557	0.299570	0.303622	0.302326	0.312324	0.332953	0.310681	0.326088	0.335529	0.336250	0.322105	0.313670	0.311525	0.299056	0.334814	0.308488	0.308602	0.338587	0.346362	0.350750	0.316347	0.351283	0.294773	0.295593	0.339258	0.315501	0.294779	0.300200	0.311247	0.288504	0.297640	0.293671	0.287628	0.325368	0.310432	0.318226	0.326641	0.333730	0.288776	0.298406	0.312580	0.293179	0.304788	0.302742	0.325042	0.325689	0.308153	0.336966	0.331107	0.349668	0.350009	0.296132	0.321073	0.290460	0.315226	0.326668	0.339733	0.317442	0.317878	0.302274	0.299427	0.318936	0.325169	0.324740	0.322507	0.305899	0.327845	0.328369	0.308368	0.311731	0.303590	0.358342	0.319743	0.353792	0.302112	0.312842	0.303355	0.327614	0.320721	0.307251	
0.261127	0.241527	0.265093	0.267229	0.252140	0.093133	0.091787	0.166619	0.000000	0.298158	0.287205	0.335633	0.327638	0.335417	0.305756	0.329959	0.291493	0.327051	0.304417	0.332711	0.371096	0.350324	0.332950	0.296392	0.311496	0.270486	0.275414	0.298986	0.290531	0.273927	0.290639	0.277421	0.300167	0.333103	0.304282	0.303339	0.297068	0.300119	0.279517	0.296694	0.269942	0.291291	0.299396	0.293272	0.301512	0.306454	0.308805	0.302964	0.311334	0.314071	0.303398	0.298780	0.291069	0.282572	0.314234	0.304412	0.300392	0.324598	0.330882	0.326216	0.302946	0.315928	0.291179	0.292978	0.309817	0.303446	0.280160	0.279007	0.291983	0.279951	0.289872	0.275518	0.285889	0.307307	0.292123	0.310980	0.322557	0.317310	0.282127	0.297885	0.301926	0.284560	0.292724	0.295971	0.305554	0.312259	0.292122	0.340072	0.336296	0.344678	0.368884	0.289983	0.301608	0.285606	0.282795	0.303288	0.299721	0.311696	0.316297	0.295843	0.307905	0.309109	0.324031	0.300392	0.301582	0.298556	0.313642	0.316502	0.297698	0.297133	0.290585	0.351863	0.301058	0.331622	0.292453	0.296877	0.286837	0.314408	0.310018	0.297481	
0.329195	0.319056	0.308967	0.323960	0.318906	0.301783	0.270875	0.317977	0.298158	0.000000	0.094543	0.376369	0.378686	0.376276	0.328121	0.349427	0.325444	0.363966	0.366664	0.358110	0.387397	0.370934	0.354455	0.336096	0.354134	0.310382	0.299588	0.310034	0.305101	0.298476	0.331739	0.329436	0.315044	0.368107	0.316435	0.304173	0.297986	0.303589	0.312253	0.323798	0.298755	0.330909	0.335444	0.321118	0.307650	0.313215	0.326568	0.331758	0.353867	0.349972	0.326264	0.321179	0.325808	0.301765	0.354997	0.297493	0.321372	0.348664	0.336566	0.317667	0.313653	0.329678	0.319548	0.310674	0.341181	0.345582	0.304019	0.323621	0.320909	0.308971	0.318226	0.300892	0.310468	0.306718	0.309152	0.324136	0.330798	0.309014	0.311293	0.296931	0.309614	0.326157	0.311850	0.315531	0.313521	0.316216	0.321418	0.344862	0.351377	0.344855	0.361867	0.321674	0.312714	0.326668	0.308853	0.330647	0.326569	0.346348	0.329717	0.312650	0.346981	0.320479	0.358964	0.351333	0.361803	0.303027	0.326325	0.324238	0.309944	0.326989	0.309981	0.349873	0.335707	0.343109	0.292526	0.316676	0.308500	0.320402	0.324346	0.324261	
0.334110	0.329353	0.315498	0.328917	0.327388	0.290976	0.302869	0.307230	0.287205	0.094543	0.000000	0.374627	0.383405	0.381867	0.333308	0.335441	0.313640	0.375186	0.358917	0.371465	0.380106	0.355388	0.350825	0.370663	0.358025	0.337635	0.289571	0.308763	0.315083	0.320838	0.336110	0.331277	0.301619	0.361714	0.302813	0.311443	0.314180	0.312371	0.324304	0.335696	0.310200	0.329861	0.335604	0.324491	0.293917	0.310695	0.325702	0.319086	0.351639	0.341101	0.334815	0.334428	0.340321	0.296064	0.354748	0.307781	0.331332	0.366227	0.345927	0.325977	0.324289	0.339808	0.331404	0.330651	0.332835	0.335621	0.289400	0.308908	0.309453	0.294859	0.321079	0.305836	0.317556	0.321761	0.327893	0.306375	0.329199	0.308115	0.295317	0.281181	0.289184	0.309681	0.320562	0.296773	0.319474	0.323514	0.320119	0.341991	0.340804	0.335382	0.352604	0.327730	0.324455	0.331484	0.325428	0.342586	0.343446	0.356486	0.337431	0.320098	0.336090	0.325480	0.353665	0.345671	0.358591	0.319419	0.342321	0.336949	0.322184	0.335965	0.325051	0.357368	0.335030	0.350827	0.304131	0.314885	0.318920	0.344183	0.328774	0.346795	
0.344075	0.346105	0.360194	0.358190	0.352431	0.319312	0.339289	0.334696	0.335633	0.376369	0.374627	0.000000	0.079090	0.198071	0.313376	0.344627	0.279819	0.164683	0.219761	0.217051	0.327407	0.349614	0.318239	0.322293	0.384416	0.365660	0.365773	0.367930	0.361921	0.342377	0.371515	0.339938	0.367827	0.332035	0.364083	0.359326	0.351549	0.364024	0.357324	0.356605	0.354125	0.350180	0.348005	0.326296	0.386027	0.386308	0.361549	0.344537	0.373765	0.361557	0.369311	0.363125	0.372502	0.364623	0.292899	0.341751	0.359286	0.353119	0.360623	0.373215	0.364687	0.363190	0.330521	0.334924	0.346754	0.341736	0.352333	0.369864	0.372389	0.363909	0.366637	0.359452	0.354281	0.386571	0.367192	0.338222	0.377151	0.360936	0.347234	0.371121	0.366623	0.357830	0.343642	0.359066	0.332618	0.337697	0.363360	0.370341	0.365155	0.389973	0.384908	0.346793	0.354667	0.354330	0.358437	0.349504	0.353183	0.359869	0.360879	0.343883	0.365219	0.376583	0.368581	0.366781	0.372176	0.336033	0.359098	0.362433	0.330129	0.342686	0.326723	0.358214	0.340112	0.381576	0.348431	0.344607	0.326223	0.369551	0.355828	0.360103	
0.346701	0.350134	0.353026	0.349733	0.347416	0.313626	0.326822	0.336892	0.327638	0.378686	0.383405	0.079090	0.000000	0.210447	0.341390	0.368601	0.306534	0.175792	0.227923	0.220884	0.335366	0.350168	0.324946	0.325105	0.380096	0.361768	0.364349	0.367801	0.360778	0.336562	0.359974	0.335464	0.368092	0.330151	0.365007	0.354544	0.352531	0.360529	0.359206	0.354553	0.354010	0.365774	0.361906	0.343968	0.390219	0.381639	0.355579	0.348692	0.370766	0.357618	0.364963	0.369259	0.369804	0.364512	0.313079	0.342911	0.350987	0.344204	0.368368	0.356991	0.360463	0.348643	0.329996	0.336677	0.349223	0.346989	0.352000	0.369980	0.367511	0.362070	0.364094	0.355976	0.357490	0.391653	0.369594	0.340744	0.372353	0.369372	0.350204	0.364076	0.355502	0.353636	0.347561	0.363023	0.336104	0.339419	0.365748	0.368345	0.363501	0.386158	0.382066	0.350231	0.343309	0.356206	0.362228	0.354694	0.360615	0.365044	0.356316	0.337186	0.370608	0.366085	0.375963	0.374585	0.375764	0.335484	0.360692	0.353640	0.335559	0.338045	0.329416	0.357283	0.338421	0.375772	0.347298	0.334105	0.324822	0.380163	0.358808	0.366670	
0.335856	0.335475	0.353710	0.347031	0.341652	0.329141	0.326332	0.344225	0.335417	0.376276	0.381867	0.198071	0.210447	0.000000	0.299701	0.343838	0.292621	0.230940	0.270636	0.259855	0.335037	0.349221	0.331638	0.296145	0.368390	0.344486	0.358789	0.361295	0.351500	0.334684	0.365869	0.336893	0.369622	0.330741	0.363277	0.337306	0.338420	0.373011	0.358654	0.354262	0.354001	0.349334	0.349909	0.340611	0.398339	0.401353	0.383133	0.347761	0.362302	0.370558	0.351170	0.342803	0.341675	0.358091	0.290941	0.346983	0.350350	0.346773	0.353052	0.359725	0.353838	0.356143	0.332805	0.335342	0.358559	0.347383	0.348545	0.373302	0.377579	0.367275	0.368162	0.357083	0.348802	0.366618	0.345428	0.347926	0.367004	0.356257	0.357213	0.378220	0.373036	0.359687	0.350464	0.362056	0.347499	0.356261	0.362183	0.371313	0.354816	0.390895	0.383399	0.352313	0.356007	0.349692	0.352567	0.339333	0.343377	0.363944	0.356938	0.346621	0.379595	0.382351	0.383405	0.378800	0.388704	0.334054	0.369523	0.365220	0.335656	0.343726	0.338629	0.377261	0.355996	0.386541	0.353169	0.363302	0.341463	0.362254	0.355636	0.359663	
0.301175	0.287194	0.313715	0.318264	0.307884	0.307642	0.297138	0.319581	0.305756	0.328121	0.333308	0.313376	0.341390	0.299701	0.000000	0.164485	0.172676	0.316301	0.300854	0.318713	0.370927	0.357936	0.331943	0.327581	0.343233	0.315784	0.317102	0.312310	0.306423	0.308530	0.332034	0.313254	0.304431	0.339089	0.305329	0.308644	0.305455	0.328559	0.317196	0.312275	0.315050	0.324028	0.327348	0.321502	0.345118	0.348247	0.311098	0.284035	0.300364	0.295474	0.294080	0.284184	0.294115	0.299995	0.253559	0.313426	0.315087	0.337306	0.338525	0.344455	0.331248	0.335415	0.300147	0.301014	0.320093	0.308819	0.322941	0.311985	0.327192	0.328489	0.321635	0.320019	0.317237	0.321250	0.312328	0.303141	0.339490	0.331193	0.328196	0.329015	0.348614	0.321579	0.321351	0.326139	0.310296	0.317137	0.321171	0.354962	0.339559	0.335057	0.353739	0.303858	0.314869	0.306808	0.300222	0.285991	0.290308	0.323211	0.317686	0.308584	0.335992	0.337934	0.332117	0.319340	0.322508	0.314744	0.306366	0.317319	0.314284	0.318899	0.289500	0.347046	0.327150	0.349103	0.299714	0.307123	0.313684	0.327428	0.303082	0.336185	
0.337173	0.338374	0.347911	0.356582	0.346652	0.335470	0.332692	0.339482	0.329959	0.349427	0.335441	0.344627	0.368601	0.343838	0.164485	0.000000	0.137267	0.366734	0.338336	0.364913	0.386690	0.366480	0.365201	0.363883	0.384415	0.354956	0.338977	0.330855	0.329037	0.329800	0.348555	0.332366	0.328869	0.369200	0.329489	0.336317	0.333906	0.341566	0.348867	0.342817	0.345865	0.343708	0.349242	0.345553	0.350192	0.355354	0.344304	0.296500	0.333244	0.309248	0.308061	0.325064	0.315902	0.335059	0.251238	0.343737	0.327992	0.348957	0.352983	0.356473	0.362269	0.358945	0.345128	0.342514	0.320158	0.289687	0.335131	0.338562	0.347119	0.348573	0.362946	0.354674	0.337130	0.343737	0.341580	0.313638	0.366155	0.358658	0.342702	0.351043	0.346953	0.333009	0.351867	0.345143	0.340246	0.343036	0.345464	0.354007	0.338718	0.359500	0.373834	0.323137	0.338681	0.334201	0.329181	0.321743	0.335204	0.351536	0.347406	0.345427	0.365428	0.352550	0.365655	0.350467	0.357686	0.355615	0.331485	0.330912	0.348296	0.356121	0.334548	0.369201	0.356193	0.356197	0.336800	0.338335	0.345899	0.362732	0.341574	0.373992	
0.300901	0.298356	0.311967	0.315482	0.317054	0.286019	0.300284	0.301137	0.291493	0.325444	0.313640	0.279819	0.306534	0.292621	0.172676	0.137267	0.000000	0.305631	0.298337	0.318975	0.355064	0.329974	0.333434	0.327988	0.345018	0.317813	0.321737	0.311002	0.309399	0.297416	0.321666	0.297290	0.313968	0.340650	0.311177	0.321914	0.316051	0.335640	0.322088	0.323932	0.313252	0.311752	0.316430	0.303516	0.321154	0.333456	0.300369	0.279907	0.302727	0.288353	0.301758	0.299158	0.301024	0.298916	0.152392	0.322425	0.316784	0.336912	0.338270	0.353149	0.336342	0.343099	0.302381	0.312319	0.313954	0.294957	0.295644	0.301303	0.308002	0.310850	0.318200	0.318701	0.307986	0.312582	0.310319	0.283419	0.342395	0.331182	0.315862	0.321378	0.328428	0.293579	0.311278	0.306054	0.305392	0.309545	0.301426	0.347743	0.331743	0.337212	0.351430	0.299700	0.318868	0.308775	0.306630	0.305292	0.318307	0.333866	0.322758	0.312730	0.342944	0.336342	0.329568	0.313794	0.322613	0.321237	0.321524	0.324372	0.321131	0.320111	0.290632	0.348689	0.302691	0.335408	0.305657	0.326497	0.321461	0.341166	0.307302	0.346673	
0.324141	0.330789	0.346478	0.341701	0.329646	0.327281	0.323110	0.338807	0.327051	0.363966	0.375186	0.164683	0.175792	0.230940	0.316301	0.366734	0.305631	0.000000	0.144494	0.089796	0.336937	0.368970	0.302920	0.302162	0.367821	0.349146	0.352496	0.343237	0.327236	0.329790	0.357804	0.333755	0.350896	0.316495	0.348390	0.343027	0.335162	0.347657	0.352654	0.348997	0.347094	0.347633	0.346363	0.326866	0.371089	0.377613	0.364144	0.342835	0.344565	0.348750	0.340843	0.332216	0.343622	0.343660	0.290057	0.333370	0.343215	0.337994	0.338228	0.369233	0.354713	0.355928	0.320717	0.326276	0.332027	0.344860	0.339721	0.360163	0.362267	0.343330	0.344454	0.336039	0.346200	0.369640	0.345492	0.336689	0.345633	0.346818	0.346784	0.361254	0.367900	0.341796	0.343401	0.344423	0.317165	0.323442	0.352425	0.354290	0.353544	0.377016	0.390873	0.320536	0.328392	0.328709	0.333572	0.326995	0.335932	0.336881	0.318185	0.315970	0.371329	0.385189	0.375274	0.355639	0.364989	0.330436	0.343650	0.330880	0.333623	0.319924	0.317149	0.334818	0.322055	0.364871	0.337743	0.325076	0.313444	0.339118	0.323777	0.326592	
0.319073	0.323414	0.339238	0.332048	0.329392	0.316503	0.324603	0.325950	0.304417	0.366664	0.358917	0.219761	0.227923	0.270636	0.300854	0.338336	0.298337	0.144494	0.000000	0.171038	0.327014	0.354290	0.299345	0.318124	0.346940	0.335610	0.346145	0.339598	0.335339	0.323698	0.345669	0.337827	0.341326	0.308629	0.337501	0.343879	0.339128	0.341461	0.343173	0.337137	0.346562	0.343681	0.345500	0.341710	0.370002	0.375409	0.345013	0.328487	0.348576	0.339278	0.340831	0.333886	0.346148	0.333392	0.277293	0.327572	0.341718	0.336806	0.344801	0.354147	0.340200	0.344117	0.317304	0.314957	0.337579	0.322452	0.337259	0.352629	0.361559	0.343587	0.353425	0.344917	0.339732	0.363424	0.343448	0.335046	0.355547	0.346591	0.344890	0.347591	0.361624	0.328036	0.343426	0.342034	0.308509	0.313741	0.343716	0.351799	0.350002	0.374114	0.388597	0.324988	0.339713	0.322208	0.334077	0.321504	0.326286	0.337413	0.317753	0.313852	0.346630	0.363887	0.358351	0.338395	0.351417	0.325760	0.338827	0.328249	0.333027	0.312887	0.316031	0.341286	0.316569	0.361930	0.337876	0.319820	0.312448	0.350298	0.313883	0.344358	
0.329389	0.328659	0.345242	0.336640	0.329408	0.332916	0.326423	0.345142	0.332711	0.358110	0.371465	0.217051	0.220884	0.259855	0.318713	0.364913	0.318975	0.089796	0.171038	0.000000	0.341081	0.369891	0.305830	0.308089	0.369175	0.352325	0.350275	0.342310	0.326487	0.320660	0.349598	0.330227	0.354718	0.315896	0.352426	0.341891	0.333164	0.344986	0.341801	0.343790	0.339669	0.342074	0.342360	0.323429	0.366503	0.371369	0.356305	0.341471	0.350394	0.349245	0.339743	0.332453	0.341885	0.342156	0.296055	0.334390	0.346997	0.340902	0.342256	0.366594	0.348913	0.357999	0.315296	0.313098	0.333053	0.338247	0.344212	0.363088	0.362808	0.347197	0.347275	0.337865	0.338775	0.365300	0.342381	0.329696	0.336257	0.339746	0.346953	0.362052	0.370176	0.339635	0.340179	0.341085	0.319230	0.324337	0.347603	0.356211	0.359667	0.370666	0.391318	0.315478	0.330394	0.327329	0.327848	0.326523	0.338949	0.336923	0.329137	0.325477	0.367869	0.369390	0.377381	0.355742	0.364665	0.332316	0.348524	0.340101	0.337986	0.327701	0.321028	0.334932	0.323350	0.370005	0.336451	0.328773	0.314926	0.348702	0.323828	0.329190	
0.368985	0.369090	0.370885	0.380647	0.390045	0.375366	0.375793	0.380299	0.371096	0.387397	0.380106	0.327407	0.335366	0.335037	0.370927	0.386690	0.355064	0.336937	0.327014	0.341081	0.000000	0.237833	0.099920	0.346542	0.372482	0.368761	0.375372	0.363643	0.371666	0.371607	0.374048	0.374675	0.363703	0.296500	0.358572	0.389118	0.371264	0.388840	0.364848	0.366190	0.355214	0.382322	0.377750	0.378953	0.386755	0.379070	0.391950	0.362688	0.385512	0.375998	0.367491	0.356605	0.399384	0.360453	0.370600	0.363882	0.402556	0.381343	0.385038	0.405116	0.371773	0.401846	0.357530	0.365891	0.401168	0.376510	0.329242	0.375629	0.365086	0.342004	0.364809	0.352998	0.363269	0.373702	0.368681	0.333656	0.385505	0.359897	0.331531	0.374769	0.348602	0.354373	0.384236	0.371033	0.338033	0.343593	0.342774	0.367425	0.360559	0.401887	0.393531	0.357928	0.391867	0.359223	0.364423	0.371487	0.378401	0.398641	0.392238	0.368389	0.392667	0.391880	0.377452	0.373235	0.374958	0.358620	0.385343	0.379320	0.351911	0.363397	0.366199	0.392432	0.350031	0.391620	0.357010	0.365461	0.357970	0.394061	0.379341	0.391807	
0.302711	0.342913	0.341179	0.333404	0.332935	0.358241	0.345637	0.366760	0.350324	0.370934	0.355388	0.349614	0.350168	0.349221	0.357936	0.366480	0.329974	0.368970	0.354290	0.369891	0.237833	0.000000	0.304928	0.375293	0.324278	0.339637	0.347323	0.335235	0.336683	0.329685	0.325101	0.337638	0.342483	0.364407	0.341926	0.348640	0.341126	0.356663	0.342587	0.339462	0.334454	0.344263	0.346468	0.343279	0.386605	0.380159	0.356452	0.330767	0.345399	0.343592	0.342736	0.334507	0.363918	0.342528	0.300481	0.351854	0.363480	0.323488	0.319126	0.361051	0.342913	0.358333	0.318411	0.331554	0.342262	0.334062	0.342218	0.360400	0.353203	0.337068	0.350874	0.344027	0.341539	0.344436	0.336356	0.327692	0.371777	0.353939	0.333897	0.362432	0.346334	0.343254	0.357262	0.353965	0.310725	0.311531	0.304443	0.311265	0.322632	0.351842	0.352713	0.340427	0.359316	0.336629	0.337512	0.332122	0.341981	0.359469	0.346171	0.326944	0.356976	0.352807	0.351271	0.345422	0.341584	0.334685	0.345880	0.358346	0.332355	0.349698	0.330232	0.321158	0.304722	0.343561	0.348516	0.349786	0.341640	0.361185	0.337693	0.373108	
0.333173	0.328842	0.345469	0.356734	0.352137	0.349011	0.335106	0.356924	0.332950	0.354455	0.350825	0.318239	0.324946	0.331638	0.331943	0.365201	0.333434	0.302920	0.299345	0.305830	0.099920	0.304928	0.000000	0.304442	0.373252	0.353338	0.348230	0.341286	0.343655	0.334588	0.352559	0.339247	0.339243	0.270724	0.333833	0.360892	0.338189	0.358235	0.338368	0.344271	0.329815	0.361525	0.357526	0.359928	0.348580	0.341573	0.367295	0.337906	0.353620	0.343207	0.327357	0.320157	0.364206	0.340535	0.347519	0.338203	0.369302	0.345351	0.354189	0.382920	0.353954	0.369721	0.323540	0.336002	0.362380	0.353206	0.305339	0.342397	0.326429	0.318291	0.327383	0.309712	0.335801	0.357316	0.347996	0.304596	0.355226	0.337583	0.327695	0.348971	0.345523	0.338443	0.355617	0.352276	0.300162	0.310613	0.307355	0.353621	0.371100	0.379895	0.400420	0.331494	0.360568	0.337303	0.316034	0.345065	0.342196	0.361045	0.355581	0.334579	0.386120	0.383735	0.371728	0.344744	0.349944	0.346856	0.347617	0.344173	0.339616	0.331551	0.325989	0.364869	0.332162	0.368379	0.330437	0.336024	0.326982	0.371475	0.353973	0.360193	
0.331447	0.328480	0.326538	0.318744	0.312407	0.325682	0.266948	0.334087	0.296392	0.336096	0.370663	0.322293	0.325105	0.296145	0.327581	0.363883	0.327988	0.302162	0.318124	0.308089	0.346542	0.375293	0.304442	0.000000	0.303146	0.312532	0.355553	0.362208	0.340051	0.279513	0.364465	0.333125	0.367685	0.298581	0.361453	0.341156	0.315241	0.361568	0.349626	0.359203	0.343147	0.354038	0.348891	0.350302	0.391358	0.395738	0.356486	0.348059	0.359359	0.366299	0.342960	0.338430	0.335802	0.349990	0.329958	0.340897	0.336692	0.340693	0.316311	0.357802	0.349194	0.351496	0.331916	0.336739	0.352697	0.348845	0.357956	0.362307	0.360307	0.361812	0.354058	0.352344	0.340094	0.338272	0.330326	0.362272	0.351534	0.324147	0.373158	0.366423	0.394296	0.360635	0.340971	0.351481	0.332817	0.342021	0.347290	0.371044	0.343823	0.339046	0.363591	0.365021	0.365150	0.352048	0.318830	0.344291	0.354548	0.352496	0.347772	0.342259	0.383409	0.397159	0.388205	0.360598	0.362618	0.323253	0.342724	0.344755	0.337501	0.325357	0.308306	0.346063	0.326462	0.353998	0.349389	0.349085	0.330031	0.368367	0.355034	0.364065	
0.235268	0.243042	0.196102	0.193198	0.259273	0.335728	0.289068	0.323551	0.311496	0.354134	0.358025	0.384416	0.380096	0.368390	0.343233	0.384415	0.345018	0.367821	0.346940	0.369175	0.372482	0.324278	0.373252	0.303146	0.000000	0.143621	0.323262	0.329997	0.315485	0.301898	0.326683	0.345424	0.339934	0.385522	0.344377	0.333797	0.325286	0.331363	0.326778	0.317925	0.311627	0.324119	0.327613	0.322422	0.345601	0.356959	0.339589	0.345069	0.328939	0.333781	0.326670	0.319857	0.318411	0.318113	0.353375	0.313139	0.288216	0.327077	0.322318	0.307400	0.277734	0.306774	0.317164	0.318284	0.320999	0.330523	0.320765	0.337304	0.347317	0.343730	0.340154	0.326004	0.324916	0.310592	0.319018	0.326981	0.318549	0.335131	0.332998	0.340404	0.345016	0.320919	0.297019	0.312789	0.323262	0.330245	0.327990	0.341807	0.306442	0.347863	0.356012	0.312917	0.316518	0.319753	0.317363	0.304476	0.314531	0.314823	0.303584	0.301860	0.349236	0.356692	0.345106	0.313759	0.316605	0.306096	0.305363	0.316421	0.312082	0.304844	0.286208	0.338587	0.312628	0.335678	0.327440	0.326578	0.313285	0.316474	0.316793	0.313538	
0.230360	0.230697	0.146573	0.183612	0.261048	0.314756	0.186278	0.305515	0.270486	0.310382	0.337635	0.365660	0.361768	0.344486	0.315784	0.354956	0.317813	0.349146	0.335610	0.352325	0.368761	0.339637	0.353338	0.312532	0.143621	0.000000	0.315389	0.319996	0.299183	0.290126	0.311691	0.330040	0.337551	0.377876	0.342615	0.321826	0.316094	0.326877	0.317369	0.308119	0.298613	0.318425	0.321496	0.320082	0.312400	0.320130	0.323295	0.324102	0.316462	0.319297	0.311948	0.311729	0.311767	0.310616	0.331154	0.301503	0.292462	0.322666	0.325858	0.303940	0.282054	0.291954	0.291268	0.295304	0.306958	0.308845	0.290115	0.304832	0.310201	0.308440	0.304794	0.292225	0.312365	0.309963	0.293984	0.319958	0.331502	0.331010	0.298361	0.310390	0.309344	0.299238	0.295146	0.309675	0.310070	0.318692	0.295866	0.329553	0.328418	0.365643	0.377065	0.291156	0.304797	0.297749	0.319787	0.308679	0.324278	0.309721	0.293087	0.286724	0.350696	0.344761	0.349256	0.317048	0.322503	0.295158	0.299793	0.304566	0.300870	0.295514	0.282679	0.340898	0.309408	0.320052	0.312241	0.322993	0.305697	0.321324	0.300502	0.310080	
0.313335	0.290964	0.304182	0.300623	0.288247	0.280735	0.292417	0.284986	0.275414	0.299588	0.289571	0.365773	0.364349	0.358789	0.317102	0.338977	0.321737	0.352496	0.346145	0.350275	0.375372	0.347323	0.348230	0.355553	0.323262	0.315389	0.000000	0.169965	0.236906	0.308008	0.294896	0.300229	0.140170	0.259234	0.142049	0.311424	0.309610	0.316485	0.286820	0.296041	0.278268	0.313446	0.319377	0.321005	0.334264	0.321485	0.321301	0.317207	0.318933	0.319430	0.310768	0.296412	0.312864	0.306175	0.332600	0.304088	0.310101	0.340898	0.326741	0.310273	0.307566	0.301015	0.296686	0.304611	0.321280	0.312642	0.297606	0.312479	0.318458	0.297080	0.313821	0.307253	0.290268	0.310528	0.291865	0.299423	0.302634	0.301553	0.300703	0.288718	0.297742	0.301453	0.312283	0.309534	0.307622	0.311925	0.311314	0.320595	0.328694	0.341103	0.361348	0.296892	0.294778	0.298671	0.274452	0.291650	0.311024	0.317272	0.333001	0.308793	0.327739	0.329437	0.361749	0.336026	0.336721	0.310990	0.323362	0.315973	0.317659	0.317080	0.296070	0.345133	0.315804	0.345631	0.289792	0.288443	0.300226	0.306379	0.326180	0.298076	
0.296607	0.299425	0.303072	0.301796	0.289572	0.303817	0.293602	0.302771	0.298986	0.310034	0.308763	0.367930	0.367801	0.361295	0.312310	0.330855	0.311002	0.343237	0.339598	0.342310	0.363643	0.335235	0.341286	0.362208	0.329997	0.319996	0.169965	0.000000	0.134177	0.297127	0.294746	0.301515	0.166203	0.274104	0.170217	0.313785	0.308330	0.310400	0.291597	0.299616	0.290685	0.308209	0.311461	0.322840	0.326141	0.321279	0.327075	0.306636	0.308586	0.315305	0.299873	0.280999	0.297442	0.306898	0.326344	0.295184	0.310034	0.334135	0.315179	0.302480	0.293421	0.288950	0.293859	0.301583	0.314695	0.299984	0.300266	0.314907	0.318069	0.294405	0.319298	0.305819	0.286369	0.305428	0.288809	0.290783	0.316609	0.303407	0.294980	0.283880	0.292641	0.288291	0.302294	0.306407	0.293505	0.299523	0.307323	0.317690	0.322452	0.338658	0.355659	0.289197	0.292275	0.282187	0.292295	0.313331	0.312230	0.317111	0.318750	0.293591	0.348526	0.329042	0.351497	0.332222	0.323822	0.307650	0.316911	0.293284	0.315126	0.307770	0.286329	0.325760	0.294940	0.332191	0.282906	0.303236	0.296623	0.309504	0.325748	0.300663	
0.282263	0.279552	0.282874	0.282384	0.272615	0.297851	0.283718	0.295570	0.290531	0.305101	0.315083	0.361921	0.360778	0.351500	0.306423	0.329037	0.309399	0.327236	0.335339	0.326487	0.371666	0.336683	0.343655	0.340051	0.315485	0.299183	0.236906	0.134177	0.000000	0.295285	0.293764	0.299398	0.258403	0.297847	0.265651	0.303806	0.301466	0.304693	0.297350	0.303191	0.294042	0.307840	0.309703	0.314692	0.328464	0.325992	0.332885	0.305102	0.297012	0.312935	0.280576	0.270130	0.282242	0.297248	0.327931	0.282650	0.294124	0.317563	0.295468	0.310561	0.295199	0.295175	0.290021	0.297819	0.315427	0.303181	0.298312	0.305622	0.311246	0.294651	0.309188	0.298856	0.284730	0.307568	0.289275	0.292162	0.311659	0.299837	0.298728	0.292384	0.305011	0.287474	0.292124	0.305241	0.284524	0.290677	0.308482	0.325083	0.330278	0.347103	0.364910	0.284209	0.295142	0.278127	0.271785	0.294274	0.293141	0.313751	0.312639	0.293448	0.339878	0.319487	0.342033	0.319355	0.312657	0.299534	0.301417	0.289963	0.312374	0.296700	0.279267	0.317646	0.296619	0.323353	0.285599	0.301794	0.281156	0.314556	0.316239	0.310323	
0.275070	0.280951	0.287605	0.287402	0.273851	0.304915	0.250987	0.310911	0.273927	0.298476	0.320838	0.342377	0.336562	0.334684	0.308530	0.329800	0.297416	0.329790	0.323698	0.320660	0.371607	0.329685	0.334588	0.279513	0.301898	0.290126	0.308008	0.297127	0.295285	0.000000	0.171526	0.131556	0.313791	0.347010	0.316138	0.287419	0.278917	0.292616	0.292996	0.307392	0.284907	0.296979	0.295282	0.286655	0.341213	0.348015	0.336458	0.297391	0.324082	0.330812	0.300141	0.295316	0.288429	0.300040	0.300997	0.283809	0.280193	0.308543	0.295936	0.304708	0.282658	0.307248	0.284490	0.294868	0.296052	0.299525	0.309238	0.327776	0.331734	0.318516	0.321438	0.304409	0.285979	0.289394	0.298997	0.299002	0.305354	0.311347	0.310874	0.314129	0.326692	0.301328	0.273784	0.287649	0.306530	0.310987	0.312326	0.330785	0.311709	0.328085	0.347875	0.293623	0.287797	0.297643	0.277201	0.298355	0.297354	0.317419	0.309843	0.284248	0.331533	0.332678	0.346614	0.320997	0.320027	0.281172	0.288608	0.295938	0.304421	0.299948	0.270347	0.335481	0.291784	0.326474	0.300891	0.292791	0.276363	0.333568	0.319093	0.317603	
0.297455	0.276578	0.300247	0.303100	0.298767	0.303470	0.299974	0.295734	0.290639	0.331739	0.336110	0.371515	0.359974	0.365869	0.332034	0.348555	0.321666	0.357804	0.345669	0.349598	0.374048	0.325101	0.352559	0.364465	0.326683	0.311691	0.294896	0.294746	0.293764	0.171526	0.000000	0.105726	0.314322	0.364311	0.317271	0.306216	0.311447	0.317835	0.290853	0.302387	0.288130	0.328205	0.329986	0.325833	0.338162	0.345705	0.343878	0.300095	0.310322	0.334887	0.314884	0.312411	0.302468	0.308803	0.328313	0.309422	0.314618	0.341137	0.338625	0.325729	0.301256	0.317326	0.301556	0.309894	0.328715	0.310610	0.319344	0.336281	0.332813	0.325548	0.332646	0.321562	0.300136	0.329899	0.311105	0.327416	0.329095	0.334647	0.321620	0.318938	0.321553	0.308190	0.311502	0.320544	0.329673	0.331159	0.322824	0.349842	0.343927	0.351187	0.365432	0.302705	0.318783	0.303380	0.277637	0.290659	0.320738	0.313143	0.332147	0.308743	0.326729	0.320297	0.342127	0.316993	0.299270	0.308490	0.317100	0.319672	0.330619	0.324624	0.301292	0.363848	0.316622	0.349930	0.314285	0.315996	0.311307	0.315772	0.323732	0.323109	
0.302331	0.279358	0.306959	0.314063	0.300785	0.297317	0.290229	0.305720	0.277421	0.329436	0.331277	0.339938	0.335464	0.336893	0.313254	0.332366	0.297290	0.333755	0.337827	0.330227	0.374675	0.337638	0.339247	0.333125	0.345424	0.330040	0.300229	0.301515	0.299398	0.131556	0.105726	0.000000	0.297505	0.359185	0.298916	0.309940	0.304922	0.329660	0.304127	0.302967	0.298974	0.330601	0.330605	0.317792	0.342789	0.353802	0.351509	0.299091	0.305551	0.333131	0.313866	0.308887	0.304496	0.310485	0.309981	0.312862	0.308899	0.331090	0.329814	0.330467	0.312256	0.320235	0.307190	0.318002	0.310699	0.316398	0.321540	0.335131	0.332054	0.327114	0.334974	0.318857	0.302447	0.336522	0.317085	0.320123	0.322801	0.334414	0.323559	0.327116	0.337335	0.310260	0.309363	0.323758	0.329230	0.335252	0.326030	0.345378	0.333980	0.360829	0.371671	0.307584	0.303774	0.313457	0.276678	0.281481	0.302485	0.320882	0.338164	0.316569	0.332332	0.331817	0.327883	0.312780	0.313056	0.306061	0.311129	0.318627	0.332214	0.325571	0.303033	0.350807	0.315184	0.349445	0.307159	0.310850	0.310194	0.306198	0.325895	0.314029	
0.305290	0.294711	0.317933	0.319298	0.310472	0.305719	0.308811	0.307835	0.300167	0.315044	0.301619	0.367827	0.368092	0.369622	0.304431	0.328869	0.313968	0.350896	0.341326	0.354718	0.363703	0.342483	0.339243	0.367685	0.339934	0.337551	0.140170	0.166203	0.258403	0.313791	0.314322	0.297505	0.000000	0.238998	0.012608	0.324191	0.318252	0.332063	0.301682	0.298635	0.295231	0.323819	0.329043	0.333825	0.348276	0.344366	0.321682	0.301264	0.306508	0.308100	0.296652	0.276857	0.309916	0.304328	0.329146	0.314873	0.323882	0.340043	0.331305	0.313386	0.322069	0.302565	0.307065	0.319060	0.330790	0.317785	0.316045	0.338077	0.342443	0.313363	0.334413	0.325417	0.299817	0.323732	0.310052	0.302653	0.322843	0.316336	0.313200	0.304739	0.311700	0.305104	0.321691	0.322047	0.315278	0.323802	0.322801	0.327857	0.330772	0.351170	0.367880	0.300947	0.288126	0.306693	0.292033	0.291869	0.286836	0.329149	0.335284	0.309516	0.337407	0.319755	0.327621	0.313222	0.312067	0.327593	0.325311	0.307561	0.325057	0.322402	0.300051	0.347761	0.317725	0.350226	0.294561	0.297417	0.311512	0.306007	0.330713	0.302627	
0.335712	0.332063	0.362974	0.359235	0.348695	0.341861	0.341906	0.341490	0.333103	0.368107	0.361714	0.332035	0.330151	0.330741	0.339089	0.369200	0.340650	0.316495	0.308629	0.315896	0.296500	0.364407	0.270724	0.298581	0.385522	0.377876	0.259234	0.274104	0.297847	0.347010	0.364311	0.359185	0.238998	0.000000	0.231786	0.350164	0.346611	0.349348	0.350216	0.358884	0.344489	0.365047	0.365575	0.362947	0.398857	0.382493	0.358953	0.347069	0.342712	0.337322	0.326871	0.309803	0.347993	0.344423	0.345624	0.350378	0.367208	0.342742	0.347045	0.375692	0.358320	0.358091	0.332497	0.339433	0.366035	0.351988	0.345368	0.368261	0.368203	0.344423	0.357200	0.353662	0.327674	0.350916	0.332169	0.322519	0.352341	0.335924	0.367490	0.373043	0.385856	0.353789	0.365942	0.355019	0.324723	0.328233	0.345459	0.355342	0.361429	0.365529	0.387122	0.351582	0.362994	0.335785	0.327385	0.346605	0.336864	0.353787	0.360449	0.336499	0.377163	0.346217	0.367887	0.342361	0.341853	0.357879	0.368691	0.350663	0.348970	0.337425	0.326071	0.346022	0.322519	0.368731	0.346525	0.333031	0.332796	0.359276	0.348617	0.349243	
0.309286	0.298872	0.322939	0.324792	0.314715	0.309504	0.312766	0.313134	0.304282	0.316435	0.302813	0.364083	0.365007	0.363277	0.305329	0.329489	0.311177	0.348390	0.337501	0.352426	0.358572	0.341926	0.333833	0.361453	0.344377	0.342615	0.142049	0.170217	0.265651	0.316138	0.317271	0.298916	0.012608	0.231786	0.000000	0.328333	0.323308	0.336462	0.304989	0.302960	0.299611	0.327497	0.332458	0.337207	0.351602	0.347313	0.323684	0.302903	0.309208	0.309449	0.299408	0.279369	0.312518	0.305075	0.325733	0.318503	0.326544	0.338542	0.329916	0.316765	0.325673	0.305590	0.307526	0.320518	0.332324	0.320436	0.318737	0.339428	0.342613	0.316473	0.336547	0.327652	0.303165	0.325899	0.311820	0.304549	0.326657	0.318191	0.316968	0.307636	0.315525	0.308306	0.326523	0.325021	0.313836	0.323379	0.321059	0.328140	0.332324	0.351785	0.368358	0.306784	0.293774	0.309084	0.295228	0.293190	0.290176	0.330902	0.338242	0.312221	0.341161	0.323196	0.331451	0.317066	0.315529	0.331308	0.328493	0.311779	0.327903	0.324613	0.302048	0.346684	0.316381	0.350766	0.297483	0.302106	0.315385	0.307442	0.331963	0.304904	
0.303808	0.302854	0.304126	0.298961	0.293649	0.317965	0.296651	0.322121	0.303339	0.304173	0.311443	0.359326	0.354544	0.337306	0.308644	0.336317	0.321914	0.343027	0.343879	0.341891	0.389118	0.348640	0.360892	0.341156	0.333797	0.321826	0.311424	0.313785	0.303806	0.287419	0.306216	0.309940	0.324191	0.350164	0.328333	0.000000	0.141615	0.161263	0.298525	0.304746	0.302397	0.323278	0.324733	0.316660	0.339888	0.341245	0.333859	0.322932	0.326465	0.331236	0.317564	0.308180	0.304596	0.303815	0.339908	0.200742	0.292515	0.326460	0.315774	0.280079	0.275677	0.300841	0.296136	0.287214	0.316458	0.299893	0.326935	0.335732	0.344387	0.336324	0.343853	0.328835	0.294403	0.260949	0.260424	0.323801	0.300899	0.319256	0.301766	0.308672	0.332827	0.322108	0.256934	0.276806	0.328036	0.325960	0.325439	0.335090	0.317309	0.338445	0.338055	0.316649	0.260673	0.315214	0.298150	0.299561	0.309505	0.333718	0.315755	0.289814	0.347354	0.318549	0.344615	0.349124	0.338757	0.230328	0.292538	0.289887	0.275382	0.297237	0.278886	0.341285	0.323620	0.338307	0.252285	0.203912	0.179109	0.306728	0.291248	0.341263	
0.297006	0.287210	0.298362	0.295312	0.284229	0.315912	0.289214	0.313162	0.297068	0.297986	0.314180	0.351549	0.352531	0.338420	0.305455	0.333906	0.316051	0.335162	0.339128	0.333164	0.371264	0.341126	0.338189	0.315241	0.325286	0.316094	0.309610	0.308330	0.301466	0.278917	0.311447	0.304922	0.318252	0.346611	0.323308	0.141615	0.000000	0.233291	0.265094	0.271949	0.257075	0.308724	0.309822	0.304533	0.338975	0.331851	0.320705	0.307810	0.316214	0.327080	0.305203	0.293649	0.294862	0.290920	0.326370	0.243462	0.291574	0.322058	0.311974	0.293247	0.268700	0.293218	0.293467	0.294803	0.323141	0.297360	0.316216	0.332928	0.341315	0.330007	0.337292	0.325855	0.263538	0.251813	0.247942	0.317168	0.309006	0.297341	0.296466	0.330613	0.315911	0.311743	0.265775	0.289241	0.313471	0.311961	0.313590	0.325680	0.319294	0.336625	0.342981	0.295510	0.250577	0.308871	0.289681	0.295445	0.304664	0.325335	0.311733	0.291757	0.341676	0.342233	0.335612	0.336752	0.330965	0.243137	0.285953	0.282621	0.293530	0.303592	0.285457	0.335716	0.309753	0.334800	0.242663	0.230794	0.214823	0.327401	0.315490	0.328767	
