0.000000	0.147535	0.299810	0.312265	0.307644	0.288229	0.275688	0.299638	0.297100	0.319595	0.277797	0.327555	0.315315	0.308235	0.319584	0.332841	0.324750	0.305154	0.323895	0.319077	0.328630	0.312484	0.296638	0.279397	0.293386	0.301863	0.345202	0.347114	0.346928	0.326602	0.333927	0.323471	0.335306	0.336842	0.333364	0.338054	0.331662	0.318520	0.352550	0.331923	0.329328	0.329846	0.349571	0.302147	0.359303	0.351633	0.351922	0.342474	0.338321	0.333762	0.323681	0.325955	0.341125	0.337500	0.327753	0.347107	0.347891	0.342980	0.347347	0.321637	0.337073	0.330595	0.342076	0.341277	0.334083	0.335116	0.342362	0.338419	0.326451	0.340860	0.333812	0.344433	0.346418	0.331751	0.348165	0.308004	0.338696	0.340586	0.342590	0.361122	0.355295	0.330004	0.345925	0.337931	0.335221	0.317164	0.319563	0.336628	0.342570	0.339710	0.346574	0.348446	0.347809	0.346436	0.344890	0.351615	0.353632	0.348395	0.344766	0.345162	0.324920	0.362709	0.322407	0.312227	0.326208	0.341954	0.356310	0.335036	0.346090	0.352342	0.343814	0.321368	0.335776	0.337680	0.338646	0.333150	0.340612	0.354084	0.362969	0.349057	
0.147535	0.000000	0.274463	0.294775	0.242152	0.279222	0.220655	0.281321	0.283586	0.275061	0.237222	0.300299	0.284049	0.276322	0.313210	0.320568	0.317265	0.279071	0.289884	0.300120	0.327125	0.303250	0.293877	0.272492	0.294611	0.286691	0.324479	0.334716	0.330101	0.305637	0.332511	0.308097	0.318521	0.321911	0.317943	0.334161	0.333946	0.323756	0.338512	0.331558	0.322724	0.308168	0.341801	0.290667	0.343334	0.344217	0.332905	0.327777	0.318937	0.324246	0.315188	0.306197	0.343242	0.322633	0.317354	0.335748	0.334810	0.330263	0.328680	0.317701	0.321536	0.315613	0.322266	0.325935	0.328236	0.320464	0.330806	0.338873	0.311246	0.325875	0.316516	0.328313	0.334850	0.327447	0.331813	0.301678	0.327200	0.320113	0.339260	0.353396	0.333874	0.316017	0.319437	0.318131	0.324202	0.327887	0.297245	0.315806	0.323912	0.322253	0.318101	0.341074	0.333243	0.336971	0.350777	0.346323	0.340639	0.323401	0.332624	0.332913	0.319904	0.351385	0.319742	0.319952	0.316260	0.312967	0.328664	0.306956	0.348727	0.326957	0.338403	0.300640	0.316886	0.323444	0.331204	0.326900	0.331214	0.343625	0.338994	0.323998	
0.299810	0.274463	0.000000	0.181053	0.190991	0.280512	0.283189	0.302408	0.302423	0.354613	0.328121	0.316355	0.323515	0.314319	0.328145	0.340780	0.318670	0.319837	0.322592	0.332091	0.332670	0.325092	0.339550	0.329585	0.334726	0.293187	0.327169	0.317369	0.330504	0.332762	0.340086	0.316594	0.324745	0.330612	0.324324	0.335843	0.328021	0.328804	0.348760	0.337602	0.344708	0.342122	0.342620	0.321465	0.359664	0.367467	0.356365	0.348865	0.349939	0.340985	0.349761	0.356468	0.350858	0.338455	0.337118	0.342738	0.352111	0.341833	0.345159	0.327482	0.330364	0.329830	0.347208	0.332882	0.328631	0.339823	0.348804	0.338943	0.330255	0.339893	0.337316	0.348552	0.342383	0.330202	0.333193	0.310348	0.332232	0.322584	0.348756	0.361916	0.346395	0.342079	0.343402	0.344140	0.349095	0.320399	0.345831	0.341350	0.352441	0.342646	0.345218	0.325347	0.337156	0.332091	0.328451	0.315124	0.323702	0.343891	0.348600	0.340130	0.334874	0.353439	0.332588	0.329101	0.347501	0.345546	0.355624	0.347190	0.344770	0.350836	0.350607	0.339826	0.335818	0.337218	0.315754	0.301875	0.320040	0.352205	0.368743	0.349875	
0.312265	0.294775	0.181053	0.000000	0.233840	0.280995	0.241059	0.268388	0.288523	0.352538	0.308671	0.296027	0.310949	0.299790	0.303736	0.314472	0.309677	0.299970	0.298371	0.309732	0.313183	0.294704	0.319638	0.330656	0.305142	0.284362	0.314533	0.312775	0.324650	0.323251	0.322757	0.300723	0.310828	0.322423	0.310035	0.311889	0.319672	0.314408	0.333961	0.313339	0.318510	0.324561	0.327512	0.305874	0.318877	0.324235	0.315041	0.315722	0.314305	0.316959	0.326826	0.334143	0.317166	0.322802	0.322338	0.335626	0.328799	0.323412	0.324179	0.320813	0.331009	0.331145	0.337070	0.319800	0.312604	0.321716	0.315948	0.305720	0.306748	0.333970	0.328142	0.325853	0.333997	0.317588	0.317163	0.308931	0.326220	0.315535	0.336933	0.346233	0.330746	0.319159	0.316898	0.321044	0.342152	0.315558	0.326260	0.318951	0.327392	0.318563	0.309415	0.319747	0.316393	0.322603	0.343222	0.329270	0.335821	0.316166	0.333741	0.328506	0.319547	0.339745	0.303222	0.328155	0.342878	0.333920	0.330335	0.324361	0.347304	0.333133	0.334427	0.316864	0.318660	0.309107	0.308354	0.309947	0.304328	0.333868	0.355906	0.338025	
0.307644	0.242152	0.190991	0.233840	0.000000	0.291723	0.264995	0.283220	0.299729	0.304110	0.291384	0.303136	0.291253	0.291299	0.319594	0.326942	0.302974	0.294234	0.298834	0.297403	0.309219	0.305208	0.305711	0.301073	0.260513	0.274547	0.317980	0.307094	0.318000	0.320085	0.332053	0.305886	0.316267	0.309089	0.315232	0.327497	0.324731	0.320287	0.326432	0.331405	0.324491	0.310301	0.321839	0.303485	0.341231	0.350324	0.328270	0.316002	0.308094	0.308219	0.331763	0.331602	0.324850	0.318898	0.323543	0.322776	0.330251	0.322515	0.334719	0.312260	0.306254	0.307611	0.310299	0.318991	0.306934	0.312126	0.309538	0.318536	0.305144	0.305086	0.302161	0.311005	0.316138	0.303647	0.311884	0.297046	0.316545	0.312651	0.339411	0.335022	0.330677	0.301801	0.301645	0.299674	0.322038	0.318553	0.310625	0.315121	0.317268	0.323263	0.320146	0.325315	0.313294	0.307530	0.322561	0.332407	0.328137	0.322832	0.320693	0.325584	0.317360	0.343718	0.321960	0.317726	0.322138	0.330891	0.330042	0.324247	0.340849	0.331937	0.339183	0.311852	0.330482	0.326427	0.316122	0.299843	0.310730	0.339078	0.316294	0.312625	
0.288229	0.279222	0.280512	0.280995	0.291723	0.000000	0.176360	0.244160	0.092388	0.308028	0.284576	0.297824	0.305378	0.287084	0.310097	0.313304	0.309805	0.295816	0.310379	0.300656	0.314568	0.298303	0.311008	0.326697	0.305972	0.290188	0.322212	0.324813	0.334605	0.322913	0.313778	0.305570	0.315569	0.321011	0.314338	0.322920	0.327759	0.321661	0.343067	0.310744	0.318080	0.334351	0.331877	0.307046	0.331579	0.345257	0.332228	0.323193	0.314780	0.321897	0.318018	0.318535	0.313528	0.333535	0.314882	0.328122	0.332215	0.315690	0.340072	0.323577	0.328334	0.328410	0.307946	0.305756	0.313037	0.312830	0.308692	0.310146	0.299687	0.316675	0.324807	0.320611	0.325604	0.316438	0.332602	0.305390	0.325613	0.305078	0.337381	0.334983	0.333413	0.320662	0.322888	0.321029	0.349943	0.317739	0.318445	0.323203	0.327849	0.323888	0.322047	0.328871	0.316496	0.330519	0.345451	0.341583	0.333536	0.329928	0.337106	0.335646	0.313056	0.339621	0.315991	0.318116	0.336989	0.334823	0.334785	0.329420	0.340650	0.326695	0.329959	0.317595	0.335925	0.330690	0.317793	0.319254	0.314868	0.335494	0.332133	0.320444	
0.275688	0.220655	0.283189	0.241059	0.264995	0.176360	0.000000	0.168278	0.158142	0.297545	0.253136	0.281889	0.292269	0.269397	0.287046	0.299795	0.296991	0.277782	0.288345	0.277874	0.301074	0.283765	0.294093	0.292689	0.284084	0.306178	0.305236	0.305939	0.316846	0.317770	0.296210	0.286276	0.299042	0.308539	0.298137	0.301796	0.309262	0.298223	0.333307	0.301187	0.311148	0.311689	0.335460	0.296445	0.309041	0.319879	0.313346	0.308775	0.300526	0.306444	0.311723	0.302444	0.309296	0.307250	0.313469	0.314261	0.304400	0.296524	0.311115	0.298143	0.301839	0.312932	0.300125	0.299577	0.299817	0.288923	0.302667	0.305031	0.287918	0.305238	0.301517	0.300064	0.318419	0.304482	0.301298	0.286748	0.320608	0.292023	0.312518	0.329707	0.316336	0.298819	0.293943	0.302067	0.320767	0.296244	0.291477	0.290585	0.295385	0.297551	0.294176	0.307628	0.305293	0.308589	0.331302	0.320352	0.315284	0.300648	0.304889	0.318861	0.284657	0.322196	0.282989	0.292150	0.303547	0.311113	0.307118	0.305056	0.317895	0.315085	0.317152	0.291450	0.314989	0.307217	0.304891	0.304234	0.295211	0.316752	0.330088	0.308227	
0.299638	0.281321	0.302408	0.268388	0.283220	0.244160	0.168278	0.000000	0.176993	0.314725	0.281611	0.288456	0.294015	0.269444	0.292397	0.294893	0.303255	0.281791	0.287051	0.283513	0.306609	0.286846	0.296283	0.321006	0.295242	0.263406	0.289254	0.301810	0.305792	0.310919	0.317931	0.279721	0.285784	0.307969	0.285363	0.317785	0.327045	0.319388	0.325994	0.319843	0.304643	0.295461	0.312719	0.286848	0.313229	0.311422	0.305655	0.302852	0.303258	0.302576	0.320087	0.306410	0.311976	0.299768	0.318624	0.304001	0.299012	0.293358	0.305543	0.303692	0.316434	0.321956	0.305190	0.310495	0.314079	0.302154	0.312597	0.315947	0.303429	0.313953	0.310791	0.312564	0.331488	0.304409	0.309565	0.307599	0.320941	0.312999	0.317451	0.323572	0.309345	0.303188	0.290949	0.308107	0.334629	0.299550	0.295267	0.297343	0.295400	0.307774	0.285041	0.312526	0.320745	0.319780	0.335327	0.342220	0.341222	0.291467	0.318862	0.317226	0.298810	0.328819	0.295663	0.313075	0.315324	0.307864	0.305309	0.312015	0.330493	0.311536	0.325709	0.291035	0.291343	0.290049	0.319220	0.317780	0.312308	0.317380	0.335702	0.320918	
0.297100	0.283586	0.302423	0.288523	0.299729	0.092388	0.158142	0.176993	0.000000	0.290486	0.271459	0.297714	0.305896	0.287208	0.305217	0.309295	0.309248	0.305807	0.311626	0.293457	0.306160	0.287910	0.298346	0.333697	0.306080	0.293775	0.323130	0.324063	0.336892	0.327898	0.313308	0.303579	0.314089	0.323106	0.312039	0.322811	0.328277	0.316162	0.344326	0.311206	0.320501	0.327958	0.332499	0.307236	0.325362	0.335491	0.331822	0.316885	0.313859	0.322211	0.318469	0.312971	0.310454	0.326191	0.316234	0.318142	0.318220	0.303770	0.335688	0.311871	0.317892	0.324623	0.302773	0.299879	0.309412	0.306057	0.306863	0.308708	0.298133	0.310735	0.320262	0.316276	0.319602	0.312970	0.325127	0.305915	0.325607	0.305370	0.331195	0.329185	0.331133	0.316406	0.316449	0.320266	0.347988	0.313722	0.314105	0.311458	0.317888	0.314718	0.309982	0.331479	0.320670	0.329691	0.343628	0.346854	0.336380	0.322795	0.330818	0.333057	0.302608	0.333076	0.308212	0.314731	0.330204	0.327769	0.326224	0.324186	0.332545	0.322144	0.328419	0.310611	0.329001	0.325742	0.319967	0.319123	0.312582	0.324767	0.335245	0.326884	
0.319595	0.275061	0.354613	0.352538	0.304110	0.308028	0.297545	0.314725	0.290486	0.000000	0.150937	0.334266	0.315670	0.314521	0.341970	0.337476	0.339155	0.328703	0.329903	0.325984	0.330706	0.326031	0.314595	0.304829	0.284305	0.287420	0.333971	0.337383	0.344629	0.330788	0.348404	0.321144	0.325305	0.322929	0.323669	0.358317	0.353934	0.346151	0.363509	0.344360	0.347400	0.336373	0.350666	0.321262	0.345125	0.349257	0.336892	0.355559	0.342682	0.348931	0.335842	0.322444	0.338802	0.347650	0.339641	0.319014	0.345257	0.334326	0.349722	0.329966	0.334368	0.332783	0.331833	0.330466	0.338226	0.329131	0.339730	0.344793	0.323506	0.337419	0.327044	0.340584	0.327233	0.320840	0.345564	0.329459	0.338510	0.329799	0.343442	0.342965	0.343973	0.350256	0.348019	0.345514	0.353396	0.349393	0.329689	0.327292	0.337033	0.329642	0.328712	0.361126	0.323617	0.352826	0.349093	0.361573	0.343285	0.338539	0.325477	0.332951	0.332393	0.341437	0.348423	0.340005	0.341292	0.343508	0.339679	0.322555	0.336692	0.329625	0.326741	0.337103	0.334862	0.337310	0.345357	0.351570	0.352331	0.326558	0.305029	0.342629	
0.277797	0.237222	0.328121	0.308671	0.291384	0.284576	0.253136	0.281611	0.271459	0.150937	0.000000	0.298759	0.300202	0.279169	0.308025	0.314268	0.318343	0.287352	0.298568	0.309583	0.321983	0.295907	0.314512	0.288696	0.291284	0.282855	0.322575	0.325110	0.330510	0.317418	0.328009	0.315318	0.312360	0.314504	0.312487	0.333409	0.345370	0.332048	0.344534	0.320809	0.322356	0.319952	0.356598	0.309758	0.321106	0.317501	0.312667	0.330599	0.321017	0.329549	0.319960	0.310310	0.334771	0.320822	0.313196	0.343622	0.321843	0.304622	0.325797	0.299386	0.317000	0.308262	0.322616	0.318955	0.321898	0.314636	0.331793	0.336655	0.308285	0.330758	0.318997	0.331059	0.329320	0.309993	0.330319	0.308985	0.334189	0.328244	0.320909	0.342206	0.322400	0.321978	0.324198	0.320891	0.324187	0.320225	0.299233	0.323810	0.338456	0.330359	0.315483	0.340836	0.336670	0.340122	0.354428	0.368093	0.361559	0.319807	0.327640	0.333122	0.329380	0.357449	0.310181	0.309979	0.308926	0.325038	0.332457	0.313343	0.338685	0.331046	0.333333	0.300808	0.315603	0.317396	0.333434	0.333060	0.333832	0.350050	0.337192	0.324616	
0.327555	0.300299	0.316355	0.296027	0.303136	0.297824	0.281889	0.288456	0.297714	0.334266	0.298759	0.000000	0.184254	0.161287	0.263618	0.257528	0.264671	0.196027	0.165623	0.187640	0.300129	0.283652	0.296257	0.336815	0.323223	0.321968	0.308789	0.314317	0.321501	0.342824	0.312125	0.296254	0.310911	0.303105	0.308361	0.303714	0.313177	0.311263	0.313084	0.310767	0.313830	0.310305	0.334245	0.310989	0.311785	0.321932	0.313594	0.307281	0.299207	0.304025	0.302657	0.306444	0.312058	0.317270	0.241649	0.331488	0.326420	0.308477	0.312063	0.319255	0.310257	0.314292	0.299421	0.297685	0.291927	0.301988	0.302483	0.309706	0.301832	0.313862	0.311023	0.301286	0.319857	0.297478	0.314094	0.297916	0.309559	0.314456	0.327885	0.323612	0.313610	0.297565	0.303295	0.296019	0.344824	0.325795	0.315519	0.314805	0.320761	0.320269	0.301737	0.325599	0.325610	0.315841	0.348210	0.354243	0.350806	0.309080	0.319428	0.318627	0.301990	0.341296	0.316565	0.318360	0.339973	0.321500	0.314304	0.325128	0.330908	0.315817	0.340147	0.320772	0.328367	0.323960	0.316596	0.304067	0.308516	0.337788	0.337981	0.321771	
0.315315	0.284049	0.323515	0.310949	0.291253	0.305378	0.292269	0.294015	0.305896	0.315670	0.300202	0.184254	0.000000	0.155806	0.250309	0.233775	0.236140	0.176332	0.191319	0.162853	0.298032	0.293180	0.291207	0.333765	0.319707	0.319803	0.313157	0.321629	0.311759	0.328027	0.335036	0.309947	0.311859	0.301044	0.309472	0.317719	0.328673	0.324757	0.319064	0.319491	0.313457	0.311412	0.324790	0.306656	0.327744	0.330987	0.323744	0.312814	0.300927	0.310726	0.314280	0.312529	0.306974	0.315406	0.222086	0.321246	0.320627	0.314435	0.315886	0.316991	0.321383	0.323400	0.310930	0.313175	0.306376	0.316096	0.311066	0.316436	0.302100	0.311707	0.312560	0.311844	0.324378	0.304513	0.310302	0.303169	0.306193	0.320193	0.338851	0.335734	0.320451	0.310752	0.304055	0.304487	0.336421	0.335236	0.306699	0.307229	0.313217	0.317456	0.298334	0.333733	0.331907	0.333736	0.351469	0.359503	0.352853	0.309341	0.324933	0.328981	0.312328	0.325750	0.317164	0.310737	0.318516	0.314935	0.319657	0.315667	0.353592	0.316209	0.339201	0.304498	0.319920	0.314008	0.323883	0.313855	0.317325	0.348132	0.337998	0.331999	
0.308235	0.276322	0.314319	0.299790	0.291299	0.287084	0.269397	0.269444	0.287208	0.314521	0.279169	0.161287	0.155806	0.000000	0.285823	0.278608	0.285623	0.137590	0.185096	0.180996	0.289383	0.273968	0.279626	0.328637	0.314865	0.306195	0.302171	0.315333	0.317793	0.317910	0.311253	0.293373	0.294815	0.292814	0.293483	0.305766	0.316389	0.304092	0.319956	0.309675	0.298565	0.298375	0.319924	0.287486	0.310985	0.308439	0.310036	0.298948	0.290585	0.301524	0.305021	0.300284	0.307608	0.298794	0.273605	0.307324	0.311307	0.296087	0.302962	0.302824	0.302539	0.307396	0.292475	0.295804	0.308353	0.309563	0.306691	0.309214	0.306326	0.322949	0.319350	0.310379	0.312202	0.293019	0.300483	0.287613	0.300673	0.303902	0.325729	0.324508	0.314301	0.301447	0.296015	0.295389	0.330630	0.316271	0.304275	0.292397	0.299904	0.301142	0.287683	0.315038	0.327794	0.322379	0.349130	0.341866	0.342517	0.301188	0.314471	0.310544	0.296598	0.325598	0.304823	0.314792	0.313056	0.310213	0.310855	0.316427	0.324639	0.308296	0.330925	0.298105	0.312673	0.305875	0.311243	0.303628	0.298060	0.348247	0.341590	0.324101	
0.319584	0.313210	0.328145	0.303736	0.319594	0.310097	0.287046	0.292397	0.305217	0.341970	0.308025	0.263618	0.250309	0.285823	0.000000	0.101530	0.147453	0.281743	0.275706	0.253372	0.304168	0.296635	0.315917	0.327741	0.318200	0.339018	0.321954	0.314379	0.328773	0.321737	0.313168	0.305050	0.329110	0.321769	0.325611	0.318144	0.327837	0.324555	0.313006	0.312556	0.309094	0.319563	0.340905	0.317893	0.325844	0.327336	0.320880	0.313346	0.313236	0.319053	0.307549	0.315569	0.314765	0.314732	0.168228	0.326867	0.323204	0.313820	0.322580	0.325087	0.325482	0.328124	0.315787	0.313411	0.305001	0.307712	0.306646	0.300662	0.299495	0.307804	0.307978	0.309895	0.341059	0.325914	0.320385	0.317924	0.319544	0.326995	0.330763	0.331496	0.324153	0.302322	0.308942	0.310590	0.335688	0.312441	0.306758	0.303516	0.316261	0.310138	0.309035	0.334766	0.328670	0.319210	0.352959	0.354566	0.353684	0.314547	0.318515	0.329224	0.310205	0.336122	0.316815	0.325886	0.324180	0.319347	0.314101	0.315587	0.335967	0.309583	0.325533	0.303263	0.323246	0.308465	0.312041	0.314675	0.309265	0.331617	0.335962	0.324640	
0.332841	0.320568	0.340780	0.314472	0.326942	0.313304	0.299795	0.294893	0.309295	0.337476	0.314268	0.257528	0.233775	0.278608	0.101530	0.000000	0.147024	0.278477	0.277279	0.254339	0.312147	0.303444	0.311592	0.335876	0.322337	0.339156	0.322304	0.315198	0.321373	0.326838	0.330199	0.307734	0.316375	0.304402	0.314388	0.323647	0.331233	0.331185	0.304095	0.317816	0.299032	0.322588	0.330770	0.319786	0.329075	0.330849	0.326441	0.318934	0.316307	0.323538	0.327452	0.317015	0.326633	0.308089	0.138687	0.320057	0.319301	0.307398	0.318918	0.330987	0.337417	0.333715	0.316705	0.317410	0.313297	0.315432	0.318890	0.316280	0.308036	0.318394	0.318657	0.320823	0.341380	0.327925	0.323644	0.326624	0.315043	0.332117	0.331085	0.330017	0.317916	0.313916	0.313368	0.318590	0.338669	0.319483	0.305257	0.312374	0.316804	0.318661	0.308644	0.334988	0.327708	0.322862	0.350056	0.353886	0.346862	0.313477	0.324027	0.326358	0.316851	0.334043	0.321798	0.333990	0.325571	0.318924	0.313396	0.319998	0.340081	0.319896	0.330592	0.309871	0.321517	0.313020	0.327329	0.323099	0.316583	0.337375	0.333815	0.331243	
0.324750	0.317265	0.318670	0.309677	0.302974	0.309805	0.296991	0.303255	0.309248	0.339155	0.318343	0.264671	0.236140	0.285623	0.147453	0.147024	0.000000	0.263014	0.266526	0.248999	0.308319	0.308875	0.310568	0.332876	0.322185	0.329615	0.319576	0.303651	0.312162	0.323874	0.323279	0.299778	0.306895	0.297000	0.302867	0.311409	0.315270	0.310888	0.294029	0.317502	0.310823	0.309743	0.313750	0.301383	0.332121	0.332548	0.327106	0.315624	0.311011	0.310123	0.318054	0.316347	0.324068	0.325750	0.155844	0.324565	0.323581	0.311062	0.327917	0.326813	0.337663	0.333519	0.322107	0.322458	0.293085	0.307735	0.305370	0.308292	0.301526	0.311248	0.311585	0.310741	0.319764	0.311433	0.317417	0.301978	0.302045	0.316617	0.318864	0.323367	0.319603	0.313565	0.317343	0.318311	0.326436	0.310096	0.310817	0.308565	0.318853	0.312010	0.305495	0.325722	0.324420	0.311918	0.343268	0.345177	0.338708	0.307005	0.317809	0.314825	0.317913	0.336151	0.320960	0.320280	0.335147	0.320325	0.322724	0.331209	0.332244	0.324659	0.339827	0.304092	0.323106	0.314341	0.308502	0.313440	0.312342	0.332913	0.327882	0.324994	
0.305154	0.279071	0.319837	0.299970	0.294234	0.295816	0.277782	0.281791	0.305807	0.328703	0.287352	0.196027	0.176332	0.137590	0.281743	0.278477	0.263014	0.000000	0.137228	0.193339	0.301166	0.289090	0.301634	0.330182	0.314688	0.317185	0.309621	0.303337	0.323500	0.324918	0.318628	0.303805	0.310126	0.299088	0.308820	0.301246	0.319697	0.308184	0.323155	0.315827	0.303395	0.308504	0.325468	0.294862	0.323750	0.323488	0.323177	0.305652	0.300699	0.302406	0.310559	0.313896	0.325293	0.313217	0.264191	0.316501	0.314416	0.309917	0.314069	0.317169	0.323806	0.319696	0.310831	0.311063	0.307866	0.309239	0.306403	0.312408	0.307925	0.317872	0.313491	0.311714	0.312692	0.296088	0.293676	0.288892	0.308901	0.309865	0.325523	0.323843	0.317858	0.300729	0.300885	0.302186	0.323093	0.312589	0.301517	0.298329	0.305329	0.302133	0.288184	0.321866	0.320127	0.320851	0.344266	0.350137	0.347557	0.296839	0.316931	0.316960	0.298147	0.322386	0.306439	0.301827	0.310249	0.317811	0.316185	0.317205	0.337182	0.310152	0.324584	0.293372	0.316383	0.307521	0.310789	0.315760	0.297298	0.347445	0.330988	0.314428	
0.323895	0.289884	0.322592	0.298371	0.298834	0.310379	0.288345	0.287051	0.311626	0.329903	0.298568	0.165623	0.191319	0.185096	0.275706	0.277279	0.266526	0.137228	0.000000	0.167877	0.311763	0.299613	0.308020	0.332422	0.325472	0.325235	0.310866	0.311129	0.325317	0.329565	0.322726	0.291348	0.309748	0.302483	0.308351	0.300853	0.317171	0.304140	0.316613	0.322697	0.312767	0.315747	0.325878	0.302472	0.334109	0.336536	0.325697	0.312549	0.304489	0.307517	0.324925	0.322869	0.329828	0.311461	0.260139	0.322409	0.323086	0.315949	0.316942	0.323148	0.326721	0.327167	0.313252	0.312900	0.307198	0.305355	0.318533	0.327546	0.309747	0.322342	0.316773	0.325203	0.318441	0.305318	0.298553	0.294752	0.305317	0.313146	0.337446	0.337842	0.325793	0.311075	0.308757	0.309224	0.325831	0.321993	0.310732	0.299235	0.309002	0.305438	0.291718	0.328138	0.321955	0.319719	0.349519	0.351249	0.342729	0.300021	0.324274	0.329757	0.308093	0.337197	0.306999	0.311324	0.321716	0.320481	0.318428	0.315236	0.338003	0.309040	0.331257	0.299918	0.314449	0.308772	0.307695	0.307095	0.300474	0.342554	0.330567	0.319664	
0.319077	0.300120	0.332091	0.309732	0.297403	0.300656	0.277874	0.283513	0.293457	0.325984	0.309583	0.187640	0.162853	0.180996	0.253372	0.254339	0.248999	0.193339	0.167877	0.000000	0.303656	0.289744	0.296138	0.331065	0.317822	0.330732	0.312887	0.307696	0.313915	0.331478	0.309169	0.294996	0.302187	0.291492	0.301380	0.312865	0.320930	0.309637	0.322571	0.318594	0.315553	0.309253	0.333213	0.312714	0.317480	0.329561	0.328611	0.313765	0.305467	0.303173	0.311663	0.314578	0.313314	0.318671	0.242588	0.313667	0.322198	0.310670	0.324488	0.320911	0.316362	0.325917	0.309332	0.307363	0.302519	0.307979	0.301144	0.310202	0.300411	0.312055	0.313120	0.303378	0.322796	0.306781	0.296448	0.303361	0.308870	0.312741	0.331456	0.335122	0.324475	0.307978	0.299609	0.307067	0.344024	0.324232	0.316487	0.305230	0.315167	0.310482	0.294483	0.328253	0.323446	0.312887	0.346630	0.350018	0.345335	0.305846	0.313782	0.334384	0.298345	0.334538	0.307811	0.314486	0.334767	0.331087	0.315692	0.319815	0.340278	0.318276	0.335890	0.315320	0.328167	0.321119	0.318718	0.309143	0.313460	0.321272	0.325572	0.319986	
0.328630	0.327125	0.332670	0.313183	0.309219	0.314568	0.301074	0.306609	0.306160	0.330706	0.321983	0.300129	0.298032	0.289383	0.304168	0.312147	0.308319	0.301166	0.311763	0.303656	0.000000	0.182646	0.190319	0.351228	0.339439	0.347431	0.310617	0.315530	0.321053	0.331847	0.340192	0.304284	0.324066	0.314129	0.321862	0.324124	0.319220	0.317463	0.317358	0.314404	0.320860	0.315234	0.322613	0.315977	0.321619	0.323999	0.323243	0.306192	0.306412	0.301475	0.314365	0.313398	0.304168	0.317069	0.332209	0.312845	0.333623	0.323561	0.324497	0.330345	0.326626	0.333383	0.301406	0.312833	0.311616	0.311674	0.311689	0.308829	0.318584	0.312137	0.312400	0.307945	0.316913	0.303065	0.316110	0.309359	0.317907	0.316954	0.328059	0.329434	0.327594	0.310069	0.298966	0.308643	0.355613	0.343397	0.327870	0.295501	0.304417	0.309678	0.308122	0.326852	0.324890	0.317256	0.343022	0.348467	0.346480	0.314674	0.321769	0.330512	0.311821	0.325226	0.306488	0.312741	0.324462	0.318701	0.321038	0.321650	0.343449	0.322383	0.336472	0.316517	0.338416	0.330544	0.310117	0.297482	0.296885	0.318485	0.333245	0.334557	
0.312484	0.303250	0.325092	0.294704	0.305208	0.298303	0.283765	0.286846	0.287910	0.326031	0.295907	0.283652	0.293180	0.273968	0.296635	0.303444	0.308875	0.289090	0.299613	0.289744	0.182646	0.000000	0.205875	0.338035	0.325046	0.320119	0.294346	0.304785	0.306482	0.321867	0.320942	0.291066	0.308989	0.302928	0.308323	0.311083	0.316678	0.312734	0.322315	0.304873	0.314416	0.310184	0.330959	0.299506	0.310847	0.310520	0.307925	0.304188	0.300827	0.297937	0.306615	0.301666	0.303418	0.303442	0.324861	0.314130	0.327297	0.308211	0.324131	0.317112	0.310846	0.315870	0.292630	0.297932	0.304003	0.306399	0.310920	0.298882	0.303905	0.317330	0.315808	0.312264	0.311534	0.290701	0.310401	0.300532	0.318275	0.310333	0.319098	0.319553	0.310961	0.299319	0.293593	0.290157	0.344084	0.325371	0.307696	0.292437	0.300369	0.303092	0.286516	0.320362	0.324571	0.323422	0.344544	0.344601	0.340460	0.300687	0.315512	0.315580	0.299990	0.329106	0.305057	0.309390	0.326477	0.312442	0.309057	0.299644	0.330038	0.310479	0.318509	0.303077	0.322406	0.317212	0.301867	0.300818	0.293627	0.336110	0.332728	0.318222	
0.296638	0.293877	0.339550	0.319638	0.305711	0.311008	0.294093	0.296283	0.298346	0.314595	0.314512	0.296257	0.291207	0.279626	0.315917	0.311592	0.310568	0.301634	0.308020	0.296138	0.190319	0.205875	0.000000	0.336794	0.320642	0.334555	0.317048	0.315332	0.327372	0.337797	0.331583	0.294978	0.318157	0.316881	0.316626	0.311590	0.314978	0.308769	0.328719	0.325890	0.326886	0.305529	0.327564	0.301908	0.330824	0.335339	0.327273	0.321127	0.309149	0.307599	0.323222	0.313521	0.320645	0.317559	0.323934	0.305292	0.331348	0.319243	0.323574	0.321012	0.325756	0.332590	0.303579	0.317993	0.309874	0.313791	0.325919	0.322493	0.318237	0.329483	0.322680	0.320327	0.310665	0.305067	0.316288	0.305400	0.311772	0.315526	0.329244	0.331530	0.323402	0.320207	0.311788	0.312586	0.347214	0.338219	0.321824	0.299077	0.301384	0.313880	0.303835	0.320902	0.324492	0.321661	0.333878	0.338601	0.322119	0.304313	0.315053	0.320025	0.314335	0.330088	0.319139	0.314842	0.328760	0.327788	0.319217	0.323220	0.326671	0.328615	0.339684	0.317787	0.328583	0.327374	0.313484	0.319198	0.313227	0.330747	0.333915	0.331244	
0.279397	0.272492	0.329585	0.330656	0.301073	0.326697	0.292689	0.321006	0.333697	0.304829	0.288696	0.336815	0.333765	0.328637	0.327741	0.335876	0.332876	0.330182	0.332422	0.331065	0.351228	0.338035	0.336794	0.000000	0.104158	0.209877	0.338111	0.343649	0.342469	0.318245	0.348346	0.321192	0.337044	0.343959	0.335712	0.360660	0.355098	0.348584	0.363210	0.351626	0.343825	0.338184	0.346110	0.335792	0.359097	0.361723	0.350971	0.358452	0.351194	0.345578	0.344720	0.332417	0.362867	0.337876	0.332372	0.339078	0.334808	0.334437	0.343201	0.324276	0.326732	0.321776	0.341610	0.341819	0.333588	0.340079	0.341538	0.338843	0.317033	0.334855	0.337057	0.346124	0.348962	0.333273	0.347360	0.332051	0.357336	0.353757	0.352439	0.358048	0.349148	0.350426	0.355114	0.349631	0.327422	0.337709	0.320974	0.358177	0.348070	0.355094	0.344867	0.357251	0.341683	0.352503	0.338173	0.349494	0.336473	0.351072	0.334144	0.352111	0.334346	0.347109	0.342725	0.316062	0.320074	0.349294	0.364019	0.342236	0.351206	0.355926	0.350180	0.333213	0.338676	0.336080	0.357301	0.341897	0.361048	0.349185	0.347697	0.336875	
0.293386	0.294611	0.334726	0.305142	0.260513	0.305972	0.284084	0.295242	0.306080	0.284305	0.291284	0.323223	0.319707	0.314865	0.318200	0.322337	0.322185	0.314688	0.325472	0.317822	0.339439	0.325046	0.320642	0.104158	0.000000	0.178732	0.326530	0.329670	0.334951	0.321367	0.333725	0.309543	0.321936	0.332543	0.320916	0.347821	0.347104	0.338574	0.352154	0.332438	0.330310	0.322739	0.337328	0.325839	0.346441	0.350985	0.344304	0.345329	0.333754	0.329087	0.323382	0.317510	0.340393	0.335913	0.328016	0.323886	0.339054	0.330243	0.345103	0.319911	0.334229	0.331110	0.331053	0.329850	0.313361	0.328926	0.331224	0.323943	0.316086	0.320999	0.323974	0.327347	0.341916	0.326252	0.343215	0.324843	0.344123	0.336340	0.343203	0.338990	0.343787	0.333803	0.344445	0.335590	0.327735	0.326258	0.312921	0.334437	0.327272	0.336480	0.336569	0.349909	0.318283	0.336084	0.348338	0.356442	0.339334	0.342254	0.319089	0.338470	0.316216	0.331074	0.327868	0.311142	0.313222	0.339644	0.339969	0.329113	0.330863	0.331391	0.327462	0.324370	0.334961	0.326269	0.343440	0.337493	0.343967	0.333250	0.326624	0.329710	
0.301863	0.286691	0.293187	0.284362	0.274547	0.290188	0.306178	0.263406	0.293775	0.287420	0.282855	0.321968	0.319803	0.306195	0.339018	0.339156	0.329615	0.317185	0.325235	0.330732	0.347431	0.320119	0.334555	0.209877	0.178732	0.000000	0.317789	0.326788	0.314234	0.315737	0.341115	0.302749	0.299840	0.318829	0.299653	0.357537	0.356065	0.348626	0.350714	0.348879	0.339786	0.316969	0.333590	0.314085	0.348877	0.351891	0.339741	0.353135	0.341840	0.325341	0.337150	0.322574	0.339087	0.338200	0.347242	0.333054	0.337256	0.320126	0.342710	0.331569	0.341860	0.335457	0.329000	0.332679	0.318812	0.337833	0.337330	0.333884	0.323817	0.331781	0.335793	0.338332	0.341571	0.324834	0.350257	0.319630	0.333243	0.329275	0.342291	0.334966	0.340727	0.343713	0.341734	0.342318	0.342334	0.320739	0.317983	0.330576	0.330060	0.328490	0.331752	0.344119	0.328067	0.351423	0.342665	0.342653	0.334457	0.347697	0.335144	0.326469	0.334159	0.346723	0.330811	0.319920	0.322916	0.348935	0.347431	0.338690	0.339532	0.335715	0.338382	0.325071	0.322235	0.316638	0.346190	0.339830	0.350865	0.335486	0.333755	0.333894	
0.345202	0.324479	0.327169	0.314533	0.317980	0.322212	0.305236	0.289254	0.323130	0.333971	0.322575	0.308789	0.313157	0.302171	0.321954	0.322304	0.319576	0.309621	0.310866	0.312887	0.310617	0.294346	0.317048	0.338111	0.326530	0.317789	0.000000	0.171419	0.150309	0.338492	0.346271	0.301852	0.174226	0.244910	0.174863	0.319755	0.320114	0.337746	0.325194	0.316058	0.318681	0.306962	0.331316	0.305980	0.343624	0.341721	0.338610	0.331468	0.318857	0.320430	0.334864	0.317709	0.336056	0.326357	0.338365	0.315032	0.315650	0.312387	0.309985	0.306234	0.326452	0.330019	0.328939	0.329941	0.318769	0.318847	0.329863	0.332003	0.323920	0.340602	0.331345	0.321080	0.344224	0.316930	0.331883	0.318908	0.323077	0.331166	0.330405	0.330246	0.333128	0.325249	0.315195	0.332420	0.335775	0.318295	0.318195	0.313730	0.318901	0.319655	0.314400	0.316774	0.343045	0.339482	0.336065	0.330806	0.351356	0.321236	0.339274	0.338357	0.318295	0.335720	0.330798	0.323441	0.331240	0.329922	0.317624	0.338032	0.337755	0.329110	0.339630	0.311432	0.322053	0.315723	0.317728	0.318391	0.308599	0.342256	0.351865	0.338229	
0.347114	0.334716	0.317369	0.312775	0.307094	0.324813	0.305939	0.301810	0.324063	0.337383	0.325110	0.314317	0.321629	0.315333	0.314379	0.315198	0.303651	0.303337	0.311129	0.307696	0.315530	0.304785	0.315332	0.343649	0.329670	0.326788	0.171419	0.000000	0.196316	0.327803	0.331671	0.296479	0.247452	0.220165	0.247835	0.322912	0.323698	0.332531	0.321994	0.324710	0.313729	0.304354	0.332497	0.301800	0.337052	0.343047	0.332558	0.321407	0.315424	0.309153	0.333190	0.330021	0.335422	0.332029	0.323918	0.324226	0.323386	0.312923	0.322177	0.320997	0.314677	0.319132	0.333482	0.326476	0.306931	0.313915	0.323626	0.325018	0.318191	0.324460	0.312744	0.308421	0.335510	0.315511	0.330635	0.308475	0.313843	0.329807	0.315861	0.321667	0.322752	0.316134	0.310213	0.325927	0.328019	0.303960	0.318314	0.309685	0.316003	0.319469	0.304646	0.314111	0.340976	0.329393	0.338504	0.338040	0.344656	0.313188	0.332244	0.323301	0.309515	0.341622	0.332533	0.315987	0.348031	0.330729	0.316627	0.328805	0.336865	0.336611	0.341576	0.303883	0.321725	0.313126	0.322051	0.320027	0.314532	0.338573	0.343823	0.330689	
0.346928	0.330101	0.330504	0.324650	0.318000	0.334605	0.316846	0.305792	0.336892	0.344629	0.330510	0.321501	0.311759	0.317793	0.328773	0.321373	0.312162	0.323500	0.325317	0.313915	0.321053	0.306482	0.327372	0.342469	0.334951	0.314234	0.150309	0.196316	0.000000	0.326788	0.350388	0.297617	0.153385	0.198832	0.157554	0.334662	0.323940	0.339950	0.330193	0.330865	0.335778	0.309264	0.333120	0.318583	0.340212	0.344615	0.334121	0.342255	0.324122	0.319044	0.348754	0.334237	0.344538	0.338764	0.333537	0.329251	0.321576	0.311217	0.319168	0.306375	0.336780	0.327333	0.338456	0.335406	0.321928	0.338223	0.332134	0.342512	0.333009	0.340575	0.340461	0.330084	0.338724	0.327804	0.342724	0.333763	0.326381	0.336284	0.336031	0.333404	0.338965	0.327067	0.321750	0.330948	0.334178	0.333521	0.327197	0.335566	0.335052	0.334346	0.314286	0.330625	0.342580	0.347473	0.334072	0.345443	0.356091	0.324703	0.343057	0.330510	0.338269	0.345901	0.338793	0.326599	0.345241	0.337251	0.330574	0.346679	0.343904	0.348245	0.352111	0.323224	0.332115	0.319680	0.331440	0.328715	0.326509	0.350692	0.355850	0.347206	
0.326602	0.305637	0.332762	0.323251	0.320085	0.322913	0.317770	0.310919	0.327898	0.330788	0.317418	0.342824	0.328027	0.317910	0.321737	0.326838	0.323874	0.324918	0.329565	0.331478	0.331847	0.321867	0.337797	0.318245	0.321367	0.315737	0.338492	0.327803	0.326788	0.000000	0.272621	0.214480	0.317837	0.311668	0.317191	0.342648	0.343710	0.330432	0.336405	0.336096	0.328874	0.338146	0.346946	0.339012	0.348350	0.343657	0.329520	0.345489	0.340131	0.334457	0.346578	0.326859	0.338577	0.340733	0.338794	0.346156	0.341997	0.341629	0.337962	0.338879	0.339839	0.338738	0.346485	0.348467	0.340052	0.338286	0.337128	0.345477	0.337394	0.343531	0.330504	0.339719	0.358270	0.339828	0.348733	0.320558	0.338163	0.345196	0.331495	0.344396	0.334407	0.336628	0.335892	0.336168	0.351680	0.327572	0.322544	0.329275	0.331062	0.317314	0.333947	0.342845	0.350594	0.354953	0.354409	0.364159	0.364761	0.338920	0.332569	0.337801	0.347227	0.370913	0.343331	0.339854	0.352665	0.324179	0.348312	0.336033	0.366133	0.331793	0.356180	0.326738	0.322601	0.315691	0.335890	0.329938	0.338570	0.340979	0.340298	0.339885	
0.333927	0.332511	0.340086	0.322757	0.332053	0.313778	0.296210	0.317931	0.313308	0.348404	0.328009	0.312125	0.335036	0.311253	0.313168	0.330199	0.323279	0.318628	0.322726	0.309169	0.340192	0.320942	0.331583	0.348346	0.333725	0.341115	0.346271	0.331671	0.350388	0.272621	0.000000	0.207368	0.342535	0.334774	0.340973	0.317114	0.323823	0.321950	0.341184	0.319382	0.336719	0.340698	0.363920	0.350277	0.330110	0.344017	0.340199	0.342288	0.336251	0.334621	0.343827	0.341635	0.351906	0.326978	0.328093	0.330049	0.360350	0.346121	0.339311	0.326535	0.325478	0.331993	0.341235	0.342582	0.320417	0.329623	0.338159	0.349068	0.335170	0.339788	0.336296	0.330232	0.339369	0.323271	0.330784	0.329575	0.339238	0.303684	0.336524	0.356415	0.345564	0.340460	0.345322	0.340248	0.349166	0.325767	0.337900	0.343170	0.339228	0.334373	0.321171	0.341183	0.347820	0.335332	0.350298	0.346986	0.354603	0.341862	0.332561	0.344878	0.319025	0.358517	0.335306	0.339247	0.349102	0.352444	0.348623	0.353634	0.349843	0.340469	0.355995	0.339231	0.348997	0.326991	0.324572	0.336192	0.326717	0.345585	0.362259	0.339283	
0.323471	0.308097	0.316594	0.300723	0.305886	0.305570	0.286276	0.279721	0.303579	0.321144	0.315318	0.296254	0.309947	0.293373	0.305050	0.307734	0.299778	0.303805	0.291348	0.294996	0.304284	0.291066	0.294978	0.321192	0.309543	0.302749	0.301852	0.296479	0.297617	0.214480	0.207368	0.000000	0.285690	0.293597	0.284610	0.312649	0.311174	0.305374	0.317199	0.311897	0.316387	0.309507	0.332795	0.308963	0.319715	0.323299	0.301368	0.326260	0.319733	0.308447	0.332980	0.316003	0.319999	0.290226	0.320463	0.295662	0.320429	0.308696	0.314305	0.307746	0.318526	0.314213	0.319072	0.318805	0.303694	0.315066	0.317947	0.325749	0.315689	0.330676	0.328817	0.323852	0.310871	0.302170	0.312183	0.306801	0.308816	0.291967	0.314144	0.318568	0.317293	0.320818	0.315824	0.319576	0.329052	0.307985	0.318717	0.307844	0.300160	0.309323	0.296444	0.305835	0.323251	0.316652	0.324370	0.328634	0.334526	0.307741	0.314543	0.322462	0.302115	0.325684	0.308613	0.315772	0.330638	0.316055	0.314235	0.323827	0.335230	0.319964	0.335258	0.316851	0.304398	0.294877	0.307920	0.309984	0.309788	0.320929	0.341140	0.327184	
0.335306	0.318521	0.324745	0.310828	0.316267	0.315569	0.299042	0.285784	0.314089	0.325305	0.312360	0.310911	0.311859	0.294815	0.329110	0.316375	0.306895	0.310126	0.309748	0.302187	0.324066	0.308989	0.318157	0.337044	0.321936	0.299840	0.174226	0.247452	0.153385	0.317837	0.342535	0.285690	0.000000	0.144742	0.015108	0.337863	0.326303	0.323172	0.334753	0.327239	0.323097	0.308867	0.326648	0.304065	0.340171	0.348257	0.330702	0.332257	0.324144	0.309531	0.338867	0.325039	0.334532	0.332366	0.332395	0.324228	0.308066	0.303578	0.314274	0.312835	0.341338	0.334379	0.337951	0.336356	0.314795	0.327953	0.327766	0.331215	0.325233	0.341077	0.336096	0.331155	0.330857	0.324970	0.334721	0.319396	0.318788	0.318431	0.333313	0.330056	0.336245	0.328174	0.324573	0.332708	0.336325	0.315563	0.324050	0.315694	0.320832	0.313228	0.309395	0.324691	0.332205	0.339753	0.333789	0.334748	0.344146	0.318577	0.333436	0.329344	0.325286	0.340198	0.328494	0.334494	0.337919	0.337220	0.322874	0.342078	0.328044	0.330175	0.336175	0.328146	0.325219	0.316151	0.327148	0.323792	0.328073	0.336215	0.340961	0.348888	
0.336842	0.321911	0.330612	0.322423	0.309089	0.321011	0.308539	0.307969	0.323106	0.322929	0.314504	0.303105	0.301044	0.292814	0.321769	0.304402	0.297000	0.299088	0.302483	0.291492	0.314129	0.302928	0.316881	0.343959	0.332543	0.318829	0.244910	0.220165	0.198832	0.311668	0.334774	0.293597	0.144742	0.000000	0.147026	0.335926	0.324861	0.326690	0.311225	0.330001	0.303169	0.314352	0.331549	0.317040	0.335905	0.347469	0.329205	0.328192	0.321386	0.312267	0.342460	0.333346	0.331163	0.332296	0.314224	0.325394	0.319788	0.311535	0.325685	0.324529	0.330817	0.325400	0.336239	0.337520	0.315403	0.330818	0.328316	0.330775	0.321741	0.339143	0.333549	0.331581	0.330714	0.325421	0.332928	0.320766	0.310203	0.324530	0.331342	0.331645	0.326472	0.319607	0.319904	0.325733	0.325806	0.320588	0.316383	0.313245	0.318056	0.314087	0.305672	0.333093	0.335531	0.338644	0.345476	0.346704	0.356291	0.299989	0.324963	0.310400	0.329698	0.352191	0.325759	0.332172	0.346889	0.330296	0.320768	0.330767	0.336461	0.326389	0.339754	0.313463	0.332579	0.311215	0.331578	0.325395	0.319825	0.351133	0.337045	0.339383	
0.333364	0.317943	0.324324	0.310035	0.315232	0.314338	0.298137	0.285363	0.312039	0.323669	0.312487	0.308361	0.309472	0.293483	0.325611	0.314388	0.302867	0.308820	0.308351	0.301380	0.321862	0.308323	0.316626	0.335712	0.320916	0.299653	0.174863	0.247835	0.157554	0.317191	0.340973	0.284610	0.015108	0.147026	0.000000	0.336260	0.325063	0.321346	0.334171	0.324391	0.323076	0.308224	0.325742	0.303160	0.340473	0.348403	0.329617	0.332133	0.323604	0.308911	0.337948	0.323317	0.333063	0.331393	0.329702	0.322034	0.309274	0.304096	0.313951	0.313255	0.340716	0.334630	0.336174	0.335149	0.313524	0.326063	0.326406	0.329759	0.323171	0.339192	0.334322	0.330692	0.329878	0.323650	0.333602	0.317217	0.317981	0.316844	0.332132	0.329590	0.335846	0.327630	0.325341	0.332339	0.335977	0.314615	0.323244	0.314179	0.319145	0.311399	0.308592	0.323925	0.329681	0.337714	0.332301	0.334001	0.343126	0.317857	0.331433	0.327490	0.323781	0.338471	0.328353	0.333184	0.337084	0.337236	0.322711	0.341476	0.327427	0.329537	0.335545	0.326848	0.324387	0.314605	0.325171	0.321118	0.326192	0.334094	0.338893	0.349259	
0.338054	0.334161	0.335843	0.311889	0.327497	0.322920	0.301796	0.317785	0.322811	0.358317	0.333409	0.303714	0.317719	0.305766	0.318144	0.323647	0.311409	0.301246	0.300853	0.312865	0.324124	0.311083	0.311590	0.360660	0.347821	0.357537	0.319755	0.322912	0.334662	0.342648	0.317114	0.312649	0.337863	0.335926	0.336260	0.000000	0.129529	0.170092	0.300992	0.296216	0.324834	0.341685	0.356161	0.327159	0.329320	0.351689	0.343810	0.339892	0.329345	0.326673	0.329411	0.337061	0.343978	0.327888	0.325481	0.305260	0.346290	0.340890	0.331876	0.300206	0.302757	0.303724	0.318526	0.306244	0.317840	0.334252	0.338307	0.336952	0.342133	0.347196	0.340292	0.334265	0.312260	0.305312	0.312552	0.259391	0.254642	0.293287	0.345069	0.355635	0.346409	0.326631	0.331773	0.327722	0.351853	0.333773	0.346738	0.330479	0.332222	0.322081	0.314909	0.310893	0.328787	0.322544	0.333273	0.330660	0.320847	0.334160	0.324933	0.331516	0.322170	0.351266	0.311971	0.314337	0.347760	0.341932	0.333206	0.352029	0.335032	0.339020	0.336847	0.334918	0.351694	0.341549	0.251710	0.264766	0.270798	0.352732	0.354142	0.327828	
0.331662	0.333946	0.328021	0.319672	0.324731	0.327759	0.309262	0.327045	0.328277	0.353934	0.345370	0.313177	0.328673	0.316389	0.327837	0.331233	0.315270	0.319697	0.317171	0.320930	0.319220	0.316678	0.314978	0.355098	0.347104	0.356065	0.320114	0.323698	0.323940	0.343710	0.323823	0.311174	0.326303	0.324861	0.325063	0.129529	0.000000	0.107377	0.286041	0.277228	0.320516	0.340311	0.352582	0.333015	0.337587	0.351946	0.349427	0.335715	0.324708	0.325251	0.333409	0.348829	0.335908	0.323732	0.332521	0.313680	0.342912	0.336236	0.327158	0.312941	0.297976	0.303217	0.316400	0.304735	0.309929	0.332271	0.336049	0.337764	0.339089	0.341721	0.340983	0.329794	0.277343	0.284140	0.288465	0.276913	0.237408	0.291163	0.348645	0.355001	0.345489	0.330955	0.332844	0.332328	0.346249	0.330733	0.356974	0.331616	0.335653	0.323302	0.329334	0.327281	0.337384	0.328483	0.340289	0.346545	0.336092	0.340120	0.328941	0.334598	0.320800	0.351981	0.327520	0.321529	0.352666	0.348456	0.333840	0.356511	0.334685	0.348167	0.345208	0.340708	0.346448	0.338059	0.262982	0.272539	0.281380	0.341748	0.351562	0.338722	
