
93
SRR26416938	0.0000000000	0.3407171188	0.3459058423	0.3271170076	0.3429993702	0.3569687281	0.3355544339	0.3281330889	0.3315402962	0.3401737466	0.3490782409	0.3373785965	0.3279823141	0.3558598403	0.3291792585	0.3305202902	0.3398216352	0.3826135400	0.3689489070	0.3761174891	0.3675353789	0.3862253860	0.3465955833	0.3435030499	0.3418716890	0.3275953640	0.3451609835	0.3365830351	0.3352580823	0.3448767465	0.3434595204	0.3355850124	0.3676375577	0.3693576241	0.3615434716	0.3633933367	0.3549335563	0.3658870898	0.3583191346	0.3682225262	0.3573976726	0.3510573864	0.3448451178	0.3549250140	0.3624592285	0.3569957976	0.3499397955	0.3739174447	0.3371229123	0.3400839540	0.3362005216	0.3376532516	0.3420270853	0.3436382628	0.3427633299	0.3435525035	0.3452508190	0.3446597700	0.3367667347	0.3465942058	0.3288182747	0.3258196838	0.3669326116	0.3681238099	0.3675616479	0.3812581845	0.3699269059	0.3780160837	0.3667909254	0.3400710008	0.3420545939	0.3345415875	0.3292547898	0.3394542688	0.3663272243	0.3578285221	0.3623578999	0.3761349379	0.3777912130	0.3571033850	0.3710248479	0.3614754799	0.3678387157	0.3756066279	0.3570375212	0.3444271206	0.3610857625	0.3654591918	0.3462380740	0.3601930507	0.3613830722	0.3644695722	0.3268639716
SRR26416940	0.3407171188	0.0000000000	0.3474847202	0.3444163764	0.3477555951	0.3708360316	0.3426059951	0.3484829039	0.3437206208	0.3530790647	0.3612823843	0.3469311393	0.3488899986	0.3639473483	0.3410520307	0.3440321205	0.3448656695	0.3720750452	0.3718123601	0.3711404365	0.3757386150	0.3745069368	0.3606646644	0.3463516793	0.3405085728	0.3435422969	0.3447595794	0.3463165336	0.3468812857	0.3458213543	0.3471420688	0.3467742920	0.3645510832	0.3678527179	0.3606307447	0.3664702162	0.3584403290	0.3672785366	0.3617858869	0.3644266141	0.3619755389	0.3587491846	0.3543775123	0.3620435901	0.3632451380	0.3627978395	0.3566887476	0.3584908165	0.3511449098	0.3469650411	0.3451857793	0.3373997357	0.3422236028	0.3485461287	0.3428199185	0.3448318133	0.3435481850	0.3437045671	0.3484058894	0.3509575367	0.3448454686	0.3433338881	0.3712049166	0.3721932174	0.3709429786	0.3744156072	0.3711515129	0.3697965106	0.3700140974	0.3402573996	0.3454938054	0.3435001608	0.3461436360	0.3375143161	0.3658330184	0.3602223335	0.3623969349	0.3679456950	0.3665899516	0.3614884858	0.3675324240	0.3626103262	0.3671079436	0.3614860887	0.3581097611	0.3572955176	0.3628828823	0.3666416463	0.3607090074	0.3622938252	0.3639026454	0.3663374165	0.3417928651
SRR26416941	0.3459058423	0.3474847202	0.0000000000	0.3589013058	0.3377436379	0.3721836340	0.3589160633	0.3578135774	0.3557320702	0.3543312336	0.3704607345	0.3598532582	0.3546174853	0.3694763516	0.3487062248	0.3539554028	0.3437505115	0.3557151941	0.3663018148	0.3485506312	0.3670070985	0.3593866997	0.3676225669	0.3494621277	0.3452954553	0.3528430184	0.3469968755	0.3580593725	0.3576337223	0.3494415695	0.3484641119	0.3562364622	0.3594509084	0.3682175157	0.3586267514	0.3604157246	0.3586326567	0.3645594830	0.3586590775	0.3631496526	0.3714555690	0.3653253825	0.3462798953	0.3550657781	0.3590098546	0.3704961395	0.3676345443	0.3482138427	0.3614765586	0.3496544776	0.3554594084	0.3400189140	0.3472306407	0.3425192782	0.3472858710	0.3433561528	0.3431973535	0.3544593900	0.3623957142	0.3415740951	0.3575073492	0.3520614817	0.3637805954	0.3637835376	0.3653385391	0.3553189074	0.3626019372	0.3531791884	0.3650234000	0.3457674759	0.3393727655	0.3512186730	0.3541383187	0.3401208262	0.3584930772	0.3556217013	0.3565706971	0.3518713517	0.3527938339	0.3537739661	0.3442581808	0.3579927430	0.3463071258	0.3457295435	0.3551508300	0.3661163566	0.3561150400	0.3627982959	0.3666021089	0.3570518933	0.3593741337	0.3596525138	0.3570193562
SRR26416943	0.3271170076	0.3444163764	0.3589013058	0.0000000000	0.3388992931	0.3595574210	0.3325498581	0.3337671052	0.3328644311	0.3398193909	0.3513953890	0.3361288601	0.3366138871	0.3540721308	0.3294799004	0.3329398777	0.3427834548	0.3842176002	0.3737489260	0.3771489784	0.3720325224	0.3840180944	0.3505766545	0.3445033937	0.3440250729	0.3286318411	0.3460217553	0.3356494122	0.3275718097	0.3395343469	0.3419807636	0.3359067482	0.3687414221	0.3710739363	0.3644119870	0.3623557415	0.3593860288	0.3630209212	0.3579198462	0.3678342039	0.3490205111	0.3528253993	0.3482004818	0.3579170049	0.3626711465	0.3492074605	0.3474484394	0.3733322966	0.3358926870	0.3387190912	0.3293645340	0.3331993085	0.3433071085	0.3451271137	0.3438826633	0.3435795658	0.3494707489	0.3447331311	0.3375434800	0.3515580756	0.3341263402	0.3279387574	0.3713167185	0.3737035037	0.3725850776	0.3834279511	0.3737758359	0.3816507331	0.3687659640	0.3416215360	0.3453406087	0.3354676662	0.3312971068	0.3405812414	0.3615793608	0.3543140775	0.3636198852	0.3756227978	0.3765844420	0.3614602962	0.3710769955	0.3671341573	0.3737300614	0.3750658794	0.3577779789	0.3446256565	0.3597259446	0.3616423770	0.3477746439	0.3646762445	0.3639629272	0.3639133950	0.3343169762
SRR26416946	0.3429993702	0.3477555951	0.3377436379	0.3388992931	0.0000000000	0.3631562968	0.3472483926	0.3493860937	0.3482817664	0.3481546962	0.3595567089	0.3547455187	0.3505107639	0.3603361885	0.3394012989	0.3460964803	0.3444564122	0.3699997299	0.3692210389	0.3641377728	0.3648448876	0.3719639118	0.3614504709	0.3454283708	0.3424758682	0.3400795778	0.3453635415	0.3506853057	0.3449278857	0.3491260044	0.3461122281	0.3454878376	0.3633721171	0.3698485416	0.3594475218	0.3571357697	0.3578159553	0.3630832105	0.3595644665	0.3655764422	0.3612562414	0.3562574543	0.3448538213	0.3558757375	0.3584306820	0.3572372460	0.3514472560	0.3566106110	0.3496285914	0.3443313825	0.3448731335	0.3440413157	0.3450365218	0.3439356927	0.3446616292	0.3381218454	0.3501424848	0.3453837550	0.3495610382	0.3468025060	0.3475018530	0.3418351852	0.3631002601	0.3679563847	0.3667856591	0.3721492052	0.3639936158	0.3679109125	0.3637266048	0.3475519191	0.3381639844	0.3434442047	0.3431471954	0.3389396777	0.3546070293	0.3536650043	0.3514122014	0.3604464843	0.3643958340	0.3499491110	0.3566106066	0.3588108897	0.3602579708	0.3583313125	0.3543292031	0.3552089998	0.3543749909	0.3661092616	0.3561028934	0.3547943997	0.3576246227	0.3615552407	0.3463242132
SRR26416948	0.3569687281	0.3708360316	0.3721836340	0.3595574210	0.3631562968	0.0000000000	0.3546550309	0.3574485671	0.3568454422	0.3530814976	0.3136234018	0.3547552595	0.3606559932	0.3248291046	0.3571610436	0.3562600967	0.3704695980	0.3327259458	0.3266767331	0.3389144986	0.3279847804	0.3392536205	0.3135259670	0.3689838386	0.3635715604	0.3530437554	0.3709701743	0.3629299333	0.3560160214	0.3598133446	0.3657674855	0.3551616307	0.3194376915	0.3269153816	0.3274471487	0.3294167669	0.3365862852	0.3309660085	0.3316485551	0.3304580390	0.3201713435	0.3178789871	0.3567699659	0.3417234945	0.3213904206	0.3145366393	0.3282274204	0.3543384050	0.3582215601	0.3515136088	0.3568261662	0.3716777291	0.3653901913	0.3723939936	0.3657554090	0.3642818061	0.3716501596	0.3557298700	0.3594454739	0.3601322178	0.3596828980	0.3548191703	0.3269550251	0.3307376681	0.3222660736	0.3353744563	0.3229037038	0.3350734153	0.3186660870	0.3684102345	0.3658302379	0.3550577946	0.3613472680	0.3701263665	0.3364907728	0.3391796053	0.3373034532	0.3415429901	0.3412833415	0.3359287243	0.3491215609	0.3383670961	0.3475291444	0.3478663001	0.3350146802	0.3268497510	0.3319304594	0.3275420893	0.3207965152	0.3326598612	0.3289417899	0.3360367823	0.3577558175
SRR26416950	0.3355544339	0.3426059951	0.3589160633	0.3325498581	0.3472483926	0.3546550309	0.0000000000	0.3340524367	0.3297088376	0.3386864123	0.3537491846	0.3355136288	0.3366803896	0.3571878504	0.3298437855	0.3348295573	0.3458268734	0.3854835547	0.3758719444	0.3856125111	0.3747019477	0.3891397012	0.3532539919	0.3459384909	0.3422593565	0.3306151360	0.3418755791	0.3295333702	0.3365452265	0.3468186929	0.3436829392	0.3414438287	0.3698182823	0.3703096603	0.3623938552	0.3672620714	0.3639896164	0.3714903844	0.3657489739	0.3702003797	0.3561264307	0.3537410362	0.3613435499	0.3656424260	0.3662276843	0.3577210290	0.3531686472	0.3785914864	0.3395408081	0.3395438391	0.3322431244	0.3451007236	0.3425710728	0.3473028002	0.3421561683	0.3476377673	0.3469816800	0.3486424460	0.3293732120	0.3542758080	0.3299912074	0.3319857321	0.3798661708	0.3766078857	0.3769707654	0.3888884249	0.3748490975	0.3846694298	0.3754052338	0.3400066758	0.3484953313	0.3337637683	0.3281984794	0.3397277390	0.3648662808	0.3583251286	0.3672636420	0.3819064615	0.3814885412	0.3622666195	0.3785258945	0.3704242589	0.3826283381	0.3802834072	0.3614193936	0.3496563671	0.3669848033	0.3668600771	0.3508910964	0.3679864075	0.3663057847	0.3689097066	0.3332116162
SRR26416951	0.3281330889	0.3484829039	0.3578135774	0.3337671052	0.3493860937	0.3574485671	0.3340524367	0.0000000000	0.3263018048	0.3352813304	0.3532830553	0.3369310026	0.3274481079	0.3596323986	0.3313316688	0.3309597971	0.3399980990	0.3867092326	0.3750376981	0.3857739949	0.3768571129	0.3905807961	0.3505961959	0.3448391715	0.3421724134	0.3321195249	0.3434504550	0.3315045517	0.3374146213	0.3427009031	0.3430677764	0.3398836922	0.3723244000	0.3672709695	0.3661816883	0.3693599922	0.3654050859	0.3710134573	0.3649283126	0.3709000859	0.3570081232	0.3536030714	0.3563997847	0.3603968002	0.3684069282	0.3600491916	0.3550254455	0.3777831236	0.3312021998	0.3435982667	0.3327896784	0.3410576595	0.3446038916	0.3403044309	0.3409041680	0.3445152725	0.3433973020	0.3482129183	0.3276223964	0.3461480903	0.3256266725	0.3286953572	0.3743624442	0.3764256459	0.3777590498	0.3893589635	0.3745563673	0.3852881752	0.3759832822	0.3430703891	0.3419782040	0.3338888213	0.3343723845	0.3432707778	0.3690394616	0.3603490916	0.3668975917	0.3815750110	0.3863813470	0.3644136217	0.3781874691	0.3696581170	0.3770252948	0.3790623751	0.3626980848	0.3467136780	0.3687495303	0.3667408091	0.3538703551	0.3687547620	0.3640963529	0.3695434492	0.3344182021
SRR26416953	0.3315402962	0.3437206208	0.3557320702	0.3328644311	0.3482817664	0.3568454422	0.3297088376	0.3263018048	0.0000000000	0.3352011971	0.3495528670	0.3350487538	0.3247339584	0.3558925514	0.3274888153	0.3279460771	0.3449341121	0.3872091543	0.3742062345	0.3881676519	0.3775632327	0.3906538890	0.3493540557	0.3446620029	0.3379601842	0.3299328324	0.3421016899	0.3296185207	0.3371121692	0.3471922629	0.3409119894	0.3379164743	0.3706952421	0.3665706764	0.3651764217	0.3687734098	0.3636153176	0.3671157121	0.3619910672	0.3703803439	0.3593499079	0.3518119890	0.3588181643	0.3594880988	0.3685483708	0.3604963235	0.3545654559	0.3772608658	0.3299548084	0.3405343753	0.3329708144	0.3407375555	0.3408253855	0.3403351591	0.3367739198	0.3455015339	0.3442620929	0.3436970570	0.3322711209	0.3478079458	0.3283352511	0.3257946123	0.3783887826	0.3755424628	0.3762342141	0.3891403090	0.3721497827	0.3841303284	0.3753139433	0.3379813785	0.3417957530	0.3345879280	0.3311693517	0.3397035134	0.3648170571	0.3544646913	0.3660826672	0.3793833587	0.3815074083	0.3685273654	0.3774867587	0.3655036680	0.3791978126	0.3746818223	0.3645762773	0.3487368964	0.3671242265	0.3657605472	0.3514724274	0.3695681289	0.3667530045	0.3661645076	0.3330914652
SRR26416958	0.3401737466	0.3530790647	0.3543312336	0.3398193909	0.3481546962	0.3530814976	0.3386864123	0.3352813304	0.3352011971	0.0000000000	0.3496750904	0.3409214924	0.3389515171	0.3492607371	0.3310678251	0.3347264015	0.3445831740	0.3822283722	0.3714849602	0.3825181512	0.3685209664	0.3845967074	0.3503092383	0.3519617009	0.3433790153	0.3340440100	0.3490526559	0.3373388594	0.3442075795	0.3501369450	0.3495096357	0.3417112224	0.3650952707	0.3694846755	0.3623596508	0.3611104870	0.3644047929	0.3650413655	0.3626817318	0.3661742449	0.3529383205	0.3463603242	0.3568862595	0.3620755971	0.3598291474	0.3530141096	0.3499505819	0.3736700984	0.3410997910	0.3381860347	0.3348808866	0.3469365818	0.3523339165	0.3511429835	0.3425566472	0.3462597511	0.3490541961	0.3510648996	0.3380748364	0.3493263012	0.3310190320	0.3388280491	0.3681603601	0.3722568128	0.3711420115	0.3825890453	0.3693004345	0.3802905641	0.3720361336	0.3484560874	0.3456598201	0.3373527460	0.3354377717	0.3452542055	0.3633498804	0.3590150372	0.3612147103	0.3767195911	0.3804570387	0.3589133521	0.3742100674	0.3629546257	0.3748795792	0.3742130639	0.3591880255	0.3513607435	0.3632544968	0.3682626002	0.3490247291	0.3643957741	0.3651824373	0.3639860669	0.3363497415
SRR26416959	0.3490782409	0.3612823843	0.3704607345	0.3513953890	0.3595567089	0.3136234018	0.3537491846	0.3532830553	0.3495528670	0.3496750904	0.0000000000	0.3493585244	0.3520003194	0.3225215317	0.3454144727	0.3493472365	0.3628140041	0.3378807978	0.3322486985	0.3358423100	0.3251694251	0.3339814671	0.3190604681	0.3603136596	0.3607535085	0.3493576309	0.3613517449	0.3540146535	0.3494714058	0.3559336858	0.3586688046	0.3480312538	0.3314453811	0.3289055032	0.3303425317	0.3331158810	0.3332350761	0.3340168365	0.3357648001	0.3347849005	0.3233127310	0.3211628267	0.3411277567	0.3325100157	0.3286619942	0.3175013054	0.3223266683	0.3547500578	0.3480716656	0.3536310408	0.3519497035	0.3582402677	0.3610786581	0.3572813432	0.3609317401	0.3555679020	0.3671720953	0.3579172401	0.3568331496	0.3568422691	0.3502638792	0.3435681576	0.3179934704	0.3248453047	0.3260934862	0.3346293760	0.3228768110	0.3437845250	0.3198284282	0.3613584914	0.3589900144	0.3501877394	0.3533017554	0.3596245180	0.3409731393	0.3334533844	0.3431041695	0.3510878171	0.3394770865	0.3395922870	0.3447048768	0.3383579159	0.3491861755	0.3599038220	0.3378575035	0.3319661325	0.3231304239	0.3185810655	0.3174368863	0.3268413650	0.3375887345	0.3409447861	0.3454904157
SRR26416960	0.3373785965	0.3469311393	0.3598532582	0.3361288601	0.3547455187	0.3547552595	0.3355136288	0.3369310026	0.3350487538	0.3409214924	0.3493585244	0.0000000000	0.3347065652	0.3516637695	0.3315261885	0.3365050259	0.3443000213	0.3823593099	0.3702142792	0.3799641677	0.3710472371	0.3837988010	0.3495252053	0.3485466688	0.3412408587	0.3348216145	0.3445467605	0.3333897402	0.3370024765	0.3488348111	0.3488828655	0.3408745108	0.3609546353	0.3601005963	0.3630311976	0.3621415344	0.3592464646	0.3693734973	0.3560328065	0.3621715082	0.3561163394	0.3471127125	0.3536549869	0.3566863188	0.3636128257	0.3555714395	0.3509442808	0.3733892859	0.3350489796	0.3457815200	0.3370675091	0.3392090699	0.3455042571	0.3450296171	0.3421035787	0.3478251447	0.3483962773	0.3502881757	0.3409826740	0.3537429207	0.3344558880	0.3280582628	0.3662272996	0.3707583843	0.3725798219	0.3835436387	0.3702454527	0.3783940870	0.3707124115	0.3477706419	0.3474189004	0.3362984786	0.3282462317	0.3398083422	0.3627627105	0.3538783556	0.3627381629	0.3787859395	0.3765887399	0.3629244065	0.3749209161	0.3624842223	0.3729667466	0.3735217402	0.3543410419	0.3481697137	0.3649404189	0.3614168504	0.3459506784	0.3619621471	0.3606702983	0.3652199821	0.3247107872
SRR26416961	0.3279823141	0.3488899986	0.3546174853	0.3366138871	0.3505107639	0.3606559932	0.3366803896	0.3274481079	0.3247339584	0.3389515171	0.3520003194	0.3347065652	0.0000000000	0.3550351567	0.3306578086	0.3272397973	0.3420222160	0.3875228808	0.3782709191	0.3831487766	0.3729764828	0.3870196631	0.3525291205	0.3389743064	0.3385573173	0.3275348017	0.3441589845	0.3285398362	0.3374396186	0.3470332609	0.3432528211	0.3364742689	0.3743748134	0.3726517524	0.3643975169	0.3694305218	0.3625217711	0.3725462181	0.3654528380	0.3702756550	0.3614116877	0.3523936468	0.3547081567	0.3597101846	0.3678307728	0.3587772725	0.3545921697	0.3781981604	0.3345174565	0.3402930823	0.3322064246	0.3379073558	0.3411959595	0.3430771687	0.3451910891	0.3434150007	0.3429839293	0.3465006213	0.3345126969	0.3487486448	0.3233622505	0.3262256283	0.3717338721	0.3734842193	0.3764536061	0.3881540942	0.3731322392	0.3867218605	0.3748731626	0.3441446228	0.3458425284	0.3360262028	0.3357589737	0.3402181271	0.3689431204	0.3594322446	0.3652792865	0.3784489555	0.3852790573	0.3659644153	0.3769522204	0.3656963070	0.3799356114	0.3799183919	0.3595526573	0.3485906563	0.3680161247	0.3673122376	0.3492186596	0.3687316677	0.3682477033	0.3689008209	0.3274541408
SRR26416970	0.3558598403	0.3639473483	0.3694763516	0.3540721308	0.3603361885	0.3248291046	0.3571878504	0.3596323986	0.3558925514	0.3492607371	0.3225215317	0.3516637695	0.3550351567	0.0000000000	0.3510313601	0.3565959869	0.3686788691	0.3450723658	0.3394827869	0.3342874278	0.3349446817	0.3512237869	0.3247674274	0.3667908839	0.3647943504	0.3540181611	0.3724891009	0.3613157731	0.3511605837	0.3644587411	0.3657193586	0.3505184984	0.3286133446	0.3409812060	0.3336693751	0.3292671966	0.3359572161	0.3363201750	0.3346555490	0.3346232160	0.3322787309	0.3278946922	0.3494857443	0.3346449094	0.3391449442	0.3249973400	0.3261904827	0.3487458540	0.3575526093	0.3492955520	0.3572534651	0.3646186016	0.3684451008	0.3683948938	0.3643006650	0.3580865238	0.3708810892	0.3607436613	0.3574110094	0.3596352538	0.3578454130	0.3536439124	0.3324132922	0.3343680723	0.3318392356	0.3349217538	0.3309341768	0.3394152424	0.3294739509	0.3689505178	0.3607871649	0.3494231335	0.3593416400	0.3634426598	0.3375796979	0.3492957729	0.3381760017	0.3495198703	0.3499189324	0.3395795354	0.3435454346	0.3431262992	0.3555909148	0.3560523347	0.3366134795	0.3325294923	0.3334225697	0.3371994117	0.3222141528	0.3291940163	0.3441461774	0.3368864938	0.3525382491
SRR26416995	0.3291792585	0.3410520307	0.3487062248	0.3294799004	0.3394012989	0.3571610436	0.3298437855	0.3313316688	0.3274888153	0.3310678251	0.3454144727	0.3315261885	0.3306578086	0.3510313601	0.0000000000	0.3260972348	0.3381238834	0.3809067759	0.3711508444	0.3750303254	0.3693878660	0.3866314263	0.3466476257	0.3396643342	0.3365025642	0.3260338266	0.3441766397	0.3250889003	0.3337015204	0.3389655878	0.3413244776	0.3331080209	0.3661007222	0.3697990969	0.3622153387	0.3642049792	0.3549516806	0.3632779815	0.3563811787	0.3666245294	0.3557687569	0.3507005863	0.3402464924	0.3530231516	0.3607716339	0.3497383157	0.3451669605	0.3709928233	0.3319911598	0.3343686870	0.3277322375	0.3360525196	0.3387945717	0.3378620739	0.3393478374	0.3313852518	0.3437043798	0.3443695453	0.3379615813	0.3425020862	0.3236169179	0.3193755540	0.3691055232	0.3708298917	0.3738599429	0.3832827349	0.3696412071	0.3819610279	0.3683176701	0.3415521390	0.3380975749	0.3263838593	0.3268418127	0.3353615198	0.3661807412	0.3537521078	0.3591550134	0.3753550356	0.3756937904	0.3564079583	0.3668697472	0.3587377237	0.3732343853	0.3678678954	0.3549758525	0.3434577269	0.3561051618	0.3645744967	0.3425161093	0.3582410217	0.3593633537	0.3679803106	0.3266433329
SRR26417017	0.3305202902	0.3440321205	0.3539554028	0.3329398777	0.3460964803	0.3562600967	0.3348295573	0.3309597971	0.3279460771	0.3347264015	0.3493472365	0.3365050259	0.3272397973	0.3565959869	0.3260972348	0.0000000000	0.3412990268	0.3871571785	0.3740130902	0.3827660486	0.3729939452	0.3871933502	0.3493222350	0.3355306748	0.3366463814	0.3252922459	0.3466190028	0.3286803312	0.3339661738	0.3417153771	0.3429336562	0.3361648759	0.3736966027	0.3689582424	0.3630640331	0.3669727216	0.3601299959	0.3675178202	0.3618347397	0.3664899851	0.3544809492	0.3519254121	0.3528652940	0.3604875650	0.3644345307	0.3556471116	0.3487310749	0.3763708732	0.3306589335	0.3399673559	0.3285159776	0.3366224255	0.3402272019	0.3379392664	0.3399333732	0.3415052422	0.3422137522	0.3481631773	0.3339591997	0.3475877758	0.3228941905	0.3265716315	0.3725146646	0.3710967249	0.3739592781	0.3858942733	0.3730454285	0.3846270582	0.3729065872	0.3422823150	0.3435297259	0.3349945185	0.3288787445	0.3427529050	0.3644816097	0.3575214828	0.3596059936	0.3777015413	0.3799971000	0.3644200565	0.3749138074	0.3642600002	0.3768503847	0.3740691553	0.3655355534	0.3455609041	0.3620715214	0.3655473128	0.3494992531	0.3630267370	0.3635768301	0.3681258448	0.3251521132
SRR26417025	0.3398216352	0.3448656695	0.3437505115	0.3427834548	0.3444564122	0.3704695980	0.3458268734	0.3399980990	0.3449341121	0.3445831740	0.3628140041	0.3443000213	0.3420222160	0.3686788691	0.3381238834	0.3412990268	0.0000000000	0.3786325993	0.3771334371	0.3748429049	0.3742223451	0.3795351923	0.3639841277	0.3421380877	0.3385656165	0.3410922588	0.3416681264	0.3398926595	0.3418277383	0.3430849045	0.3426413105	0.3469518350	0.3681495546	0.3695948069	0.3636634525	0.3669680694	0.3621391673	0.3707013597	0.3604012910	0.3709399213	0.3717983735	0.3616393816	0.3509911864	0.3546094051	0.3636239190	0.3706414703	0.3672054436	0.3638516193	0.3464289485	0.3510386440	0.3425369413	0.3380352237	0.3394946826	0.3422346654	0.3370109762	0.3416263013	0.3440068859	0.3451789966	0.3450244445	0.3469013765	0.3396927160	0.3325343068	0.3739157768	0.3764642642	0.3765825176	0.3807253323	0.3735954383	0.3747673454	0.3727858239	0.3393034018	0.3368471030	0.3466250303	0.3412912397	0.3390732856	0.3655119242	0.3573364167	0.3649723831	0.3696553208	0.3716598149	0.3659122755	0.3643042223	0.3664879914	0.3664928591	0.3648158178	0.3596432912	0.3601006960	0.3665118740	0.3676534954	0.3651837421	0.3651124113	0.3634134292	0.3718558181	0.3379274676
SRR26417043	0.3826135400	0.3720750452	0.3557151941	0.3842176002	0.3699997299	0.3327259458	0.3854835547	0.3867092326	0.3872091543	0.3822283722	0.3378807978	0.3823593099	0.3875228808	0.3450723658	0.3809067759	0.3871571785	0.3786325993	0.0000000000	0.2876817254	0.2685853394	0.2904166201	0.2736429251	0.3434777266	0.3761122074	0.3739646718	0.3847190915	0.3766810483	0.3894768497	0.3853166393	0.3676959604	0.3723554264	0.3807862020	0.3272445763	0.3306604569	0.3270354429	0.3314679305	0.3320175254	0.3305342764	0.3338468421	0.3365098103	0.3454809084	0.3448363069	0.3478083325	0.3305801697	0.3283876957	0.3362979155	0.3487271948	0.3291725825	0.3907323081	0.3838991753	0.3865114763	0.3757334180	0.3771570064	0.3725229665	0.3753858710	0.3675939850	0.3802056776	0.3678576087	0.3911386530	0.3669044876	0.3883106098	0.3851682468	0.2872208386	0.2823877624	0.2835599401	0.2766987668	0.2811421568	0.2804706030	0.2738317262	0.3769307016	0.3711052010	0.3847481083	0.3888780674	0.3740448166	0.3389606850	0.3418189939	0.3385274820	0.3277995872	0.3233586410	0.3333092741	0.3213150963	0.3403528684	0.3263686636	0.3296671412	0.3371185465	0.3552720885	0.3226148241	0.3336591167	0.3384695082	0.3331855707	0.3316533714	0.3307694884	0.3850096554
SRR26417044	0.3689489070	0.3718123601	0.3663018148	0.3737489260	0.3692210389	0.3266767331	0.3758719444	0.3750376981	0.3742062345	0.3714849602	0.3322486985	0.3702142792	0.3782709191	0.3394827869	0.3711508444	0.3740130902	0.3771334371	0.2876817254	0.0000000000	0.2924494801	0.2913144451	0.2970656353	0.3392783830	0.3772764182	0.3742316388	0.3719707720	0.3773626497	0.3787914693	0.3739300796	0.3671646330	0.3719224246	0.3684772211	0.3208541909	0.3347288474	0.3288807162	0.3322306379	0.3343104924	0.3317801482	0.3384018219	0.3375430773	0.3303699287	0.3376172581	0.3540843300	0.3369992282	0.3265613244	0.3266044394	0.3375254400	0.3442742153	0.3753988749	0.3730391102	0.3801453315	0.3749233969	0.3734179641	0.3752655122	0.3746758787	0.3679005721	0.3759363184	0.3694482986	0.3795169905	0.3637880116	0.3773212985	0.3760617553	0.2818412490	0.2940037634	0.2881274779	0.2901370516	0.2970244510	0.2893767453	0.2833333825	0.3742307151	0.3699726171	0.3719098475	0.3808908109	0.3736272250	0.3397977097	0.3443273870	0.3389807204	0.3373160456	0.3303345418	0.3365325384	0.3435266225	0.3413319872	0.3404627113	0.3416650231	0.3419230051	0.3481733546	0.3274517150	0.3319622299	0.3361201592	0.3331742807	0.3333718050	0.3389657143	0.3770962973
SRR26417045	0.3761174891	0.3711404365	0.3485506312	0.3771489784	0.3641377728	0.3389144986	0.3856125111	0.3857739949	0.3881676519	0.3825181512	0.3358423100	0.3799641677	0.3831487766	0.3342874278	0.3750303254	0.3827660486	0.3748429049	0.2685853394	0.2924494801	0.0000000000	0.2682177091	0.2722157140	0.3373504721	0.3724604011	0.3708177281	0.3788521680	0.3756542900	0.3907512705	0.3777285708	0.3645643706	0.3710051255	0.3787111762	0.3186492060	0.3295151015	0.3210640611	0.3199264013	0.3203822650	0.3297250325	0.3303548566	0.3412386835	0.3417232923	0.3430249055	0.3380141978	0.3255621255	0.3253254092	0.3293180480	0.3422482165	0.3309173309	0.3859038009	0.3797724229	0.3870463919	0.3678320294	0.3737864683	0.3707028009	0.3706804483	0.3605935783	0.3778724574	0.3674840478	0.3925630383	0.3656395965	0.3847464748	0.3735270406	0.2741001205	0.2865798227	0.2754799547	0.2639200679	0.2776923309	0.2712358677	0.2722561787	0.3736809594	0.3617425422	0.3759829319	0.3820092762	0.3685857077	0.3302826600	0.3420130926	0.3340315241	0.3238576351	0.3186789709	0.3356711669	0.3109839574	0.3376099406	0.3131594548	0.3285094724	0.3301781973	0.3499444159	0.3202228746	0.3238357327	0.3301660435	0.3205114090	0.3284394170	0.3312915348	0.3788158805
SRR26417046	0.3675353789	0.3757386150	0.3670070985	0.3720325224	0.3648448876	0.3279847804	0.3747019477	0.3768571129	0.3775632327	0.3685209664	0.3251694251	0.3710472371	0.3729764828	0.3349446817	0.3693878660	0.3729939452	0.3742223451	0.2904166201	0.2913144451	0.2682177091	0.0000000000	0.2882173101	0.3303496001	0.3714323704	0.3743031278	0.3676119477	0.3762873420	0.3807102177	0.3717084995	0.3660772736	0.3728937879	0.3701825213	0.3234441757	0.3256420860	0.3277996188	0.3187742831	0.3217772048	0.3301390257	0.3316322170	0.3385267785	0.3225023151	0.3316857996	0.3433242613	0.3299276523	0.3252409493	0.3216207005	0.3336489989	0.3353651643	0.3759666667	0.3716610463	0.3721465277	0.3735807046	0.3722921450	0.3701535353	0.3723494631	0.3633017800	0.3803616666	0.3657823533	0.3804731896	0.3652079658	0.3752311851	0.3667598663	0.2679406558	0.2864710447	0.2794194682	0.2814172051	0.2788006090	0.2872942340	0.2783655309	0.3765293134	0.3633175738	0.3734969114	0.3768934040	0.3698657616	0.3376763841	0.3392516494	0.3270134703	0.3314391394	0.3323804614	0.3307747973	0.3222752044	0.3381087533	0.3372671039	0.3415278170	0.3363757657	0.3472461068	0.3278178926	0.3252460531	0.3266213474	0.3218498749	0.3270989180	0.3301364331	0.3713632507
SRR26417048	0.3862253860	0.3745069368	0.3593866997	0.3840180944	0.3719639118	0.3392536205	0.3891397012	0.3905807961	0.3906538890	0.3845967074	0.3339814671	0.3837988010	0.3870196631	0.3512237869	0.3866314263	0.3871933502	0.3795351923	0.2736429251	0.2970656353	0.2722157140	0.2882173101	0.0000000000	0.3467777982	0.3813742330	0.3776879506	0.3856613102	0.3779650423	0.3914263749	0.3897196026	0.3679248235	0.3745050582	0.3829519085	0.3259758423	0.3264062456	0.3272768601	0.3312822219	0.3335542171	0.3312273345	0.3383301010	0.3402635808	0.3385181847	0.3453142064	0.3555224229	0.3334690105	0.3305765143	0.3393587529	0.3432630277	0.3315043570	0.3887829267	0.3869616252	0.3909307907	0.3793661739	0.3753023278	0.3755211273	0.3750985557	0.3700535339	0.3809683269	0.3702480473	0.3901996842	0.3684615709	0.3884545017	0.3864935469	0.2779979332	0.2822290417	0.2824134908	0.2749991259	0.2771254227	0.2751788434	0.2842524571	0.3810524988	0.3746157433	0.3842571015	0.3911144927	0.3761374294	0.3347893731	0.3416013693	0.3435198212	0.3262950689	0.3203770805	0.3452043762	0.3271014670	0.3448591433	0.3207847685	0.3312747197	0.3411776409	0.3619461191	0.3288025085	0.3285122819	0.3420899125	0.3342248522	0.3343673943	0.3375592483	0.3881965637
SRR26417053	0.3465955833	0.3606646644	0.3676225669	0.3505766545	0.3614504709	0.3135259670	0.3532539919	0.3505961959	0.3493540557	0.3503092383	0.3190604681	0.3495252053	0.3525291205	0.3247674274	0.3466476257	0.3493222350	0.3639841277	0.3434777266	0.3392783830	0.3373504721	0.3303496001	0.3467777982	0.0000000000	0.3611030516	0.3560191687	0.3433037310	0.3611939277	0.3545828066	0.3466446882	0.3561840344	0.3592191134	0.3496540443	0.3237913943	0.3388367884	0.3420654610	0.3356508040	0.3369258847	0.3409539808	0.3379648711	0.3338960565	0.3218134130	0.3229956838	0.3435728909	0.3323887130	0.3297904012	0.3233902196	0.3288634070	0.3484693747	0.3520483322	0.3523812063	0.3482534958	0.3603818754	0.3615795022	0.3549842682	0.3605539573	0.3572878019	0.3642476448	0.3519130033	0.3548464715	0.3571691279	0.3508001925	0.3459583842	0.3330609527	0.3307022428	0.3298843422	0.3380045388	0.3298907541	0.3400283404	0.3268124430	0.3580977967	0.3553692385	0.3502341050	0.3541404957	0.3569963136	0.3436063697	0.3375721787	0.3334180734	0.3489098130	0.3414669843	0.3429625700	0.3411135873	0.3375353465	0.3412340875	0.3562952119	0.3368458051	0.3267738705	0.3310927065	0.3309463971	0.3095652874	0.3298957122	0.3383926453	0.3380205226	0.3497134768
SRR26417094	0.3435030499	0.3463516793	0.3494621277	0.3445033937	0.3454283708	0.3689838386	0.3459384909	0.3448391715	0.3446620029	0.3519617009	0.3603136596	0.3485466688	0.3389743064	0.3667908839	0.3396643342	0.3355306748	0.3421380877	0.3761122074	0.3772764182	0.3724604011	0.3714323704	0.3813742330	0.3611030516	0.0000000000	0.3388373626	0.3326215437	0.3452255664	0.3445821214	0.3511933662	0.3421168667	0.3427628181	0.3515469063	0.3704425831	0.3682821205	0.3631935218	0.3667511127	0.3593746722	0.3668784244	0.3627479777	0.3690497257	0.3718712006	0.3636596510	0.3490588696	0.3547315771	0.3651072461	0.3678369466	0.3649514194	0.3629160068	0.3463547705	0.3537277304	0.3444037639	0.3343992249	0.3397270733	0.3427114695	0.3422457725	0.3427253706	0.3466814388	0.3462599738	0.3456890686	0.3486112375	0.3396717229	0.3382815053	0.3743510319	0.3763481386	0.3758303595	0.3762147776	0.3727891049	0.3756569365	0.3718164522	0.3421614098	0.3399146292	0.3493116047	0.3397483500	0.3427776959	0.3670402214	0.3565022413	0.3621553215	0.3679201307	0.3679528817	0.3580076905	0.3616030635	0.3564256260	0.3653681721	0.3643732411	0.3599758218	0.3595067248	0.3615836160	0.3677240374	0.3596941069	0.3634825852	0.3606579667	0.3642159044	0.3398302981
SRR26417095	0.3418716890	0.3405085728	0.3452954553	0.3440250729	0.3424758682	0.3635715604	0.3422593565	0.3421724134	0.3379601842	0.3433790153	0.3607535085	0.3412408587	0.3385573173	0.3647943504	0.3365025642	0.3366463814	0.3385656165	0.3739646718	0.3742316388	0.3708177281	0.3743031278	0.3776879506	0.3560191687	0.3388373626	0.0000000000	0.3351029123	0.3402393003	0.3373314447	0.3476748427	0.3427123493	0.3391870831	0.3491293108	0.3642152081	0.3704839892	0.3608286298	0.3628679837	0.3566417390	0.3684160672	0.3593226385	0.3665836138	0.3690391627	0.3597805914	0.3472325185	0.3559977271	0.3581407832	0.3664371834	0.3629910572	0.3625286606	0.3478901513	0.3506210388	0.3444078211	0.3373050237	0.3418288643	0.3370897309	0.3360750929	0.3434705932	0.3426726320	0.3453412999	0.3423663092	0.3430326064	0.3383906340	0.3387922998	0.3698522288	0.3739913235	0.3720932964	0.3740442571	0.3709086546	0.3720719111	0.3691544766	0.3329084912	0.3342088587	0.3475892683	0.3377728975	0.3331983803	0.3601155086	0.3567945014	0.3600087651	0.3635107474	0.3680656221	0.3600047651	0.3604080869	0.3621813365	0.3649589661	0.3589771708	0.3569333267	0.3583945247	0.3597803691	0.3582680840	0.3547276011	0.3626807793	0.3616301274	0.3637433265	0.3410958870
SRR26417096	0.3275953640	0.3435422969	0.3528430184	0.3286318411	0.3400795778	0.3530437554	0.3306151360	0.3321195249	0.3299328324	0.3340440100	0.3493576309	0.3348216145	0.3275348017	0.3540181611	0.3260338266	0.3252922459	0.3410922588	0.3847190915	0.3719707720	0.3788521680	0.3676119477	0.3856613102	0.3433037310	0.3326215437	0.3351029123	0.0000000000	0.3397421286	0.3312364378	0.3355501850	0.3427765869	0.3382250913	0.3395250351	0.3662379321	0.3690270948	0.3591502030	0.3635696304	0.3593510062	0.3680607199	0.3591759381	0.3638803506	0.3523840358	0.3475245687	0.3445766747	0.3560647744	0.3617472443	0.3509715002	0.3473586367	0.3745741238	0.3316923812	0.3370138317	0.3306974454	0.3373219230	0.3405186666	0.3394640786	0.3411051359	0.3424160607	0.3405277944	0.3455714328	0.3323613677	0.3453705065	0.3262819761	0.3233508734	0.3658799467	0.3736391034	0.3701669171	0.3845382837	0.3690595145	0.3823063487	0.3697145772	0.3395340696	0.3398445066	0.3321763594	0.3251528497	0.3380636074	0.3683938648	0.3502216805	0.3589077981	0.3744209176	0.3803256371	0.3564750521	0.3722162675	0.3633509317	0.3748395925	0.3757320281	0.3552575168	0.3449153015	0.3588851600	0.3640549749	0.3431913039	0.3628570136	0.3619888181	0.3643874661	0.3267247505
SRR26417100	0.3451609835	0.3447595794	0.3469968755	0.3460217553	0.3453635415	0.3709701743	0.3418755791	0.3434504550	0.3421016899	0.3490526559	0.3613517449	0.3445467605	0.3441589845	0.3724891009	0.3441766397	0.3466190028	0.3416681264	0.3766810483	0.3773626497	0.3756542900	0.3762873420	0.3779650423	0.3611939277	0.3452255664	0.3402393003	0.3397421286	0.0000000000	0.3461361183	0.3504447609	0.3432455515	0.3417164674	0.3499893307	0.3704181190	0.3674377852	0.3660959590	0.3693099753	0.3648932280	0.3704396282	0.3634779495	0.3682512359	0.3679298866	0.3606201857	0.3549566037	0.3613546949	0.3672052864	0.3665199549	0.3668203215	0.3641623040	0.3462524449	0.3525643590	0.3449144874	0.3417585623	0.3420976827	0.3442622522	0.3383141692	0.3429104911	0.3495260229	0.3513991295	0.3477118969	0.3511114588	0.3444631217	0.3382554018	0.3717400455	0.3742140368	0.3757283550	0.3783336296	0.3731424435	0.3746118165	0.3729885145	0.3424906446	0.3419142039	0.3503356583	0.3438311126	0.3364827007	0.3689139753	0.3560010902	0.3645999320	0.3700071736	0.3711589305	0.3622201004	0.3666583994	0.3649772310	0.3695201511	0.3666659374	0.3571874859	0.3624742447	0.3646337688	0.3657808052	0.3620218443	0.3686042191	0.3604174634	0.3694727486	0.3395562595
SRR26417101	0.3365830351	0.3463165336	0.3580593725	0.3356494122	0.3506853057	0.3629299333	0.3295333702	0.3315045517	0.3296185207	0.3373388594	0.3540146535	0.3333897402	0.3285398362	0.3613157731	0.3250889003	0.3286803312	0.3398926595	0.3894768497	0.3787914693	0.3907512705	0.3807102177	0.3914263749	0.3545828066	0.3445821214	0.3373314447	0.3312364378	0.3461361183	0.0000000000	0.3379536631	0.3455085284	0.3466749442	0.3339161425	0.3716179207	0.3692738049	0.3665340858	0.3718422690	0.3652020157	0.3710191791	0.3654263691	0.3685200517	0.3591150050	0.3543287739	0.3593245977	0.3653001012	0.3714300861	0.3609149736	0.3535161120	0.3819374613	0.3330494167	0.3402197873	0.3339356911	0.3360392510	0.3456467087	0.3429100854	0.3375782197	0.3420943618	0.3420308017	0.3504938346	0.3353004772	0.3465247602	0.3311326009	0.3284343544	0.3775880141	0.3785119036	0.3809721172	0.3906356406	0.3781616245	0.3883472362	0.3783356839	0.3425249042	0.3412799065	0.3306391466	0.3246665559	0.3359346073	0.3731339844	0.3607509156	0.3664516450	0.3815479206	0.3829563507	0.3699910428	0.3774946721	0.3656134919	0.3773732329	0.3826027821	0.3674418076	0.3497534450	0.3703343217	0.3685327259	0.3539674293	0.3704514498	0.3666257186	0.3696406345	0.3309865778
SRR26417139	0.3352580823	0.3468812857	0.3576337223	0.3275718097	0.3449278857	0.3560160214	0.3365452265	0.3374146213	0.3371121692	0.3442075795	0.3494714058	0.3370024765	0.3374396186	0.3511605837	0.3337015204	0.3339661738	0.3418277383	0.3853166393	0.3739300796	0.3777285708	0.3717084995	0.3897196026	0.3466446882	0.3511933662	0.3476748427	0.3355501850	0.3504447609	0.3379536631	0.0000000000	0.3505371466	0.3477394976	0.3266246942	0.3714620821	0.3673398549	0.3663126198	0.3667374116	0.3649314973	0.3717923927	0.3634422507	0.3646727491	0.3528817484	0.3496572501	0.3520781010	0.3555247346	0.3646882762	0.3480104797	0.3509622623	0.3729106361	0.3387382837	0.3481664667	0.3301891428	0.3445544111	0.3450653063	0.3478283741	0.3446441883	0.3513334234	0.3522254469	0.3497049852	0.3362037688	0.3549254147	0.3393559199	0.3292578714	0.3708396530	0.3739927544	0.3741008895	0.3865961161	0.3732375811	0.3845438852	0.3735555488	0.3502779485	0.3474600044	0.3398440969	0.3385450041	0.3472018880	0.3624170489	0.3610781401	0.3597143786	0.3800497821	0.3775128086	0.3655580992	0.3724906938	0.3657477339	0.3734654759	0.3786551855	0.3571646695	0.3475704063	0.3639886463	0.3648394427	0.3493714305	0.3654392756	0.3655372415	0.3664326768	0.3377441373
SRR26417142	0.3448767465	0.3458213543	0.3494415695	0.3395343469	0.3491260044	0.3598133446	0.3468186929	0.3427009031	0.3471922629	0.3501369450	0.3559336858	0.3488348111	0.3470332609	0.3644587411	0.3389655878	0.3417153771	0.3430849045	0.3676959604	0.3671646330	0.3645643706	0.3660772736	0.3679248235	0.3561840344	0.3421168667	0.3427123493	0.3427765869	0.3432455515	0.3455085284	0.3505371466	0.0000000000	0.3431019767	0.3494912012	0.3616387904	0.3674946766	0.3566270878	0.3654087242	0.3555244411	0.3583189088	0.3519605839	0.3648013325	0.3678385293	0.3560047700	0.3456092828	0.3539896870	0.3613416748	0.3598969814	0.3579744820	0.3656809169	0.3499864666	0.3488614522	0.3477918497	0.3428970931	0.3445763439	0.3418805142	0.3439607355	0.3414255366	0.3456513855	0.3466739554	0.3521688675	0.3470767409	0.3431110157	0.3382525542	0.3658998172	0.3682632781	0.3687080488	0.3682682211	0.3681104664	0.3696860793	0.3648268785	0.3444185215	0.3477003760	0.3490250821	0.3472102871	0.3378457624	0.3620340282	0.3519650826	0.3572013681	0.3635995443	0.3618707077	0.3616884733	0.3622512993	0.3621956013	0.3621559390	0.3623525576	0.3569021468	0.3527861840	0.3562303715	0.3602047036	0.3562485617	0.3593918598	0.3582051721	0.3625962163	0.3434139755
SRR26417143	0.3434595204	0.3471420688	0.3484641119	0.3419807636	0.3461122281	0.3657674855	0.3436829392	0.3430677764	0.3409119894	0.3495096357	0.3586688046	0.3488828655	0.3432528211	0.3657193586	0.3413244776	0.3429336562	0.3426413105	0.3723554264	0.3719224246	0.3710051255	0.3728937879	0.3745050582	0.3592191134	0.3427628181	0.3391870831	0.3382250913	0.3417164674	0.3466749442	0.3477394976	0.3431019767	0.0000000000	0.3520529637	0.3656567828	0.3652780344	0.3614487141	0.3644780245	0.3569456172	0.3671033079	0.3578389192	0.3656701207	0.3644905799	0.3587653217	0.3510050751	0.3587997473	0.3596765922	0.3669430270	0.3618044156	0.3606865933	0.3508703316	0.3540203558	0.3455115046	0.3422714060	0.3406630923	0.3407984260	0.3409120655	0.3449660246	0.3444724708	0.3443342382	0.3445440514	0.3448703127	0.3390464658	0.3406520611	0.3685791233	0.3712963154	0.3698992237	0.3781758670	0.3716410861	0.3704024279	0.3684336765	0.3466337381	0.3433824078	0.3460609038	0.3429081146	0.3398508864	0.3631515681	0.3552241717	0.3626823114	0.3611967365	0.3671254909	0.3606590044	0.3615768928	0.3630561819	0.3640409245	0.3663980121	0.3572877078	0.3573707340	0.3588351937	0.3613431185	0.3599888526	0.3617754994	0.3572767965	0.3638597722	0.3437342958
SRR26417151	0.3355850124	0.3467742920	0.3562364622	0.3359067482	0.3454878376	0.3551616307	0.3414438287	0.3398836922	0.3379164743	0.3417112224	0.3480312538	0.3408745108	0.3364742689	0.3505184984	0.3331080209	0.3361648759	0.3469518350	0.3807862020	0.3684772211	0.3787111762	0.3701825213	0.3829519085	0.3496540443	0.3515469063	0.3491293108	0.3395250351	0.3499893307	0.3339161425	0.3266246942	0.3494912012	0.3520529637	0.0000000000	0.3653329875	0.3679619172	0.3594203066	0.3605139065	0.3635492692	0.3637798358	0.3569057842	0.3635714193	0.3575871051	0.3462364590	0.3515560929	0.3576851499	0.3618352427	0.3534972796	0.3493575459	0.3719488579	0.3371991391	0.3349283609	0.3395539933	0.3457548285	0.3459377532	0.3439954693	0.3491049634	0.3423152347	0.3577896765	0.3545675202	0.3452910502	0.3507452856	0.3377367158	0.3283677177	0.3636371141	0.3721400035	0.3667985760	0.3843211358	0.3677694358	0.3795355693	0.3676875175	0.3522132830	0.3492822306	0.3424402495	0.3362805095	0.3455238577	0.3596107860	0.3576247261	0.3599578524	0.3722298439	0.3783284310	0.3605271424	0.3706366928	0.3621482558	0.3728255761	0.3747352210	0.3627526266	0.3459500734	0.3569745368	0.3672137039	0.3490346809	0.3578964018	0.3591384623	0.3642817153	0.3384236653
