
93
SRR26416938	0.0000000000	0.3397326888	0.3335280418	0.3369013734	0.3369526671	0.3565811539	0.3481472291	0.3418095256	0.3411871159	0.3447034809	0.3542522560	0.3463630117	0.3376967087	0.3514795996	0.3392525592	0.3406260378	0.3418181551	0.3599452087	0.3612433517	0.3516443576	0.3585786292	0.3628094675	0.3490566194	0.3427989731	0.3423566837	0.3335532971	0.3438003882	0.3478254794	0.3465309384	0.3414095180	0.3407109479	0.3468349783	0.3587114601	0.3624249976	0.3514923307	0.3529129206	0.3448114595	0.3547130084	0.3517260449	0.3570115569	0.3592607802	0.3523250467	0.3370792208	0.3465930208	0.3535094555	0.3564977480	0.3473200559	0.3506553620	0.3465049011	0.3485834971	0.3451885174	0.3363291404	0.3444618547	0.3441733342	0.3417795946	0.3384967620	0.3452678440	0.3441815343	0.3467942223	0.3403839771	0.3419092524	0.3381092539	0.3579118878	0.3574678769	0.3535108806	0.3573186370	0.3559709595	0.3553492014	0.3529870547	0.3406031297	0.3422294803	0.3415227245	0.3392012837	0.3445935377	0.3550946418	0.3516386833	0.3486352114	0.3524684786	0.3527916051	0.3439355632	0.3526869994	0.3539906074	0.3419101674	0.3549961766	0.3468091049	0.3497450615	0.3487980486	0.3579454728	0.3510123830	0.3496334137	0.3526461599	0.3537141943	0.3345844182
SRR26416940	0.3397326888	0.0000000000	0.3481248487	0.3452678356	0.3383878237	0.3613332305	0.3432547570	0.3488165912	0.3414316903	0.3452254498	0.3567355785	0.3439010653	0.3479655317	0.3495106823	0.3407696309	0.3422050742	0.3464888611	0.3600385444	0.3652804257	0.3591257018	0.3668699205	0.3659384328	0.3529112240	0.3480187732	0.3401403162	0.3391151467	0.3434038593	0.3456826443	0.3479584765	0.3437596197	0.3487049667	0.3414812279	0.3586530668	0.3635801509	0.3504354979	0.3551480953	0.3535148181	0.3582361234	0.3596634968	0.3581154289	0.3534642177	0.3517910819	0.3491064751	0.3538567905	0.3554776456	0.3547933568	0.3448057686	0.3463447837	0.3490484441	0.3433365614	0.3446321699	0.3379546734	0.3447215426	0.3447824169	0.3437509769	0.3399560085	0.3440729198	0.3432636811	0.3473857834	0.3438082371	0.3426878057	0.3424900147	0.3639685188	0.3677480694	0.3611767814	0.3641221082	0.3613988105	0.3602733170	0.3617842909	0.3408095827	0.3406916596	0.3405227268	0.3493429162	0.3421003491	0.3567696435	0.3535950577	0.3494436759	0.3564608979	0.3569257678	0.3497938333	0.3572009128	0.3574204073	0.3553955447	0.3548885243	0.3529479710	0.3502106767	0.3521463955	0.3613038362	0.3556346292	0.3556852074	0.3560447419	0.3523116537	0.3375805162
SRR26416941	0.3335280418	0.3481248487	0.0000000000	0.3415460836	0.3316734348	0.3540306212	0.3457273348	0.3430300576	0.3402313287	0.3413427040	0.3537708927	0.3421629160	0.3426616447	0.3453487569	0.3350087365	0.3415955185	0.3423845132	0.3570636792	0.3603614436	0.3474502610	0.3603928526	0.3615901208	0.3490560922	0.3511026589	0.3377973432	0.3356260570	0.3424830164	0.3477702927	0.3464304340	0.3423823447	0.3433331198	0.3451594861	0.3531141594	0.3589040091	0.3494813152	0.3531939465	0.3532855557	0.3568111374	0.3503419505	0.3564210391	0.3537410207	0.3502498394	0.3400377381	0.3481752110	0.3520507513	0.3541727079	0.3501112905	0.3507154369	0.3488192752	0.3362394666	0.3390526096	0.3338974887	0.3439339190	0.3374604542	0.3443144261	0.3417790179	0.3433166477	0.3515861396	0.3444692850	0.3358091389	0.3431885588	0.3369619415	0.3553463331	0.3567545947	0.3570588599	0.3534423569	0.3534905596	0.3567088286	0.3560337102	0.3440902649	0.3406325170	0.3411246564	0.3399069520	0.3406892368	0.3511084298	0.3512384899	0.3529945982	0.3548668281	0.3552849493	0.3452304768	0.3477515090	0.3585693345	0.3480049171	0.3477725090	0.3461116524	0.3499837658	0.3473822634	0.3545231523	0.3486803082	0.3486374194	0.3565110956	0.3503806990	0.3433741043
SRR26416943	0.3369013734	0.3452678356	0.3415460836	0.0000000000	0.3329221602	0.3581258024	0.3442892779	0.3458635288	0.3431302473	0.3445238426	0.3561246267	0.3458721771	0.3461777584	0.3498531029	0.3392756311	0.3452288355	0.3418469058	0.3612301300	0.3648766771	0.3528404594	0.3638536106	0.3601584057	0.3535671687	0.3471161023	0.3430519206	0.3386056935	0.3447801782	0.3476935264	0.3434037258	0.3371328159	0.3427100334	0.3404325876	0.3585681567	0.3634679463	0.3535799297	0.3526359207	0.3537303096	0.3554748463	0.3521249838	0.3579730649	0.3505722809	0.3557850023	0.3450283504	0.3480454516	0.3511898850	0.3497013628	0.3478608258	0.3503086251	0.3443459970	0.3366710798	0.3389959185	0.3348860553	0.3463762409	0.3420200187	0.3427403578	0.3369833412	0.3492184249	0.3415158290	0.3470336653	0.3459796712	0.3442194185	0.3342027759	0.3610341154	0.3612703707	0.3615492962	0.3611588587	0.3626845020	0.3589786449	0.3553021263	0.3400048750	0.3425101693	0.3419763863	0.3461947949	0.3408183208	0.3506620668	0.3494517043	0.3522594488	0.3508960261	0.3567960624	0.3505036093	0.3525682084	0.3587197416	0.3506742065	0.3531100465	0.3495740317	0.3489500838	0.3528320937	0.3556763059	0.3553451434	0.3539599886	0.3540828430	0.3531339164	0.3446242980
SRR26416946	0.3369526671	0.3383878237	0.3316734348	0.3329221602	0.0000000000	0.3597876304	0.3399771972	0.3457737401	0.3395724259	0.3384363923	0.3517860162	0.3474707918	0.3439827121	0.3499001672	0.3301964068	0.3362151157	0.3389318759	0.3644457380	0.3658823657	0.3577427039	0.3604605629	0.3638786188	0.3537133687	0.3412978664	0.3381223854	0.3331742582	0.3423072056	0.3410331030	0.3431309553	0.3403181070	0.3418493340	0.3410195517	0.3589586501	0.3618654762	0.3520899098	0.3520482549	0.3545111428	0.3575231016	0.3548559697	0.3601717058	0.3568081058	0.3516128940	0.3408011887	0.3498620316	0.3532141173	0.3535261448	0.3455154919	0.3489735213	0.3383311364	0.3349075047	0.3402860409	0.3368229643	0.3414826905	0.3381933914	0.3374196367	0.3341290417	0.3418488733	0.3377548937	0.3406935139	0.3405394051	0.3403214393	0.3362054358	0.3585566559	0.3630061528	0.3618765016	0.3666023737	0.3580950444	0.3627451055	0.3597532103	0.3415212993	0.3351840715	0.3373115010	0.3385555336	0.3320810211	0.3478583341	0.3478630179	0.3491858586	0.3542316108	0.3555946968	0.3426678117	0.3534786553	0.3604661862	0.3548341875	0.3497659507	0.3489800853	0.3508367187	0.3509351206	0.3618120354	0.3509273842	0.3488303646	0.3512250056	0.3595350007	0.3407311115
SRR26416948	0.3565811539	0.3613332305	0.3540306212	0.3581258024	0.3597876304	0.0000000000	0.3539378204	0.3613832346	0.3583667697	0.3591485059	0.3207866744	0.3575498034	0.3623345730	0.3392001523	0.3587745489	0.3588268747	0.3624958744	0.3186146437	0.3304473315	0.3283494893	0.3260040762	0.3228336787	0.3213583403	0.3592479430	0.3504180897	0.3541879377	0.3589011217	0.3644306018	0.3548829976	0.3464008223	0.3550658699	0.3662187189	0.3123940605	0.3233679804	0.3193557417	0.3208256359	0.3316496619	0.3268365569	0.3295582183	0.3248026121	0.3275603976	0.3256552882	0.3498052648	0.3346342713	0.3177147815	0.3217959371	0.3359928368	0.3364670210	0.3600713239	0.3626851125	0.3542038964	0.3615346759	0.3519226131	0.3622264434	0.3556349586	0.3618691540	0.3632410947	0.3469749198	0.3590002868	0.3597241987	0.3631601057	0.3546628809	0.3293611285	0.3318193709	0.3246113340	0.3199184434	0.3253425721	0.3240929237	0.3156184273	0.3599668012	0.3601348291	0.3620101228	0.3662557597	0.3610175435	0.3323237563	0.3227356436	0.3396607629	0.3297861847	0.3241203938	0.3300355328	0.3354784089	0.3355343295	0.3317639123	0.3307772298	0.3333251717	0.3300852882	0.3222215465	0.3233124593	0.3273116569	0.3358243785	0.3273183957	0.3328444935	0.3587269444
SRR26416950	0.3481472291	0.3432547570	0.3457273348	0.3442892779	0.3399771972	0.3539378204	0.0000000000	0.3437693700	0.3413423083	0.3468995149	0.3594979212	0.3474392268	0.3462155347	0.3544079770	0.3417018983	0.3458335888	0.3443709462	0.3639728827	0.3674635767	0.3652152798	0.3679260445	0.3693990728	0.3563492540	0.3463508368	0.3409634644	0.3434261329	0.3357320290	0.3389333004	0.3475346630	0.3457380304	0.3422076784	0.3461485265	0.3627292867	0.3624229421	0.3500637150	0.3562596998	0.3587260254	0.3635219139	0.3625154997	0.3618033775	0.3587555720	0.3553278136	0.3585881070	0.3567287475	0.3554274297	0.3604057777	0.3525010437	0.3581415856	0.3526944788	0.3450578160	0.3434676822	0.3449143459	0.3397358607	0.3492252666	0.3415409636	0.3402611209	0.3487878042	0.3469091063	0.3388787827	0.3485600575	0.3435100193	0.3416934045	0.3731130074	0.3682300242	0.3699505957	0.3698772073	0.3624824237	0.3656524437	0.3656489668	0.3366298434	0.3440516716	0.3417388722	0.3416819646	0.3424403992	0.3519776044	0.3541097506	0.3568821934	0.3591570383	0.3612601713	0.3502257005	0.3590768839	0.3664844521	0.3621887405	0.3575093042	0.3539704403	0.3578175068	0.3579615095	0.3632484361	0.3565593409	0.3586728092	0.3568129932	0.3592011334	0.3440090367
SRR26416951	0.3418095256	0.3488165912	0.3430300576	0.3458635288	0.3457737401	0.3613832346	0.3437693700	0.0000000000	0.3372357698	0.3404031797	0.3601298209	0.3473856304	0.3392492748	0.3563367583	0.3428595783	0.3460489151	0.3410258205	0.3623856764	0.3651452035	0.3634935224	0.3675364530	0.3690647669	0.3566688113	0.3465604406	0.3443872930	0.3431052827	0.3425506342	0.3444397989	0.3496097635	0.3411960959	0.3418831234	0.3484654001	0.3644489851	0.3591212513	0.3583675142	0.3593099679	0.3602240465	0.3625675101	0.3602896089	0.3616462816	0.3604311137	0.3565072604	0.3535309530	0.3529724739	0.3607130123	0.3615958250	0.3574671404	0.3589180806	0.3436968169	0.3459852537	0.3484282842	0.3413024402	0.3446660193	0.3403175757	0.3410370496	0.3425047686	0.3437939127	0.3493530322	0.3380052292	0.3377426052	0.3401744954	0.3420529729	0.3659865224	0.3656392893	0.3676349488	0.3660922650	0.3634215103	0.3625560136	0.3650817638	0.3418294690	0.3388452735	0.3420960116	0.3480115577	0.3425287767	0.3587895557	0.3547442452	0.3562235475	0.3581217927	0.3637050546	0.3554188120	0.3583742779	0.3627030484	0.3565956089	0.3570592279	0.3552189251	0.3537632301	0.3568863486	0.3615597384	0.3631593207	0.3603921268	0.3539936323	0.3604117728	0.3457503937
SRR26416953	0.3411871159	0.3414316903	0.3402313287	0.3431302473	0.3395724259	0.3583667697	0.3413423083	0.3372357698	0.0000000000	0.3441782780	0.3550741396	0.3418788201	0.3380596733	0.3533742782	0.3379228837	0.3373768589	0.3457643472	0.3635539885	0.3649694152	0.3661229254	0.3677410799	0.3688613814	0.3518783900	0.3428294358	0.3353622436	0.3382945172	0.3419548964	0.3411422703	0.3495354419	0.3453448013	0.3405149135	0.3463804932	0.3617691764	0.3586674207	0.3571542500	0.3587084982	0.3597827922	0.3582262075	0.3569623598	0.3598767449	0.3615239916	0.3537814585	0.3553549789	0.3521177561	0.3601987677	0.3643109216	0.3549078638	0.3567175486	0.3442665951	0.3438716149	0.3428999410	0.3391036922	0.3413807359	0.3390979535	0.3355074925	0.3403038587	0.3426228509	0.3435496334	0.3402446707	0.3424437819	0.3398565831	0.3389579488	0.3702147422	0.3667192449	0.3661328355	0.3682455634	0.3626638164	0.3636658813	0.3646828612	0.3350346948	0.3375201739	0.3412494109	0.3427682565	0.3423923898	0.3528119833	0.3512210959	0.3544450918	0.3564226595	0.3607454674	0.3584321531	0.3592147398	0.3575044318	0.3628643276	0.3514440310	0.3585292782	0.3555624120	0.3574363760	0.3607829788	0.3595166929	0.3604767215	0.3575067418	0.3588662081	0.3445649771
SRR26416958	0.3447034809	0.3452254498	0.3413427040	0.3445238426	0.3384363923	0.3591485059	0.3468995149	0.3404031797	0.3441782780	0.0000000000	0.3517277062	0.3448468191	0.3473771881	0.3474931292	0.3406341232	0.3408965338	0.3408749729	0.3646277113	0.3661634778	0.3631270170	0.3645330389	0.3675307466	0.3543188060	0.3468049202	0.3339581215	0.3371412229	0.3418809177	0.3447874283	0.3492820794	0.3438621325	0.3444824646	0.3477317872	0.3574368910	0.3640412331	0.3555103433	0.3527992411	0.3595565661	0.3598559851	0.3566962835	0.3580547519	0.3602253329	0.3573726095	0.3494490091	0.3526472164	0.3541126704	0.3610968928	0.3540554417	0.3553132102	0.3466432379	0.3461913559	0.3443836903	0.3396028294	0.3455642922	0.3460093106	0.3362199579	0.3414998227	0.3441085756	0.3451844444	0.3387347976	0.3418467892	0.3392718120	0.3454520644	0.3633186064	0.3653526883	0.3626548936	0.3653089366	0.3611524092	0.3627097790	0.3676082880	0.3423228636	0.3428434077	0.3443418409	0.3455044562	0.3447267330	0.3543091288	0.3548061230	0.3537051357	0.3583676622	0.3632891390	0.3504215765	0.3560964177	0.3614730483	0.3569637113	0.3599789504	0.3521812541	0.3575841412	0.3562353528	0.3589449173	0.3578010707	0.3588926712	0.3591371988	0.3574366097	0.3399905340
SRR26416959	0.3542522560	0.3567355785	0.3537708927	0.3561246267	0.3517860162	0.3207866744	0.3594979212	0.3601298209	0.3550741396	0.3517277062	0.0000000000	0.3543541096	0.3567238923	0.3418403183	0.3473761390	0.3551072328	0.3583465616	0.3220199943	0.3270742413	0.3225698965	0.3148591620	0.3204180262	0.3279571436	0.3576762943	0.3530944116	0.3544672228	0.3515725785	0.3600002363	0.3570372517	0.3456371647	0.3551767393	0.3590107323	0.3263092034	0.3260822650	0.3301459674	0.3285318275	0.3275234485	0.3241512288	0.3366881630	0.3341823337	0.3292998649	0.3232222965	0.3351776951	0.3281285844	0.3213993481	0.3153551240	0.3300489623	0.3408726175	0.3569440860	0.3598931226	0.3557319251	0.3495983341	0.3510679815	0.3501165427	0.3546687561	0.3526964689	0.3599933118	0.3529505221	0.3612630267	0.3524654584	0.3527082833	0.3461678585	0.3142741829	0.3242953943	0.3251077571	0.3202832738	0.3203557445	0.3275935024	0.3136128570	0.3569833992	0.3538431501	0.3602824658	0.3612280456	0.3539117916	0.3353632719	0.3241658202	0.3334278886	0.3347815530	0.3231603822	0.3331334653	0.3311793648	0.3335645145	0.3333598538	0.3415214053	0.3328588452	0.3406711989	0.3144813450	0.3151640441	0.3223624977	0.3248126270	0.3329205916	0.3388744619	0.3509392279
SRR26416960	0.3463630117	0.3439010653	0.3421629160	0.3458721771	0.3474707918	0.3575498034	0.3474392268	0.3473856304	0.3418788201	0.3448468191	0.3543541096	0.0000000000	0.3450475027	0.3520659532	0.3402263646	0.3468932797	0.3405643412	0.3601497162	0.3619592521	0.3569156486	0.3601747730	0.3631698577	0.3503965835	0.3498099597	0.3381327298	0.3434608636	0.3398873401	0.3449400935	0.3451110080	0.3476824033	0.3465534372	0.3490312714	0.3539831794	0.3519775724	0.3531566119	0.3515837242	0.3569368021	0.3604990360	0.3507073362	0.3535911457	0.3586547903	0.3519674111	0.3476772462	0.3500423322	0.3512075318	0.3571126899	0.3506615537	0.3514581562	0.3458733035	0.3468262758	0.3493619805	0.3363249663	0.3423892866	0.3417508038	0.3363443288	0.3436145673	0.3475924362	0.3482940677	0.3479449257	0.3471321506	0.3453404351	0.3351931983	0.3573272955	0.3581989249	0.3633853998	0.3610070797	0.3603368688	0.3543057927	0.3616654573	0.3485122841	0.3387804043	0.3431084299	0.3420768750	0.3394889659	0.3519439347	0.3501630159	0.3527586383	0.3548912089	0.3582593670	0.3513680129	0.3540791527	0.3559510008	0.3496227118	0.3517331616	0.3457969054	0.3556459463	0.3566926676	0.3584001847	0.3507451663	0.3525771796	0.3522888731	0.3561733675	0.3366566754
SRR26416961	0.3376967087	0.3479655317	0.3426616447	0.3461777584	0.3439827121	0.3623345730	0.3462155347	0.3392492748	0.3380596733	0.3473771881	0.3567238923	0.3450475027	0.0000000000	0.3544132601	0.3421084639	0.3365191708	0.3410189950	0.3646693313	0.3678098438	0.3600300790	0.3648066460	0.3660167812	0.3585306122	0.3390009043	0.3400530087	0.3379854180	0.3453722850	0.3407304249	0.3489726519	0.3455142329	0.3415720330	0.3439074333	0.3641156851	0.3670505668	0.3571024001	0.3576142355	0.3579736927	0.3635640589	0.3590491295	0.3599075101	0.3627249516	0.3563409015	0.3507001565	0.3517105444	0.3575529683	0.3614108349	0.3548001507	0.3568688532	0.3480716074	0.3446001781	0.3433642444	0.3385435009	0.3404202118	0.3429701220	0.3477602420	0.3382493570	0.3442741385	0.3466564421	0.3461858103	0.3440084744	0.3385707205	0.3414518962	0.3623497744	0.3626224397	0.3684470312	0.3661757223	0.3634376149	0.3654651309	0.3654287047	0.3442668435	0.3446914852	0.3429445876	0.3493773769	0.3407381115	0.3574629692	0.3540263978	0.3553455318	0.3555762890	0.3635681440	0.3582852033	0.3572266869	0.3600547316	0.3596375287	0.3569436700	0.3521570542	0.3540899571	0.3558192059	0.3605733594	0.3561303646	0.3611751194	0.3580616992	0.3589973191	0.3398364421
SRR26416970	0.3514795996	0.3495106823	0.3453487569	0.3498531029	0.3499001672	0.3392001523	0.3544079770	0.3563367583	0.3533742782	0.3474931292	0.3418403183	0.3520659532	0.3544132601	0.0000000000	0.3466445709	0.3515423818	0.3549198696	0.3432816314	0.3439479288	0.3251530810	0.3403828285	0.3452792866	0.3397669136	0.3552920789	0.3493988216	0.3488189476	0.3593610371	0.3593062134	0.3487238069	0.3514280811	0.3519637485	0.3550493019	0.3267236836	0.3477315438	0.3334845458	0.3346101742	0.3393208310	0.3423010900	0.3430409266	0.3403738461	0.3481541436	0.3436929485	0.3411876523	0.3391630049	0.3397434350	0.3431308138	0.3407393852	0.3398000125	0.3579735244	0.3584804049	0.3532897062	0.3474385584	0.3525319183	0.3556441471	0.3493811828	0.3481146137	0.3545985003	0.3516839201	0.3520803586	0.3526507185	0.3526284490	0.3496557504	0.3374152120	0.3395401237	0.3386417391	0.3336407917	0.3360754915	0.3352752970	0.3382095709	0.3560023605	0.3509248943	0.3513844442	0.3580177293	0.3479822838	0.3379778047	0.3424597557	0.3424916269	0.3420692247	0.3465605109	0.3402510244	0.3331136216	0.3461904926	0.3440546994	0.3404862895	0.3361340208	0.3408794576	0.3388895290	0.3352350139	0.3365021510	0.3344491274	0.3454330378	0.3410225581	0.3534804930
SRR26416995	0.3392525592	0.3407696309	0.3350087365	0.3392756311	0.3301964068	0.3587745489	0.3417018983	0.3428595783	0.3379228837	0.3406341232	0.3473761390	0.3402263646	0.3421084639	0.3466445709	0.0000000000	0.3379477865	0.3370715126	0.3575801680	0.3609088693	0.3499200783	0.3569360694	0.3640797230	0.3501551577	0.3403226784	0.3357251864	0.3356242409	0.3429058039	0.3409298922	0.3470120801	0.3374960025	0.3384219849	0.3409775598	0.3590291675	0.3593785430	0.3526846022	0.3531867744	0.3498243958	0.3557096816	0.3514626630	0.3581944418	0.3580051379	0.3545893103	0.3339750093	0.3454284811	0.3503822777	0.3519889703	0.3435543204	0.3471703901	0.3454134751	0.3373856013	0.3401184897	0.3393180453	0.3374365792	0.3348645746	0.3390435882	0.3306571049	0.3452418228	0.3422621716	0.3448360238	0.3357050446	0.3337063921	0.3307643368	0.3577291899	0.3592076135	0.3621290696	0.3597130525	0.3578592973	0.3606505077	0.3583951810	0.3423575870	0.3331817005	0.3386954654	0.3405079828	0.3398589950	0.3540531262	0.3483211374	0.3484849790	0.3515045962	0.3545757656	0.3430391506	0.3462873484	0.3532779671	0.3537329133	0.3469736064	0.3506686005	0.3482454412	0.3436997966	0.3578058334	0.3505964482	0.3482755028	0.3506262291	0.3572602771	0.3376452055
SRR26417017	0.3406260378	0.3422050742	0.3415955185	0.3452288355	0.3362151157	0.3588268747	0.3458335888	0.3460489151	0.3373768589	0.3408965338	0.3551072328	0.3468932797	0.3365191708	0.3515423818	0.3379477865	0.0000000000	0.3431299642	0.3639573152	0.3638190015	0.3594474191	0.3634403838	0.3648331225	0.3539691390	0.3325352184	0.3365081181	0.3360345809	0.3469276431	0.3416234479	0.3472274015	0.3411683750	0.3426684127	0.3425934032	0.3661459530	0.3619205252	0.3514650579	0.3564644117	0.3547460516	0.3562911582	0.3584972436	0.3555631447	0.3566339315	0.3556469024	0.3488876201	0.3531047251	0.3537889413	0.3604023110	0.3490334006	0.3552723581	0.3454302308	0.3415446195	0.3395012642	0.3340729711	0.3399778540	0.3360361080	0.3376758560	0.3395415201	0.3444794197	0.3490601885	0.3446927274	0.3434466869	0.3342955117	0.3401509710	0.3627586084	0.3597408958	0.3616399094	0.3626149454	0.3628250443	0.3631403754	0.3626400270	0.3416282839	0.3413682795	0.3417045175	0.3441875153	0.3433189777	0.3521273673	0.3519701592	0.3476122499	0.3536606922	0.3559940858	0.3547979989	0.3544478219	0.3565378128	0.3526245393	0.3530897553	0.3612593060	0.3501494576	0.3516240211	0.3592587149	0.3574492196	0.3523989026	0.3529632709	0.3568583211	0.3345335452
SRR26417025	0.3418181551	0.3464888611	0.3423845132	0.3418469058	0.3389318759	0.3624958744	0.3443709462	0.3410258205	0.3457643472	0.3408749729	0.3583465616	0.3405643412	0.3410189950	0.3549198696	0.3370715126	0.3431299642	0.0000000000	0.3686794859	0.3693533613	0.3644945748	0.3680048537	0.3711795951	0.3604344038	0.3452235080	0.3382888530	0.3387627555	0.3411008393	0.3387439375	0.3497535343	0.3423660059	0.3421261009	0.3463240984	0.3615679318	0.3644923177	0.3569428021	0.3582916662	0.3573012281	0.3630275795	0.3550505713	0.3629498634	0.3633456391	0.3533382324	0.3491743864	0.3510392094	0.3585523047	0.3636557089	0.3565821774	0.3575116460	0.3490322072	0.3463579902	0.3491765774	0.3380934835	0.3437521951	0.3418198525	0.3340276150	0.3368362310	0.3448237305	0.3470487819	0.3459310657	0.3403604254	0.3405918642	0.3359087437	0.3671478407	0.3678771213	0.3676964493	0.3686626878	0.3638986429	0.3643936989	0.3645613125	0.3401469418	0.3367842890	0.3427072303	0.3410141074	0.3390259243	0.3574313673	0.3550958112	0.3556491326	0.3600435808	0.3630180425	0.3578884368	0.3557148955	0.3641135888	0.3585402803	0.3553419532	0.3541865972	0.3540795723	0.3579141830	0.3633181041	0.3614643411	0.3587087243	0.3539765641	0.3633785461	0.3368925506
SRR26417043	0.3599452087	0.3600385444	0.3570636792	0.3612301300	0.3644457380	0.3186146437	0.3639728827	0.3623856764	0.3635539885	0.3646277113	0.3220199943	0.3601497162	0.3646693313	0.3432816314	0.3575801680	0.3639573152	0.3686794859	0.0000000000	0.2762868776	0.2751667522	0.2818554345	0.2831344548	0.3322743883	0.3706682053	0.3601168217	0.3626742413	0.3651845670	0.3668477833	0.3635012462	0.3511933966	0.3612502587	0.3659517184	0.3176886586	0.3282803595	0.3188786034	0.3244266820	0.3290982567	0.3208642785	0.3278603267	0.3317125131	0.3309043253	0.3246085383	0.3379372458	0.3300345428	0.3208472761	0.3207303534	0.3342344178	0.3420029976	0.3680488145	0.3709524380	0.3650825603	0.3619067975	0.3668715970	0.3582992904	0.3646554534	0.3610815165	0.3696422155	0.3598686474	0.3714655406	0.3656236750	0.3662289502	0.3590218064	0.2778202310	0.2762265375	0.2839062788	0.2750467052	0.2810720359	0.2849209185	0.2721294603	0.3707247438	0.3660402452	0.3657980458	0.3676045837	0.3663892039	0.3387275810	0.3314083046	0.3332124827	0.3407583015	0.3298141253	0.3227208493	0.3278583361	0.3412923879	0.3379650504	0.3367612607	0.3328376673	0.3369615051	0.3213945500	0.3203709917	0.3181311140	0.3322462637	0.3283174603	0.3304535749	0.3603621368
SRR26417044	0.3612433517	0.3652804257	0.3603614436	0.3648766771	0.3658823657	0.3304473315	0.3674635767	0.3651452035	0.3649694152	0.3661634778	0.3270742413	0.3619592521	0.3678098438	0.3439479288	0.3609088693	0.3638190015	0.3693533613	0.2762868776	0.0000000000	0.2875155492	0.2866642567	0.2877100563	0.3394996060	0.3709301232	0.3657296886	0.3598906875	0.3652196524	0.3689309303	0.3646179662	0.3558461219	0.3628523777	0.3686517836	0.3166421958	0.3319758320	0.3295720263	0.3314718942	0.3374576154	0.3278246591	0.3387676866	0.3378887591	0.3266666655	0.3356926089	0.3480025996	0.3335568070	0.3274021117	0.3221267882	0.3344079690	0.3453899744	0.3643927080	0.3751146232	0.3688181673	0.3659054824	0.3648933640	0.3666515520	0.3667025167	0.3670402880	0.3677041088	0.3622029904	0.3732696781	0.3629294252	0.3684180574	0.3647802737	0.2763966924	0.2972425012	0.2756556876	0.2849201540	0.3017726926	0.2820984130	0.2724544927	0.3689318185	0.3644328954	0.3646345404	0.3750914545	0.3699925970	0.3421825137	0.3372892672	0.3379959754	0.3415543784	0.3302615045	0.3278497560	0.3414789882	0.3430900926	0.3444264198	0.3443570410	0.3440593888	0.3466725519	0.3370284097	0.3251430681	0.3283328455	0.3349579606	0.3358979670	0.3409086956	0.3679291363
SRR26417045	0.3516443576	0.3591257018	0.3474502610	0.3528404594	0.3577427039	0.3283494893	0.3652152798	0.3634935224	0.3661229254	0.3631270170	0.3225698965	0.3569156486	0.3600300790	0.3251530810	0.3499200783	0.3594474191	0.3644945748	0.2751667522	0.2875155492	0.0000000000	0.2801919255	0.2836428927	0.3241080485	0.3670004650	0.3566888402	0.3563326448	0.3666259545	0.3685421444	0.3540139996	0.3476338138	0.3590169613	0.3626025126	0.3124406322	0.3285353183	0.3143674357	0.3209056380	0.3173571782	0.3225460841	0.3215245506	0.3401449586	0.3297917352	0.3286127531	0.3274916992	0.3215006067	0.3197583465	0.3127138118	0.3249429680	0.3404517803	0.3634183501	0.3667394303	0.3630642101	0.3547507126	0.3613351277	0.3588295841	0.3620354762	0.3543458001	0.3659047919	0.3614625946	0.3724315072	0.3642098433	0.3614529419	0.3490913621	0.2739664378	0.2846921564	0.2788576481	0.2730048957	0.2814839955	0.2742395016	0.2649983257	0.3627161089	0.3542782864	0.3589748870	0.3618002456	0.3607007954	0.3280439590	0.3295250683	0.3308565457	0.3350276807	0.3256794781	0.3279556245	0.3169164785	0.3381479340	0.3216586246	0.3327201287	0.3246522487	0.3294016990	0.3214808805	0.3147214896	0.3116058924	0.3202380640	0.3254965900	0.3274986877	0.3557109600
SRR26417046	0.3585786292	0.3668699205	0.3603928526	0.3638536106	0.3604605629	0.3260040762	0.3679260445	0.3675364530	0.3677410799	0.3645330389	0.3148591620	0.3601747730	0.3648066460	0.3403828285	0.3569360694	0.3634403838	0.3680048537	0.2818554345	0.2866642567	0.2801919255	0.0000000000	0.2770572536	0.3301793301	0.3696043277	0.3652181847	0.3604035044	0.3710069096	0.3719517655	0.3636645848	0.3537696781	0.3645347325	0.3699125674	0.3179588487	0.3214017394	0.3239555222	0.3210570367	0.3206696567	0.3258956563	0.3277493914	0.3391374856	0.3214653174	0.3343733658	0.3346322014	0.3290561139	0.3205925596	0.3198991281	0.3319955771	0.3378784802	0.3646663570	0.3736437693	0.3608590065	0.3649043125	0.3632476168	0.3640493680	0.3663537746	0.3588192521	0.3753645474	0.3627616321	0.3744708713	0.3662591035	0.3670361909	0.3553153327	0.2753871658	0.2824308641	0.2735933831	0.2736447993	0.2762949897	0.2863729845	0.2645483962	0.3696463500	0.3631184595	0.3667646087	0.3706046977	0.3637682464	0.3374652715	0.3278507509	0.3278218330	0.3314105970	0.3283241421	0.3222691214	0.3164758736	0.3413086579	0.3316329186	0.3349034552	0.3316724058	0.3384230563	0.3300829480	0.3198445108	0.3214120193	0.3224551965	0.3237264368	0.3301256127	0.3600703349
SRR26417048	0.3628094675	0.3659384328	0.3615901208	0.3601584057	0.3638786188	0.3228336787	0.3693990728	0.3690647669	0.3688613814	0.3675307466	0.3204180262	0.3631698577	0.3660167812	0.3452792866	0.3640797230	0.3648331225	0.3711795951	0.2831344548	0.2877100563	0.2836428927	0.2770572536	0.0000000000	0.3321652656	0.3765133979	0.3660743809	0.3635547124	0.3678741177	0.3708390728	0.3660439282	0.3535344988	0.3643530328	0.3654265098	0.3203153264	0.3260066312	0.3260394230	0.3248037194	0.3325423876	0.3239982605	0.3316038097	0.3389435580	0.3210105643	0.3293144296	0.3442154181	0.3320803117	0.3254010827	0.3202710440	0.3290235423	0.3430008352	0.3680539821	0.3748144790	0.3665576991	0.3675458801	0.3606439551	0.3624622474	0.3650903678	0.3646005011	0.3723250090	0.3637343098	0.3697725085	0.3640559663	0.3655113465	0.3604767794	0.2774506311	0.2811707733	0.2817463503	0.2846889979	0.2768487294	0.2843128556	0.2846839953	0.3699228871	0.3672880393	0.3665378978	0.3721541807	0.3683164526	0.3371634940	0.3328462093	0.3394224760	0.3352278834	0.3287173083	0.3349404392	0.3331709513	0.3421809739	0.3350919362	0.3375573311	0.3374445787	0.3411701164	0.3276600463	0.3150971251	0.3217452948	0.3344763804	0.3318726593	0.3392599288	0.3673397061
SRR26417053	0.3490566194	0.3529112240	0.3490560922	0.3535671687	0.3537133687	0.3213583403	0.3563492540	0.3566688113	0.3518783900	0.3543188060	0.3279571436	0.3503965835	0.3585306122	0.3397669136	0.3501551577	0.3539691390	0.3604344038	0.3322743883	0.3394996060	0.3241080485	0.3301793301	0.3321652656	0.0000000000	0.3573703365	0.3445077976	0.3446100441	0.3517811280	0.3593182881	0.3490433115	0.3468168839	0.3517507442	0.3583503367	0.3104957955	0.3342166935	0.3370927144	0.3318247657	0.3324704602	0.3391903925	0.3357307990	0.3243100662	0.3304899942	0.3279348098	0.3338315325	0.3281423606	0.3212554913	0.3334151468	0.3341703834	0.3339234012	0.3567620955	0.3576893173	0.3503957711	0.3530320713	0.3535467697	0.3460227714	0.3520734067	0.3532745222	0.3552211111	0.3446520046	0.3604021266	0.3533404069	0.3548661092	0.3470467915	0.3341931430	0.3318519098	0.3311595452	0.3215608919	0.3319395244	0.3258627259	0.3252070760	0.3502544872	0.3499645643	0.3549929443	0.3593639984	0.3501388963	0.3347053114	0.3258205074	0.3262222274	0.3303974993	0.3174584600	0.3367883853	0.3213636343	0.3243180266	0.3174830233	0.3360268444	0.3368840435	0.3295802378	0.3288830260	0.3200100993	0.3105253544	0.3257595514	0.3332020801	0.3284725428	0.3541628161
SRR26417094	0.3427989731	0.3480187732	0.3511026589	0.3471161023	0.3412978664	0.3592479430	0.3463508368	0.3465604406	0.3428294358	0.3468049202	0.3576762943	0.3498099597	0.3390009043	0.3552920789	0.3403226784	0.3325352184	0.3452235080	0.3706682053	0.3709301232	0.3670004650	0.3696043277	0.3765133979	0.3573703365	0.0000000000	0.3401776648	0.3323380119	0.3473967302	0.3469412141	0.3529473617	0.3418364755	0.3446947904	0.3524248326	0.3668240282	0.3648435425	0.3559448836	0.3602482136	0.3564287619	0.3610541309	0.3639342245	0.3642242044	0.3629524538	0.3590452272	0.3487522776	0.3511065729	0.3579736221	0.3614193997	0.3569468222	0.3565836961	0.3487415226	0.3438847562	0.3461122481	0.3367063682	0.3419912592	0.3438247240	0.3444943973	0.3408722154	0.3496291723	0.3459666024	0.3459863461	0.3439233911	0.3436091060	0.3401548314	0.3708038621	0.3690941495	0.3703097633	0.3670523093	0.3653438973	0.3674584454	0.3653370065	0.3462496046	0.3387480657	0.3445236955	0.3404575835	0.3443528907	0.3613797809	0.3537590129	0.3555027987	0.3590774654	0.3599901685	0.3486906851	0.3589129354	0.3506862511	0.3589978999	0.3533091239	0.3560019611	0.3554172982	0.3540447862	0.3644102892	0.3587357120	0.3569457303	0.3495706899	0.3555183749	0.3359806855
SRR26417095	0.3423566837	0.3401403162	0.3377973432	0.3430519206	0.3381223854	0.3504180897	0.3409634644	0.3443872930	0.3353622436	0.3339581215	0.3530944116	0.3381327298	0.3400530087	0.3493988216	0.3357251864	0.3365081181	0.3382888530	0.3601168217	0.3657296886	0.3566888402	0.3652181847	0.3660743809	0.3445077976	0.3401776648	0.0000000000	0.3342446781	0.3390611096	0.3347202345	0.3495171964	0.3419538308	0.3398616235	0.3466120512	0.3506761118	0.3625070646	0.3502330534	0.3531420453	0.3547198384	0.3605597251	0.3556713600	0.3564038149	0.3586415958	0.3540067336	0.3430760009	0.3489367883	0.3463121180	0.3560624527	0.3497974226	0.3512715456	0.3484467985	0.3434617279	0.3471414705	0.3340436171	0.3405734819	0.3374993569	0.3337274798	0.3403155405	0.3377741203	0.3433862742	0.3415402696	0.3362651836	0.3424839286	0.3366930318	0.3605681826	0.3639011166	0.3606788514	0.3623504012	0.3597979731	0.3596562111	0.3582519868	0.3248766255	0.3352390616	0.3402605731	0.3337205148	0.3311246914	0.3499024125	0.3525343200	0.3505932076	0.3515680928	0.3578053212	0.3518221993	0.3499179429	0.3576687846	0.3554933998	0.3505240411	0.3472442868	0.3514020973	0.3522946508	0.3558512764	0.3501191283	0.3515856238	0.3519700836	0.3539053514	0.3418415756
SRR26417096	0.3335532971	0.3391151467	0.3356260570	0.3386056935	0.3331742582	0.3541879377	0.3434261329	0.3431052827	0.3382945172	0.3371412229	0.3544672228	0.3434608636	0.3379854180	0.3488189476	0.3356242409	0.3360345809	0.3387627555	0.3626742413	0.3598906875	0.3563326448	0.3604035044	0.3635547124	0.3446100441	0.3323380119	0.3342446781	0.0000000000	0.3435179472	0.3432028529	0.3469157711	0.3412935661	0.3402381075	0.3459367101	0.3555923679	0.3614427507	0.3485230376	0.3510162227	0.3523151491	0.3552622009	0.3543504539	0.3537407400	0.3567105577	0.3514717070	0.3376729650	0.3448522481	0.3489104531	0.3513588533	0.3471447763	0.3527503937	0.3457952732	0.3361304951	0.3461637343	0.3352339039	0.3422616394	0.3390185048	0.3420542593	0.3375746692	0.3404077275	0.3415798162	0.3446694930	0.3387305689	0.3381834268	0.3364340986	0.3578837393	0.3628731848	0.3601310446	0.3596475274	0.3577271482	0.3588953758	0.3565074149	0.3354039771	0.3361397206	0.3365747608	0.3373899564	0.3408041115	0.3564238504	0.3430786518	0.3499086405	0.3513206656	0.3594293747	0.3443228661	0.3521758436	0.3572910923	0.3513735809	0.3522556161	0.3437863006	0.3512180162	0.3464899191	0.3581720342	0.3500931729	0.3533321975	0.3497277674	0.3509102158	0.3355300470
SRR26417100	0.3438003882	0.3434038593	0.3424830164	0.3447801782	0.3423072056	0.3589011217	0.3357320290	0.3425506342	0.3419548964	0.3418809177	0.3515725785	0.3398873401	0.3453722850	0.3593610371	0.3429058039	0.3469276431	0.3411008393	0.3651845670	0.3652196524	0.3666259545	0.3710069096	0.3678741177	0.3517811280	0.3473967302	0.3390611096	0.3435179472	0.0000000000	0.3454897072	0.3523576453	0.3437247393	0.3412703082	0.3451936596	0.3572451402	0.3594353932	0.3572900129	0.3589634717	0.3601466237	0.3615805882	0.3592793388	0.3611392043	0.3588191687	0.3549318470	0.3509880698	0.3535468639	0.3587268432	0.3574983294	0.3510685254	0.3551753859	0.3437917645	0.3423565857	0.3461804562	0.3416209247	0.3444487839	0.3412403243	0.3384792313	0.3381676992	0.3505363835	0.3497942984	0.3461637792	0.3473513030	0.3447880278	0.3399189605	0.3635107185	0.3652501182	0.3670594750	0.3663743673	0.3659835887	0.3650638785	0.3624984883	0.3416657603	0.3379551980	0.3432711508	0.3408521305	0.3345096158	0.3593844414	0.3518810493	0.3561260828	0.3595021109	0.3579806659	0.3509301919	0.3555041576	0.3613760528	0.3606547833	0.3545876880	0.3480916534	0.3578551532	0.3542008289	0.3590686610	0.3582811890	0.3588017744	0.3474179005	0.3580536990	0.3354507575
SRR26417101	0.3478254794	0.3456826443	0.3477702927	0.3476935264	0.3410331030	0.3644306018	0.3389333004	0.3444397989	0.3411422703	0.3447874283	0.3600002363	0.3449400935	0.3407304249	0.3593062134	0.3409298922	0.3416234479	0.3387439375	0.3668477833	0.3689309303	0.3685421444	0.3719517655	0.3708390728	0.3593182881	0.3469412141	0.3347202345	0.3432028529	0.3454897072	0.0000000000	0.3517774669	0.3448770320	0.3489246697	0.3397759123	0.3647678069	0.3599687041	0.3570036741	0.3610442223	0.3593104132	0.3623984657	0.3594055178	0.3594070551	0.3622179795	0.3598881115	0.3547872045	0.3579429503	0.3625911616	0.3656362930	0.3588646586	0.3604818266	0.3486876532	0.3433921528	0.3474682064	0.3394990284	0.3465700486	0.3417408750	0.3313398552	0.3404141309	0.3447273782	0.3516010661	0.3424626433	0.3402544088	0.3451328990	0.3364325466	0.3714522347	0.3691950020	0.3707808272	0.3698896554	0.3679692074	0.3694004440	0.3684006505	0.3416172289	0.3359173499	0.3397891983	0.3322011281	0.3345674085	0.3621115418	0.3562648995	0.3526205831	0.3604159380	0.3592170507	0.3591019205	0.3578305594	0.3584568460	0.3579206275	0.3632206359	0.3609336934	0.3544276747	0.3609189684	0.3617933819	0.3625836406	0.3607943413	0.3574194761	0.3563718258	0.3408491244
SRR26417139	0.3465309384	0.3479584765	0.3464304340	0.3434037258	0.3431309553	0.3548829976	0.3475346630	0.3496097635	0.3495354419	0.3492820794	0.3570372517	0.3451110080	0.3489726519	0.3487238069	0.3470120801	0.3472274015	0.3497535343	0.3635012462	0.3646179662	0.3540139996	0.3636645848	0.3660439282	0.3490433115	0.3529473617	0.3495171964	0.3469157711	0.3523576453	0.3517774669	0.0000000000	0.3481886321	0.3469756942	0.3329575682	0.3628640342	0.3580191210	0.3557899413	0.3548123835	0.3596833537	0.3634186662	0.3586448601	0.3503686213	0.3535296365	0.3489831327	0.3482523802	0.3472378748	0.3557364170	0.3531604772	0.3478068417	0.3508230133	0.3540529502	0.3511179805	0.3411229098	0.3461443783	0.3450556623	0.3452677989	0.3426971062	0.3472189187	0.3513289020	0.3524672736	0.3446354409	0.3515782737	0.3513759584	0.3465135136	0.3611451447	0.3618538538	0.3643050798	0.3628888652	0.3618442516	0.3618080620	0.3632179475	0.3506862823	0.3488312690	0.3467928176	0.3551831118	0.3488300346	0.3521048074	0.3571332677	0.3471652149	0.3593567528	0.3590232524	0.3571504938	0.3506434693	0.3543103784	0.3510600619	0.3548618122	0.3500794879	0.3521109619	0.3547164874	0.3586211215	0.3564509319	0.3563381630	0.3542308127	0.3581770031	0.3499175884
SRR26417142	0.3414095180	0.3437596197	0.3423823447	0.3371328159	0.3403181070	0.3464008223	0.3457380304	0.3411960959	0.3453448013	0.3438621325	0.3456371647	0.3476824033	0.3455142329	0.3514280811	0.3374960025	0.3411683750	0.3423660059	0.3511933966	0.3558461219	0.3476338138	0.3537696781	0.3535344988	0.3468168839	0.3418364755	0.3419538308	0.3412935661	0.3437247393	0.3448770320	0.3481886321	0.0000000000	0.3397550228	0.3408191799	0.3507901299	0.3572284764	0.3495512843	0.3541233840	0.3507650961	0.3473375722	0.3447744399	0.3571324034	0.3547496799	0.3461057463	0.3423419014	0.3465694844	0.3501437925	0.3462270233	0.3455143283	0.3531621185	0.3510579504	0.3432402581	0.3522538066	0.3440381031	0.3436514136	0.3427406457	0.3459725952	0.3388585475	0.3446664152	0.3450152634	0.3514494919	0.3399289763	0.3426869557	0.3324056783	0.3546848686	0.3562752100	0.3555235474	0.3543184058	0.3534636961	0.3580870526	0.3535031826	0.3443102923	0.3438795324	0.3443269632	0.3470346860	0.3433193532	0.3497272326	0.3428822190	0.3469565885	0.3482403176	0.3465940094	0.3508087619	0.3484336547	0.3528163942	0.3494038863	0.3498700637	0.3528816742	0.3435408370	0.3448221308	0.3529167846	0.3486714240	0.3503416718	0.3459662450	0.3519546023	0.3402391757
SRR26417143	0.3407109479	0.3487049667	0.3433331198	0.3427100334	0.3418493340	0.3550658699	0.3422076784	0.3418831234	0.3405149135	0.3444824646	0.3551767393	0.3465534372	0.3415720330	0.3519637485	0.3384219849	0.3426684127	0.3421261009	0.3612502587	0.3628523777	0.3590169613	0.3645347325	0.3643530328	0.3517507442	0.3446947904	0.3398616235	0.3402381075	0.3412703082	0.3489246697	0.3469756942	0.3397550228	0.0000000000	0.3480671389	0.3566882544	0.3571320738	0.3523012016	0.3539332100	0.3501996159	0.3586692720	0.3523680225	0.3566976590	0.3560875186	0.3491641847	0.3491709180	0.3493703572	0.3494322395	0.3567225450	0.3524592553	0.3490371969	0.3509627818	0.3488463236	0.3468667003	0.3436616226	0.3429899037	0.3394470053	0.3419384071	0.3395610543	0.3420636253	0.3399816059	0.3400866292	0.3420972986	0.3375657576	0.3402878091	0.3605393317	0.3611436253	0.3562234799	0.3667422300	0.3634001234	0.3586651518	0.3581766107	0.3467959732	0.3418847041	0.3388761320	0.3431540643	0.3415927994	0.3505115670	0.3485127957	0.3539652934	0.3522470308	0.3562529130	0.3516039774	0.3530575559	0.3547154476	0.3560135664	0.3567422608	0.3504453568	0.3533029743	0.3482009850	0.3557951649	0.3567534371	0.3520265352	0.3457653181	0.3528254372	0.3435255387
SRR26417151	0.3468349783	0.3414812279	0.3451594861	0.3404325876	0.3410195517	0.3662187189	0.3461485265	0.3484654001	0.3463804932	0.3477317872	0.3590107323	0.3490312714	0.3439074333	0.3550493019	0.3409775598	0.3425934032	0.3463240984	0.3659517184	0.3686517836	0.3626025126	0.3699125674	0.3654265098	0.3583503367	0.3524248326	0.3466120512	0.3459367101	0.3451936596	0.3397759123	0.3329575682	0.3408191799	0.3480671389	0.0000000000	0.3620475806	0.3658888227	0.3538063119	0.3556546346	0.3635176520	0.3623092098	0.3549192410	0.3630041868	0.3675541146	0.3543876467	0.3459069651	0.3503979573	0.3592014190	0.3642959962	0.3569942175	0.3549619575	0.3441874455	0.3385919859	0.3491760310	0.3432746550	0.3412000482	0.3359487615	0.3449883123	0.3370901092	0.3538072105	0.3492196094	0.3511425927	0.3472802424	0.3467033417	0.3377879773	0.3608520006	0.3703997884	0.3617789598	0.3703205045	0.3633820025	0.3649832098	0.3649684530	0.3489434401	0.3484446022	0.3511859088	0.3451728367	0.3419510694	0.3541011488	0.3547621713	0.3564700664	0.3565934454	0.3661647277	0.3548869086	0.3557481540	0.3611862780	0.3586357134	0.3597797071	0.3570650985	0.3537082070	0.3524895566	0.3653212056	0.3600879002	0.3548277877	0.3562678575	0.3631224574	0.3438270899
