
93
SRR26416938	0.0000000000	0.3435944190	0.3481770128	0.3296177484	0.3424563571	0.3492231818	0.3387131876	0.3309058872	0.3332446283	0.3382483200	0.3462648511	0.3388400927	0.3314355097	0.3469811927	0.3306701802	0.3316613328	0.3450710706	0.3775232986	0.3625928362	0.3716742081	0.3607349830	0.3809853778	0.3426169787	0.3470877958	0.3454004501	0.3295803296	0.3484350642	0.3389487278	0.3390065506	0.3455192003	0.3464646314	0.3370527727	0.3607517631	0.3672448584	0.3548267568	0.3566840066	0.3518160586	0.3587302309	0.3558107581	0.3624493100	0.3491713688	0.3441226901	0.3424477815	0.3522667201	0.3555106107	0.3498507842	0.3422946118	0.3691930742	0.3394284741	0.3331017245	0.3383828435	0.3408307172	0.3453306587	0.3475948063	0.3457416672	0.3412153571	0.3474093528	0.3464466829	0.3393469340	0.3455687698	0.3316422356	0.3296082308	0.3597841773	0.3615192397	0.3601459858	0.3746503027	0.3627099974	0.3718059868	0.3594418742	0.3433613678	0.3441165053	0.3328270830	0.3318989468	0.3428930886	0.3595915387	0.3549058908	0.3546468421	0.3706123362	0.3710525719	0.3500882046	0.3655673760	0.3565377511	0.3631187706	0.3716313836	0.3540725566	0.3414481789	0.3537915007	0.3637933422	0.3437813704	0.3534973559	0.3555370951	0.3569758603	0.3284168898
SRR26416940	0.3435944190	0.0000000000	0.3460031835	0.3490027610	0.3459006796	0.3645330079	0.3452866535	0.3526380636	0.3472357196	0.3504086533	0.3591462582	0.3508062446	0.3520757124	0.3567135791	0.3431847939	0.3466214446	0.3475436567	0.3654592761	0.3657444639	0.3654714591	0.3682870736	0.3687093379	0.3585858168	0.3505351682	0.3440305211	0.3460879774	0.3483697608	0.3492479144	0.3502475281	0.3474115043	0.3510648921	0.3463203685	0.3579320505	0.3658040841	0.3532173012	0.3615262334	0.3564511567	0.3609768922	0.3598430525	0.3590285206	0.3542444634	0.3524069891	0.3530162854	0.3596784973	0.3558750777	0.3572833410	0.3497088833	0.3519993783	0.3534457780	0.3409722305	0.3493720480	0.3415898674	0.3462845737	0.3517646394	0.3463571115	0.3435419771	0.3472180277	0.3451837172	0.3521165130	0.3496008189	0.3473387747	0.3469550568	0.3644660350	0.3660837952	0.3641245962	0.3677094668	0.3641442063	0.3629880533	0.3628402011	0.3438213440	0.3446268648	0.3424651274	0.3513367069	0.3418743603	0.3591914025	0.3572319565	0.3550373218	0.3614703064	0.3606384284	0.3558263140	0.3616613154	0.3578760744	0.3605934085	0.3559282506	0.3559007240	0.3559302488	0.3567529566	0.3653878207	0.3588133057	0.3564753907	0.3580276934	0.3592892357	0.3456521447
SRR26416941	0.3481770128	0.3460031835	0.0000000000	0.3589878421	0.3376821389	0.3712581970	0.3586993685	0.3575544778	0.3552626695	0.3549570028	0.3695435955	0.3596363307	0.3547795842	0.3674956126	0.3475216494	0.3536005318	0.3442373605	0.3532869752	0.3649098733	0.3469953689	0.3661923932	0.3570514880	0.3680248724	0.3495181641	0.3437258185	0.3530046875	0.3469152811	0.3580261639	0.3591542140	0.3469319602	0.3472308682	0.3584362325	0.3573764802	0.3662286463	0.3560518928	0.3590430377	0.3577290453	0.3621770676	0.3572004615	0.3627148288	0.3697746509	0.3647844541	0.3450236784	0.3541717999	0.3567581097	0.3709146744	0.3663921047	0.3467451128	0.3615612148	0.3499170931	0.3551129975	0.3378342841	0.3462411989	0.3408123482	0.3467481263	0.3427764240	0.3412214275	0.3523190660	0.3625700624	0.3407348289	0.3573704931	0.3536831824	0.3617197740	0.3621022155	0.3627568070	0.3508656867	0.3610274439	0.3503164501	0.3623700732	0.3444702981	0.3421121958	0.3515205835	0.3546763424	0.3393143691	0.3571637317	0.3540583985	0.3556246813	0.3491286873	0.3488792750	0.3523438934	0.3416698866	0.3585683062	0.3442013085	0.3435612743	0.3544911511	0.3673308222	0.3542102877	0.3623489960	0.3680041051	0.3554737748	0.3582688631	0.3574994247	0.3572720164
SRR26416943	0.3296177484	0.3490027610	0.3589878421	0.0000000000	0.3378238378	0.3519072079	0.3339976925	0.3356990107	0.3343593430	0.3374903034	0.3485397892	0.3393257483	0.3380663785	0.3454888075	0.3298989635	0.3353756397	0.3464538301	0.3795816998	0.3685702977	0.3732206340	0.3668933317	0.3797377421	0.3469559033	0.3497903676	0.3473646029	0.3322135062	0.3481674594	0.3394909468	0.3326187488	0.3413029247	0.3452324460	0.3339049980	0.3611836690	0.3696659993	0.3576636393	0.3579893103	0.3570518351	0.3558518141	0.3552545472	0.3626863969	0.3416654419	0.3450329809	0.3468924652	0.3552693767	0.3550895043	0.3426541615	0.3386944430	0.3682044090	0.3367217689	0.3312687133	0.3311092568	0.3417919349	0.3495511374	0.3479994962	0.3472436582	0.3416967116	0.3542422107	0.3465507950	0.3393230397	0.3507368574	0.3356963220	0.3293486834	0.3650784006	0.3674422667	0.3661543265	0.3780668557	0.3672254436	0.3761184620	0.3623033848	0.3456185487	0.3452548937	0.3331491496	0.3360404034	0.3452633827	0.3559826865	0.3512924659	0.3558252032	0.3704308066	0.3719326669	0.3553032039	0.3662951807	0.3617021336	0.3685408324	0.3710818944	0.3553173464	0.3411079410	0.3532655884	0.3591221997	0.3447957979	0.3593867265	0.3585825232	0.3561700631	0.3366907470
SRR26416946	0.3424563571	0.3459006796	0.3376821389	0.3378238378	0.0000000000	0.3612096780	0.3449921425	0.3479734675	0.3450829797	0.3468145428	0.3574140974	0.3527437880	0.3474938001	0.3572098607	0.3361410121	0.3441880533	0.3430361533	0.3700232293	0.3685122923	0.3643822761	0.3641160248	0.3711995278	0.3601519007	0.3435731687	0.3398696790	0.3380022740	0.3453242670	0.3473290263	0.3456566738	0.3454002455	0.3442905322	0.3449362741	0.3620995425	0.3675205248	0.3571710826	0.3560717212	0.3556794052	0.3611471572	0.3585512173	0.3649123988	0.3596100061	0.3543720565	0.3436195670	0.3548256934	0.3559975623	0.3570014197	0.3494339186	0.3567286351	0.3462439425	0.3432614368	0.3423557058	0.3420549680	0.3426127219	0.3414175097	0.3426715569	0.3368823462	0.3468351679	0.3421716577	0.3469307557	0.3448541948	0.3450840608	0.3403808243	0.3614405872	0.3671299063	0.3648032860	0.3711818596	0.3624266463	0.3660164795	0.3613528956	0.3454652433	0.3383181270	0.3418210600	0.3426074610	0.3366135893	0.3522250003	0.3518524014	0.3494989911	0.3600994947	0.3613298952	0.3476294393	0.3558837368	0.3603139829	0.3592409966	0.3576787870	0.3529451796	0.3538781514	0.3531782753	0.3634667281	0.3556148353	0.3531974004	0.3561283577	0.3598096240	0.3440542553
SRR26416948	0.3492231818	0.3645330079	0.3712581970	0.3519072079	0.3612096780	0.0000000000	0.3472589929	0.3502963347	0.3508436831	0.3508455160	0.3122376656	0.3487207300	0.3533410933	0.3272624909	0.3500717508	0.3493344974	0.3657712314	0.3342861411	0.3293293314	0.3432081412	0.3304629851	0.3436551629	0.3145519822	0.3623961490	0.3563771071	0.3453701124	0.3647864324	0.3556609339	0.3475276433	0.3544312328	0.3601144523	0.3524216153	0.3261921958	0.3252884703	0.3307995443	0.3312058607	0.3357507561	0.3349658231	0.3287706053	0.3324667779	0.3217563567	0.3197265178	0.3554404674	0.3394195254	0.3267091062	0.3143818727	0.3315636543	0.3581575143	0.3501652266	0.3536942639	0.3485939426	0.3659531737	0.3588633831	0.3670281616	0.3597037254	0.3638019406	0.3661349442	0.3479938271	0.3517018096	0.3584322400	0.3531159238	0.3471428490	0.3324096263	0.3328687997	0.3246617723	0.3390221826	0.3263998483	0.3387495073	0.3194421335	0.3625822976	0.3646364379	0.3523200194	0.3557559667	0.3654531049	0.3407289431	0.3371213061	0.3418067629	0.3449365121	0.3458053246	0.3376663988	0.3536083453	0.3420826544	0.3527300851	0.3509580152	0.3323616120	0.3223257343	0.3353034018	0.3273013093	0.3159182443	0.3350279272	0.3318166370	0.3385811108	0.3496921244
SRR26416950	0.3387131876	0.3452866535	0.3586993685	0.3339976925	0.3449921425	0.3472589929	0.0000000000	0.3363487277	0.3319873398	0.3382917411	0.3504974925	0.3366304163	0.3391680721	0.3490187289	0.3319967242	0.3369072981	0.3494322176	0.3808879962	0.3706734017	0.3820196761	0.3697262658	0.3851700825	0.3502818164	0.3488649358	0.3450089003	0.3327519509	0.3433279185	0.3323852195	0.3378792016	0.3485573219	0.3472742064	0.3389302099	0.3631182343	0.3686610410	0.3556957083	0.3613132694	0.3621134165	0.3653990778	0.3636970663	0.3651179348	0.3485385255	0.3464975262	0.3603980015	0.3639368840	0.3591262360	0.3507196465	0.3456722694	0.3748519881	0.3418389800	0.3332640506	0.3343100844	0.3484626482	0.3456438782	0.3510223969	0.3454005661	0.3464814808	0.3499980517	0.3508403929	0.3315403593	0.3530343232	0.3329613622	0.3345022991	0.3739557408	0.3713428663	0.3714413327	0.3848086740	0.3679586874	0.3804826732	0.3694574600	0.3415451616	0.3483750429	0.3313224633	0.3302305906	0.3436526385	0.3585154007	0.3558316697	0.3597385514	0.3773407582	0.3765015947	0.3560807499	0.3740466186	0.3644812674	0.3788584287	0.3765492936	0.3602874853	0.3468399950	0.3609613331	0.3656849952	0.3495730093	0.3612610812	0.3603734354	0.3618863198	0.3345276817
SRR26416951	0.3309058872	0.3526380636	0.3575544778	0.3356990107	0.3479734675	0.3502963347	0.3363487277	0.0000000000	0.3289282670	0.3338588917	0.3496191086	0.3387948718	0.3309825719	0.3520007471	0.3339617487	0.3329587148	0.3431169639	0.3816682910	0.3694738036	0.3818463326	0.3710587801	0.3851538269	0.3489778047	0.3483085311	0.3468539398	0.3340049379	0.3466431791	0.3324733447	0.3390460640	0.3444286702	0.3464123506	0.3379645550	0.3668479122	0.3650397992	0.3603108070	0.3651744862	0.3642223602	0.3645009781	0.3636903855	0.3650993838	0.3501449804	0.3467894423	0.3552815981	0.3581729022	0.3617214786	0.3531528361	0.3468830916	0.3748853158	0.3331817132	0.3371736135	0.3357768087	0.3438346568	0.3484625059	0.3437093988	0.3447863621	0.3421290487	0.3460829708	0.3525253021	0.3304215745	0.3448855709	0.3291852404	0.3318340946	0.3686232419	0.3707314066	0.3720069217	0.3838653283	0.3692877038	0.3807343471	0.3691846437	0.3456100552	0.3411278103	0.3316396061	0.3362553819	0.3480644980	0.3636290220	0.3580040780	0.3607665627	0.3765090673	0.3798704139	0.3581633654	0.3748343704	0.3658310765	0.3733671383	0.3762316550	0.3612692174	0.3445200339	0.3624665903	0.3652134438	0.3535413038	0.3632102959	0.3591873606	0.3625618831	0.3358103270
SRR26416953	0.3332446283	0.3472357196	0.3552626695	0.3343593430	0.3450829797	0.3508436831	0.3319873398	0.3289282670	0.0000000000	0.3334496157	0.3467688569	0.3358817024	0.3267470315	0.3472887914	0.3304439840	0.3306431599	0.3471546993	0.3831282358	0.3692747821	0.3846773502	0.3719878449	0.3867457600	0.3472144081	0.3479858218	0.3412514124	0.3315350247	0.3452091552	0.3309151103	0.3384644461	0.3499072278	0.3438113532	0.3358888253	0.3648133139	0.3653268386	0.3600305643	0.3635039342	0.3629321828	0.3617825238	0.3611483752	0.3649125561	0.3521159533	0.3453586148	0.3579156878	0.3581247239	0.3628930003	0.3541411258	0.3475598903	0.3736089188	0.3324733598	0.3342940360	0.3346454844	0.3435787735	0.3441035818	0.3436175405	0.3403246039	0.3441987512	0.3478570122	0.3461414996	0.3349650979	0.3459825344	0.3302520953	0.3275866492	0.3728288050	0.3707692905	0.3717268550	0.3853879360	0.3662696326	0.3800560528	0.3695070252	0.3407818747	0.3410905916	0.3324831280	0.3333877453	0.3437259762	0.3582020389	0.3522743777	0.3601494502	0.3741297257	0.3763303346	0.3619827444	0.3724485027	0.3601144156	0.3753542814	0.3707964444	0.3638428447	0.3466954466	0.3614245921	0.3653517804	0.3510158219	0.3641637217	0.3618838344	0.3607285278	0.3352661906
SRR26416958	0.3382483200	0.3504086533	0.3549570028	0.3374903034	0.3468145428	0.3508455160	0.3382917411	0.3338588917	0.3334496157	0.0000000000	0.3459236666	0.3373709204	0.3388170623	0.3456122929	0.3290530914	0.3324891700	0.3428640222	0.3831610841	0.3708634088	0.3822334329	0.3674075628	0.3848834350	0.3475314336	0.3505717733	0.3419552971	0.3306731290	0.3472242160	0.3350401345	0.3419498522	0.3478327616	0.3490136676	0.3394179603	0.3631715820	0.3686232495	0.3607470621	0.3596125524	0.3631034079	0.3633435788	0.3616984279	0.3641830550	0.3493928287	0.3435869555	0.3558237060	0.3600662092	0.3577746075	0.3509605884	0.3469770966	0.3743846768	0.3377935052	0.3364204672	0.3325587795	0.3452924171	0.3515590764	0.3511030601	0.3408191218	0.3452791141	0.3469364317	0.3488056804	0.3365997975	0.3474657688	0.3290763415	0.3360508658	0.3665734509	0.3708142857	0.3694394756	0.3829131844	0.3669689333	0.3800741312	0.3708328900	0.3462189705	0.3450574579	0.3352418189	0.3339220276	0.3449873826	0.3614369074	0.3574028508	0.3586281041	0.3768817345	0.3802661351	0.3566806761	0.3734213454	0.3622282966	0.3752620756	0.3743674032	0.3577956530	0.3503775314	0.3619092422	0.3668406368	0.3477658206	0.3624916297	0.3634749307	0.3617717669	0.3331881973
SRR26416959	0.3462648511	0.3591462582	0.3695435955	0.3485397892	0.3574140974	0.3122376656	0.3504974925	0.3496191086	0.3467688569	0.3459236666	0.0000000000	0.3470720227	0.3488833868	0.3206936273	0.3412689746	0.3455704480	0.3616437932	0.3357742139	0.3304109499	0.3365356655	0.3224780258	0.3356389197	0.3181922831	0.3580270939	0.3574364980	0.3457431654	0.3579968303	0.3515544137	0.3464743796	0.3539462394	0.3564275670	0.3458758790	0.3318691953	0.3283204632	0.3294522024	0.3318532770	0.3348336602	0.3342420474	0.3353833613	0.3349398470	0.3222812074	0.3190831452	0.3401662443	0.3315382841	0.3299386005	0.3133136534	0.3224469629	0.3542529407	0.3449938378	0.3514862694	0.3484363227	0.3562001842	0.3584093659	0.3544264526	0.3581941584	0.3559847074	0.3657703973	0.3556555815	0.3530322417	0.3577511131	0.3471282438	0.3395489437	0.3158483373	0.3246983050	0.3270233624	0.3348898307	0.3210517196	0.3442094426	0.3191146053	0.3598392321	0.3582725331	0.3484531968	0.3505651875	0.3585909381	0.3410584477	0.3324052250	0.3408052399	0.3512432195	0.3451824354	0.3379094446	0.3473662014	0.3390783569	0.3528006949	0.3598823705	0.3388791641	0.3312190638	0.3224197944	0.3211879812	0.3128959123	0.3259957001	0.3365592404	0.3400799146	0.3419657312
SRR26416960	0.3388400927	0.3508062446	0.3596363307	0.3393257483	0.3527437880	0.3487207300	0.3366304163	0.3387948718	0.3358817024	0.3373709204	0.3470720227	0.0000000000	0.3364120433	0.3442281365	0.3323972168	0.3372685526	0.3468617170	0.3781630329	0.3648491519	0.3753189194	0.3638479940	0.3796603690	0.3463355342	0.3521341970	0.3438264959	0.3359186168	0.3467037272	0.3367697714	0.3380660949	0.3516535356	0.3522044675	0.3383779706	0.3553547255	0.3577037252	0.3578450316	0.3573726652	0.3573104702	0.3638149494	0.3547229334	0.3564004111	0.3498648141	0.3388895434	0.3523739898	0.3547456487	0.3570975943	0.3489047618	0.3433724209	0.3687434456	0.3363248306	0.3390217989	0.3393605505	0.3424902233	0.3483630068	0.3474467017	0.3434524786	0.3474095726	0.3520217379	0.3521744945	0.3421739007	0.3521505509	0.3365140460	0.3290487797	0.3594782992	0.3643413907	0.3657025849	0.3785411224	0.3643927373	0.3728681618	0.3642021406	0.3514048731	0.3462779520	0.3337618339	0.3299453524	0.3436740797	0.3563554664	0.3511904431	0.3553499322	0.3737761863	0.3719205340	0.3574558390	0.3707868896	0.3588939015	0.3682834297	0.3690334838	0.3527815396	0.3462717393	0.3598637505	0.3600839036	0.3425582386	0.3573084922	0.3562858195	0.3595941514	0.3262003189
SRR26416961	0.3314355097	0.3520757124	0.3547795842	0.3380663785	0.3474938001	0.3533410933	0.3391680721	0.3309825719	0.3267470315	0.3388170623	0.3488833868	0.3364120433	0.0000000000	0.3477326221	0.3327750901	0.3289173389	0.3447528522	0.3828492773	0.3730805414	0.3791847735	0.3672470718	0.3819234232	0.3495964662	0.3417124099	0.3449705631	0.3293628640	0.3464174450	0.3307361377	0.3384609739	0.3487982775	0.3459088995	0.3334784169	0.3678575856	0.3715415347	0.3592651837	0.3636229519	0.3620601711	0.3667706302	0.3635121839	0.3653404432	0.3534875396	0.3462372068	0.3531185895	0.3574442679	0.3607986514	0.3520966227	0.3477764754	0.3751474644	0.3367676030	0.3345306458	0.3338606815	0.3397095325	0.3441327696	0.3457450790	0.3493538847	0.3415375930	0.3443310018	0.3497845398	0.3375750802	0.3477514938	0.3292024551	0.3283970250	0.3656639890	0.3674306000	0.3711291703	0.3842590575	0.3674098433	0.3825037561	0.3689064232	0.3472377439	0.3459311896	0.3341153403	0.3373519581	0.3444640131	0.3621515822	0.3573268499	0.3591836141	0.3735077182	0.3794822524	0.3610605510	0.3722734771	0.3610648981	0.3753803638	0.3760482997	0.3574969332	0.3466827382	0.3615117789	0.3654838293	0.3480055653	0.3639970720	0.3621320315	0.3617290813	0.3283467384
SRR26416970	0.3469811927	0.3567135791	0.3674956126	0.3454888075	0.3572098607	0.3272624909	0.3490187289	0.3520007471	0.3472887914	0.3456122929	0.3206936273	0.3442281365	0.3477326221	0.0000000000	0.3427480618	0.3483163017	0.3616832704	0.3488986972	0.3435620912	0.3346581599	0.3359740020	0.3547062296	0.3229108529	0.3589976655	0.3573338382	0.3450956034	0.3649489333	0.3543776676	0.3437001369	0.3590488696	0.3587223290	0.3467214961	0.3309397491	0.3393788684	0.3412916965	0.3311968608	0.3338469201	0.3421400234	0.3371041108	0.3413744567	0.3352910505	0.3306074476	0.3472929514	0.3323430244	0.3427718666	0.3275796306	0.3310946415	0.3516871460	0.3505820779	0.3505585790	0.3491727379	0.3572397738	0.3615903541	0.3612107361	0.3574593774	0.3565020939	0.3636230430	0.3533982501	0.3482749433	0.3582370168	0.3492112409	0.3450444506	0.3343398454	0.3356076457	0.3330466243	0.3426761076	0.3330083711	0.3475914552	0.3359455612	0.3625899452	0.3585680607	0.3456955989	0.3513495038	0.3575749588	0.3395989888	0.3470905864	0.3407511854	0.3559997304	0.3578723980	0.3454134008	0.3499780481	0.3478069138	0.3589099405	0.3612455262	0.3378574121	0.3295682730	0.3381522302	0.3356944517	0.3188736639	0.3312824886	0.3474953331	0.3405160915	0.3442462430
SRR26416995	0.3306701802	0.3431847939	0.3475216494	0.3298989635	0.3361410121	0.3500717508	0.3319967242	0.3339617487	0.3304439840	0.3290530914	0.3412689746	0.3323972168	0.3327750901	0.3427480618	0.0000000000	0.3265459617	0.3405794886	0.3769451071	0.3661155070	0.3709360582	0.3624460208	0.3820078660	0.3427488825	0.3420427396	0.3390438440	0.3264144499	0.3462075534	0.3254671755	0.3349176620	0.3413840330	0.3437750221	0.3297907009	0.3586863000	0.3674703343	0.3561000528	0.3586901278	0.3540079870	0.3569184427	0.3545412711	0.3601700214	0.3479127798	0.3433620241	0.3385032298	0.3507417354	0.3526560472	0.3427232624	0.3377456866	0.3660303680	0.3344535627	0.3272963095	0.3278753946	0.3386224927	0.3418827277	0.3405332005	0.3415784769	0.3294556850	0.3466391951	0.3462390480	0.3394488252	0.3400969697	0.3250445971	0.3206003709	0.3623426460	0.3650466026	0.3675884234	0.3781015755	0.3625685681	0.3780245436	0.3622093121	0.3456085481	0.3366609885	0.3235135620	0.3291997035	0.3397365834	0.3599836675	0.3516654856	0.3527175152	0.3699824568	0.3691040432	0.3503447336	0.3625035641	0.3534299303	0.3687235205	0.3635963678	0.3541785213	0.3411244295	0.3494346289	0.3623929053	0.3414269626	0.3522292097	0.3532081998	0.3626777954	0.3292652903
SRR26417017	0.3316613328	0.3466214446	0.3536005318	0.3353756397	0.3441880533	0.3493344974	0.3369072981	0.3329587148	0.3306431599	0.3324891700	0.3455704480	0.3372685526	0.3289173389	0.3483163017	0.3265459617	0.0000000000	0.3452029023	0.3825181053	0.3681939366	0.3792234392	0.3682017366	0.3823443342	0.3468961262	0.3385159809	0.3393970331	0.3274964695	0.3501256652	0.3300124667	0.3363802314	0.3438598981	0.3461547158	0.3332594351	0.3677026204	0.3675644057	0.3564257439	0.3617883596	0.3582885199	0.3618480976	0.3599867213	0.3610395259	0.3469576137	0.3450286512	0.3519292903	0.3587252898	0.3579093813	0.3495675763	0.3401610752	0.3735919718	0.3323587212	0.3336769377	0.3297506707	0.3394334268	0.3441212455	0.3411845003	0.3432436111	0.3413965263	0.3443017012	0.3518687547	0.3362247963	0.3457978210	0.3252129966	0.3298341156	0.3666101200	0.3656570906	0.3680451843	0.3804838331	0.3681139491	0.3802207783	0.3665314175	0.3451385626	0.3436954348	0.3321772419	0.3296432840	0.3468298638	0.3581364066	0.3561226327	0.3536279470	0.3723195344	0.3741469432	0.3591116047	0.3700098690	0.3601839200	0.3718747024	0.3709609569	0.3642380326	0.3436928210	0.3562413360	0.3644978919	0.3476107659	0.3569173345	0.3581589714	0.3609524360	0.3265593358
SRR26417025	0.3450710706	0.3475436567	0.3442373605	0.3464538301	0.3430361533	0.3657712314	0.3494322176	0.3431169639	0.3471546993	0.3428640222	0.3616437932	0.3468617170	0.3447528522	0.3616832704	0.3405794886	0.3452029023	0.0000000000	0.3742740076	0.3726324033	0.3712371867	0.3697233383	0.3742016955	0.3635419567	0.3458144339	0.3407022767	0.3441656367	0.3452671445	0.3428323969	0.3486640383	0.3440746240	0.3456442637	0.3490562137	0.3626569124	0.3680525240	0.3582248944	0.3618799019	0.3600522615	0.3653625126	0.3588055638	0.3661604359	0.3663763418	0.3564478328	0.3496911991	0.3524328285	0.3568142787	0.3663080590	0.3617272656	0.3597781832	0.3491377403	0.3457983246	0.3454465499	0.3411662867	0.3432520318	0.3458283711	0.3388606684	0.3396047645	0.3461391210	0.3483685906	0.3480945115	0.3455225571	0.3440619601	0.3389808059	0.3684564066	0.3707892598	0.3708775129	0.3750765620	0.3682100295	0.3694608067	0.3667475248	0.3417956385	0.3386292329	0.3452359923	0.3446106170	0.3425731743	0.3597941669	0.3559031490	0.3590976796	0.3649134220	0.3649625515	0.3605402495	0.3584391610	0.3626506902	0.3615926636	0.3600406232	0.3581996806	0.3585404532	0.3609162163	0.3665845494	0.3639585029	0.3598926868	0.3581280024	0.3658853312	0.3406299729
SRR26417043	0.3775232986	0.3654592761	0.3532869752	0.3795816998	0.3700232293	0.3342861411	0.3808879962	0.3816682910	0.3831282358	0.3831610841	0.3357742139	0.3781630329	0.3828492773	0.3488986972	0.3769451071	0.3825181053	0.3742740076	0.0000000000	0.2855830651	0.2665638522	0.2913422119	0.2728714244	0.3422451955	0.3707807038	0.3682581970	0.3794746435	0.3704750582	0.3852213238	0.3810543857	0.3614227244	0.3664837731	0.3816429458	0.3255168636	0.3282890391	0.3292480527	0.3332532982	0.3324872698	0.3321362812	0.3322598899	0.3403895293	0.3487628471	0.3472442980	0.3459710174	0.3299888786	0.3305370266	0.3398885288	0.3543961280	0.3300891480	0.3864191811	0.3888605052	0.3832391539	0.3694406298	0.3720965778	0.3656785948	0.3705030628	0.3663742429	0.3745038736	0.3614386332	0.3872238977	0.3673955169	0.3840573008	0.3811397742	0.2865283965	0.2831096641	0.2816621165	0.2731969468	0.2794307628	0.2773521330	0.2732766950	0.3722839440	0.3710192344	0.3847160063	0.3866436857	0.3695287665	0.3437309166	0.3399955227	0.3403676658	0.3325374522	0.3244811207	0.3358420622	0.3226927537	0.3447501062	0.3302121621	0.3306509706	0.3352668080	0.3543264136	0.3252560528	0.3297354501	0.3352410794	0.3363707472	0.3336611597	0.3368310573	0.3810025112
SRR26417044	0.3625928362	0.3657444639	0.3649098733	0.3685702977	0.3685122923	0.3293293314	0.3706734017	0.3694738036	0.3692747821	0.3708634088	0.3304109499	0.3648491519	0.3730805414	0.3435620912	0.3661155070	0.3681939366	0.3726324033	0.2855830651	0.0000000000	0.2918522672	0.2900070161	0.2990966295	0.3383589463	0.3712090218	0.3691046605	0.3646944467	0.3706823318	0.3736583680	0.3690513711	0.3620689104	0.3662049093	0.3679033416	0.3205031793	0.3323967130	0.3337888595	0.3349068039	0.3330985166	0.3348610917	0.3386249008	0.3411111978	0.3329489682	0.3406280291	0.3523861592	0.3348303959	0.3305265772	0.3275468186	0.3403789238	0.3463957983	0.3701625129	0.3769392589	0.3746379872	0.3694605798	0.3675499322	0.3697626783	0.3693430353	0.3678804672	0.3711672141	0.3627168980	0.3747134982	0.3636143155	0.3719064344	0.3714971602	0.2818995683	0.2958180082	0.2873385200	0.2913531020	0.2960513807	0.2893276429	0.2826842982	0.3692522886	0.3691541683	0.3707866837	0.3775809298	0.3683391770	0.3457840643	0.3427534413	0.3416001021	0.3421819806	0.3344042249	0.3381129076	0.3475374348	0.3445468023	0.3453068607	0.3458354048	0.3432821662	0.3468732476	0.3321353762	0.3301692932	0.3314970744	0.3347241888	0.3372261094	0.3431665922	0.3718169275
SRR26417045	0.3716742081	0.3654714591	0.3469953689	0.3732206340	0.3643822761	0.3432081412	0.3820196761	0.3818463326	0.3846773502	0.3822334329	0.3365356655	0.3753189194	0.3791847735	0.3346581599	0.3709360582	0.3792234392	0.3712371867	0.2665638522	0.2918522672	0.0000000000	0.2763659891	0.2722115952	0.3370241985	0.3680592891	0.3657832003	0.3754210069	0.3715239941	0.3875792692	0.3733013526	0.3575746680	0.3659799904	0.3794014502	0.3182511935	0.3262171183	0.3225584564	0.3225528520	0.3193667363	0.3317435030	0.3264280385	0.3445977947	0.3467204679	0.3478728638	0.3364528127	0.3234154715	0.3290733543	0.3317411965	0.3460535391	0.3336888287	0.3817833782	0.3847305254	0.3829422031	0.3632235324	0.3682218388	0.3656196100	0.3649003740	0.3598118372	0.3730101927	0.3628355076	0.3893614835	0.3665066275	0.3810047382	0.3706469990	0.2763905223	0.2864261236	0.2731578487	0.2611383826	0.2778187355	0.2693915196	0.2707310384	0.3689735770	0.3627203744	0.3760777244	0.3793944539	0.3644157713	0.3346921749	0.3405773384	0.3370541763	0.3267443964	0.3197854053	0.3387720921	0.3126900101	0.3427840937	0.3168533527	0.3305966528	0.3280115547	0.3483246528	0.3221635676	0.3221257590	0.3272224102	0.3211292697	0.3308392819	0.3351630609	0.3740952662
SRR26417046	0.3607349830	0.3682870736	0.3661923932	0.3668933317	0.3641160248	0.3304629851	0.3697262658	0.3710587801	0.3719878449	0.3674075628	0.3224780258	0.3638479940	0.3672470718	0.3359740020	0.3624460208	0.3682017366	0.3697233383	0.2913422119	0.2900070161	0.2763659891	0.0000000000	0.2861194764	0.3293924999	0.3664990538	0.3683861172	0.3633849338	0.3721776887	0.3744981675	0.3661128353	0.3581424167	0.3677536055	0.3700211158	0.3223782031	0.3229239194	0.3287796790	0.3205465409	0.3174835536	0.3314176254	0.3273659961	0.3392214391	0.3242759280	0.3368747165	0.3388774757	0.3264752846	0.3268365200	0.3226395554	0.3345884533	0.3392276716	0.3692445229	0.3750651482	0.3665200340	0.3675915596	0.3652380489	0.3646326508	0.3666183060	0.3606506823	0.3744770445	0.3587287085	0.3756565435	0.3648361910	0.3691860628	0.3614000010	0.2705563077	0.2864705530	0.2767818575	0.2774355214	0.2787215712	0.2884179216	0.2736939082	0.3715963108	0.3638040560	0.3724588193	0.3726999419	0.3642670984	0.3420269327	0.3352409099	0.3296255944	0.3363101724	0.3333555593	0.3317625761	0.3220194985	0.3422472604	0.3396605101	0.3430096769	0.3326391050	0.3439057181	0.3290637767	0.3222106104	0.3212203671	0.3212325632	0.3280001570	0.3312802763	0.3642842892
SRR26417048	0.3809853778	0.3687093379	0.3570514880	0.3797377421	0.3711995278	0.3436551629	0.3851700825	0.3851538269	0.3867457600	0.3848834350	0.3356389197	0.3796603690	0.3819234232	0.3547062296	0.3820078660	0.3823443342	0.3742016955	0.2728714244	0.2990966295	0.2722115952	0.2861194764	0.0000000000	0.3469581453	0.3756226130	0.3715895980	0.3804538545	0.3714786435	0.3876403407	0.3850314231	0.3622396661	0.3685643830	0.3823298300	0.3283808938	0.3263881020	0.3316561628	0.3334033892	0.3344628027	0.3360877678	0.3360490408	0.3446083545	0.3423410215	0.3492515024	0.3542068900	0.3328423457	0.3374045934	0.3441141094	0.3488845072	0.3316821733	0.3835954897	0.3918581287	0.3857257051	0.3739128700	0.3689270348	0.3692026311	0.3691398297	0.3697315218	0.3759381489	0.3646415053	0.3861295137	0.3687064831	0.3832523925	0.3816823135	0.2789823639	0.2852919210	0.2834279673	0.2769139484	0.2758339900	0.2725800871	0.2858379247	0.3760172067	0.3729002897	0.3849734383	0.3883354662	0.3714338090	0.3426023262	0.3397692319	0.3475715744	0.3295588871	0.3250049181	0.3473956115	0.3302485669	0.3490929987	0.3279062036	0.3329878242	0.3416386898	0.3607272877	0.3328952906	0.3287529286	0.3397935671	0.3377902441	0.3368828233	0.3437492512	0.3839900239
SRR26417053	0.3426169787	0.3585858168	0.3680248724	0.3469559033	0.3601519007	0.3145519822	0.3502818164	0.3489778047	0.3472144081	0.3475314336	0.3181922831	0.3463355342	0.3495964662	0.3229108529	0.3427488825	0.3468961262	0.3635419567	0.3422451955	0.3383589463	0.3370241985	0.3293924999	0.3469581453	0.0000000000	0.3597279653	0.3538988350	0.3398430131	0.3601621840	0.3513819688	0.3425162758	0.3536415365	0.3583222983	0.3475942009	0.3247809190	0.3389824609	0.3418767238	0.3355783645	0.3363844036	0.3423293102	0.3384767228	0.3334011686	0.3211305014	0.3245928179	0.3433995440	0.3286890007	0.3321461337	0.3214691528	0.3268981510	0.3502446973	0.3488540999	0.3501290288	0.3452250524	0.3589014863	0.3594287838	0.3529878384	0.3584731835	0.3567575641	0.3620561641	0.3488949258	0.3520426643	0.3575660814	0.3486672509	0.3432485417	0.3341999926	0.3287705254	0.3297945437	0.3378777526	0.3291625054	0.3397711657	0.3244542457	0.3568729508	0.3554609625	0.3482856795	0.3520062256	0.3560335798	0.3433459125	0.3372795666	0.3341019422	0.3504790231	0.3411239864	0.3404109799	0.3427129815	0.3368324216	0.3398725819	0.3562076380	0.3371744599	0.3221715147	0.3310062386	0.3298973847	0.3029314344	0.3269485587	0.3372103465	0.3354350264	0.3473196371
SRR26417094	0.3470877958	0.3505351682	0.3495181641	0.3497903676	0.3435731687	0.3623961490	0.3488649358	0.3483085311	0.3479858218	0.3505717733	0.3580270939	0.3521341970	0.3417124099	0.3589976655	0.3420427396	0.3385159809	0.3458144339	0.3707807038	0.3712090218	0.3680592891	0.3664990538	0.3756226130	0.3597279653	0.0000000000	0.3440933815	0.3379866556	0.3496110000	0.3476212155	0.3549354320	0.3452712427	0.3480318329	0.3518575449	0.3634248994	0.3664559982	0.3559991975	0.3606721551	0.3570129523	0.3603784293	0.3612635212	0.3639717114	0.3643598991	0.3583380768	0.3475499159	0.3515014083	0.3577258609	0.3620730912	0.3579239991	0.3590199346	0.3494877047	0.3480658443	0.3488107530	0.3371744488	0.3447743730	0.3465976526	0.3464062998	0.3413015369	0.3486225384	0.3488815541	0.3494652842	0.3477354979	0.3433186119	0.3422280133	0.3680553191	0.3707908474	0.3693917107	0.3687519364	0.3672172934	0.3688273836	0.3644192339	0.3450433442	0.3401063245	0.3477200932	0.3426564446	0.3460548525	0.3609284355	0.3535626009	0.3551987994	0.3618951981	0.3605710815	0.3512745577	0.3555862785	0.3519416224	0.3594194366	0.3584859272	0.3579819099	0.3575084444	0.3548924754	0.3662162900	0.3582916066	0.3577557390	0.3540669434	0.3563737620	0.3434073227
SRR26417095	0.3454004501	0.3440305211	0.3437258185	0.3473646029	0.3398696790	0.3563771071	0.3450089003	0.3468539398	0.3412514124	0.3419552971	0.3574364980	0.3438264959	0.3449705631	0.3573338382	0.3390438440	0.3393970331	0.3407022767	0.3682581970	0.3691046605	0.3657832003	0.3683861172	0.3715895980	0.3538988350	0.3440933815	0.0000000000	0.3383661519	0.3428377047	0.3392774212	0.3499862470	0.3442044745	0.3430191542	0.3478217559	0.3563199722	0.3681977327	0.3544316933	0.3564857988	0.3544114397	0.3621481363	0.3569568254	0.3608463266	0.3620630251	0.3541194075	0.3448419535	0.3531885483	0.3503118276	0.3598351177	0.3565515117	0.3574073071	0.3505797661	0.3449054816	0.3481847681	0.3397292228	0.3452034678	0.3395434800	0.3395776867	0.3418058802	0.3445277780	0.3473552696	0.3454901779	0.3410306946	0.3458147972	0.3418897736	0.3637995195	0.3680214663	0.3662586518	0.3680306319	0.3652281358	0.3658404446	0.3624994711	0.3346458229	0.3330982263	0.3459317649	0.3391906756	0.3364195513	0.3529308270	0.3545595755	0.3528893700	0.3574191013	0.3615889970	0.3538379468	0.3534884685	0.3580424048	0.3585650932	0.3520273565	0.3545261282	0.3570995304	0.3534384639	0.3551587156	0.3543266823	0.3564228829	0.3545664466	0.3564962674	0.3450950793
SRR26417096	0.3295803296	0.3460879774	0.3530046875	0.3322135062	0.3380022740	0.3453701124	0.3327519509	0.3340049379	0.3315350247	0.3306731290	0.3457431654	0.3359186168	0.3293628640	0.3450956034	0.3264144499	0.3274964695	0.3441656367	0.3794746435	0.3646944467	0.3754210069	0.3633849338	0.3804538545	0.3398430131	0.3379866556	0.3383661519	0.0000000000	0.3437585283	0.3326200006	0.3378782947	0.3443526076	0.3415325693	0.3363490730	0.3593198160	0.3674196090	0.3513258747	0.3575121058	0.3561693724	0.3599794595	0.3568786111	0.3579102770	0.3448798173	0.3410727862	0.3422284139	0.3534267738	0.3537347400	0.3442992714	0.3384921285	0.3713389184	0.3324525094	0.3303245698	0.3345253290	0.3403283274	0.3454160374	0.3431765127	0.3456523405	0.3406157791	0.3440261219	0.3471957356	0.3340129768	0.3436470708	0.3278703451	0.3264245724	0.3605823559	0.3670654898	0.3629908527	0.3789968957	0.3631607424	0.3769808389	0.3616272295	0.3432701645	0.3401641423	0.3289440176	0.3273062601	0.3416099163	0.3614674793	0.3481937568	0.3528461632	0.3700146567	0.3746157402	0.3497724398	0.3668947577	0.3599902249	0.3698561022	0.3715736500	0.3519639130	0.3420489860	0.3525419980	0.3623034203	0.3401027022	0.3566526687	0.3556978050	0.3563645788	0.3283587021
SRR26417100	0.3484350642	0.3483697608	0.3469152811	0.3481674594	0.3453242670	0.3647864324	0.3433279185	0.3466431791	0.3452091552	0.3472242160	0.3579968303	0.3467037272	0.3464174450	0.3649489333	0.3462075534	0.3501256652	0.3452671445	0.3704750582	0.3706823318	0.3715239941	0.3721776887	0.3714786435	0.3601621840	0.3496110000	0.3428377047	0.3437585283	0.0000000000	0.3495935322	0.3550097973	0.3438578191	0.3445334902	0.3488016223	0.3629832555	0.3655783061	0.3589423209	0.3641629113	0.3630857442	0.3638742085	0.3611674569	0.3623883404	0.3618674098	0.3551822918	0.3529036191	0.3584994380	0.3598292064	0.3615226665	0.3593629872	0.3612558082	0.3491095875	0.3476551741	0.3484584633	0.3452880681	0.3452336700	0.3482581791	0.3421785460	0.3408328615	0.3529926960	0.3532024563	0.3514455258	0.3497166342	0.3472122066	0.3426558322	0.3666151838	0.3679773686	0.3695294905	0.3721571841	0.3687544152	0.3691211245	0.3656850535	0.3459390145	0.3414423842	0.3492290459	0.3467023439	0.3387106852	0.3623178256	0.3538183832	0.3589169518	0.3633291460	0.3633680611	0.3548077193	0.3603227188	0.3623773553	0.3635846882	0.3607121410	0.3544428118	0.3609436545	0.3576208655	0.3638541335	0.3603958705	0.3628130598	0.3542220247	0.3617665051	0.3426996400
SRR26417101	0.3389487278	0.3492479144	0.3580261639	0.3394909468	0.3473290263	0.3556609339	0.3323852195	0.3324733447	0.3309151103	0.3350401345	0.3515544137	0.3367697714	0.3307361377	0.3543776676	0.3254671755	0.3300124667	0.3428323969	0.3852213238	0.3736583680	0.3875792692	0.3744981675	0.3876403407	0.3513819688	0.3476212155	0.3392774212	0.3326200006	0.3495935322	0.0000000000	0.3394174179	0.3482552442	0.3498431256	0.3312139691	0.3657296465	0.3677285876	0.3612019900	0.3669919186	0.3639586053	0.3645521979	0.3647351587	0.3634147318	0.3521114518	0.3475061401	0.3587577956	0.3638391829	0.3648167823	0.3549847996	0.3468484124	0.3779315996	0.3359473335	0.3335151597	0.3360844711	0.3403201906	0.3498823327	0.3458625906	0.3396428972	0.3403976084	0.3454479748	0.3540066701	0.3370199240	0.3458353658	0.3337091303	0.3301172480	0.3721963052	0.3736973076	0.3753986652	0.3873876406	0.3717766049	0.3850836486	0.3734694279	0.3464627345	0.3396733096	0.3292276714	0.3254806992	0.3408397268	0.3675231304	0.3586233853	0.3598514083	0.3773320332	0.3777819374	0.3642567307	0.3730448453	0.3605786273	0.3738493142	0.3794737997	0.3671326243	0.3476161470	0.3645469413	0.3672283935	0.3523759096	0.3651422120	0.3615042663	0.3634511474	0.3331966531
SRR26417139	0.3390065506	0.3502475281	0.3591542140	0.3326187488	0.3456566738	0.3475276433	0.3378792016	0.3390460640	0.3384644461	0.3419498522	0.3464743796	0.3380660949	0.3384609739	0.3437001369	0.3349176620	0.3363802314	0.3486640383	0.3810543857	0.3690513711	0.3733013526	0.3661128353	0.3850314231	0.3425162758	0.3549354320	0.3499862470	0.3378782947	0.3550097973	0.3394174179	0.0000000000	0.3517830090	0.3515012927	0.3255606572	0.3644062783	0.3645439848	0.3587405004	0.3615403497	0.3633686498	0.3656287409	0.3608107555	0.3597080291	0.3452949748	0.3422759038	0.3505826253	0.3530498483	0.3580209289	0.3431742787	0.3425452742	0.3683912951	0.3400878984	0.3418032589	0.3320533021	0.3489073551	0.3480850924	0.3501223486	0.3472889884	0.3500110140	0.3558217030	0.3522351198	0.3373973341	0.3534969641	0.3413088661	0.3345751748	0.3645213677	0.3682759619	0.3679572022	0.3810533864	0.3667903241	0.3798061926	0.3675752267	0.3531528352	0.3507393468	0.3375996373	0.3417617922	0.3515369706	0.3557136989	0.3591630200	0.3523519846	0.3758529215	0.3710227506	0.3584101092	0.3677340097	0.3607298403	0.3689667288	0.3751545906	0.3552294091	0.3435628323	0.3578225144	0.3628889531	0.3460519376	0.3598169670	0.3603321896	0.3599109164	0.3390954648
SRR26417142	0.3455192003	0.3474115043	0.3469319602	0.3413029247	0.3454002455	0.3544312328	0.3485573219	0.3444286702	0.3499072278	0.3478327616	0.3539462394	0.3516535356	0.3487982775	0.3590488696	0.3413840330	0.3438598981	0.3440746240	0.3614227244	0.3620689104	0.3575746680	0.3581424167	0.3622396661	0.3536415365	0.3452712427	0.3442044745	0.3443526076	0.3438578191	0.3482552442	0.3517830090	0.0000000000	0.3449306811	0.3468404875	0.3556605289	0.3649820489	0.3510460016	0.3592045943	0.3541901379	0.3522342275	0.3507880412	0.3599624286	0.3610319635	0.3487308087	0.3435436629	0.3515687915	0.3542115874	0.3536166056	0.3518077813	0.3596758060	0.3527564032	0.3424887895	0.3505583290	0.3458355621	0.3469540959	0.3441709224	0.3452660940	0.3397475018	0.3486380890	0.3483840942	0.3542348599	0.3444030684	0.3442330191	0.3395232289	0.3588693368	0.3624420577	0.3621929441	0.3635758475	0.3613162278	0.3645902731	0.3599789598	0.3477644912	0.3446667663	0.3472450413	0.3499086176	0.3404686415	0.3550328102	0.3484719247	0.3499545381	0.3558435375	0.3549801407	0.3555037772	0.3562400277	0.3560838763	0.3560457636	0.3570028615	0.3560094880	0.3515651692	0.3498443536	0.3581511861	0.3547397258	0.3534006621	0.3521010645	0.3569372862	0.3454004631
SRR26417143	0.3464646314	0.3510648921	0.3472308682	0.3452324460	0.3442905322	0.3601144523	0.3472742064	0.3464123506	0.3438113532	0.3490136676	0.3564275670	0.3522044675	0.3459088995	0.3587223290	0.3437750221	0.3461547158	0.3456442637	0.3664837731	0.3662049093	0.3659799904	0.3677536055	0.3685643830	0.3583222983	0.3480318329	0.3430191542	0.3415325693	0.3445334902	0.3498431256	0.3515012927	0.3449306811	0.0000000000	0.3515789085	0.3593055255	0.3631895845	0.3535751435	0.3589810525	0.3545825956	0.3605017424	0.3557589717	0.3600667045	0.3584187136	0.3524529051	0.3501829254	0.3557683413	0.3522470666	0.3618765222	0.3549708670	0.3558397418	0.3534170960	0.3491066456	0.3491968356	0.3461137357	0.3448975858	0.3437369682	0.3426053463	0.3435964343	0.3468619356	0.3451567545	0.3472933015	0.3431411391	0.3428286016	0.3440086835	0.3623661758	0.3647133613	0.3633562015	0.3720145738	0.3661543731	0.3628109616	0.3619952037	0.3502345080	0.3431388660	0.3444013193	0.3468736812	0.3441592114	0.3561437270	0.3538890223	0.3557526104	0.3550305026	0.3601142193	0.3541642037	0.3557064152	0.3583563765	0.3581576729	0.3614868143	0.3558439282	0.3553694753	0.3521459213	0.3589742759	0.3585917619	0.3557257911	0.3505904753	0.3571239532	0.3471247831
SRR26417151	0.3370527727	0.3463203685	0.3584362325	0.3339049980	0.3449362741	0.3524216153	0.3389302099	0.3379645550	0.3358888253	0.3394179603	0.3458758790	0.3383779706	0.3334784169	0.3467214961	0.3297907009	0.3332594351	0.3490562137	0.3816429458	0.3679033416	0.3794014502	0.3700211158	0.3823298300	0.3475942009	0.3518575449	0.3478217559	0.3363490730	0.3488016223	0.3312139691	0.3255606572	0.3468404875	0.3515789085	0.0000000000	0.3634020568	0.3664697495	0.3574065946	0.3589291099	0.3630167232	0.3622952944	0.3555210841	0.3619421613	0.3549130018	0.3430495137	0.3501103754	0.3557251671	0.3602320045	0.3519491823	0.3458617767	0.3720293455	0.3339476764	0.3321664906	0.3368110481	0.3453576105	0.3450737249	0.3422670922	0.3477945296	0.3410180680	0.3559441398	0.3524218312	0.3430950171	0.3504326098	0.3356985760	0.3286716229	0.3616026215	0.3713843266	0.3645458964	0.3827307655	0.3663426418	0.3784572700	0.3653166163	0.3513716725	0.3517727463	0.3406114933	0.3347966872	0.3454525482	0.3584760164	0.3558038111	0.3572213835	0.3722896975	0.3780329316	0.3593174745	0.3703448990	0.3620453541	0.3740949218	0.3757772843	0.3620632431	0.3433638985	0.3551999495	0.3657563462	0.3472244583	0.3566413281	0.3586645600	0.3622545021	0.3359372314
